  0.00230664           0           0
  0.00691993           0           0           0
  0.00691993           0           0
   0.0115332           0           0           0
   0.0115332           0           0
   0.0161465           0           0           0
   0.0161465           0           0
   0.0207598           0           0           0
   0.0207598           0           0
   0.0253731           0           0           0
   0.0253731           0           0
   0.0299864           0           0           0
   0.0299864           0           0
   0.0345996           0           0           0
   0.0345996           0           0
   0.0392129           0           0           0
   0.0392129           0           0
   0.0438262           0           0           0
   0.0438262           0           0
   0.0484395           0           0           0
   0.0484395           0           0
   0.0530528           0           0           0
   0.0530528           0           0
   0.0576661           0           0           0
   0.0576661           0           0
   0.0622794           0           0           0
   0.0622794           0           0
   0.0668926           0           0           0
   0.0668926           0           0
   0.0715059           0           0           0
   0.0715059           0           0
   0.0761192           0           0           0
   0.0761192           0           0
   0.0807325           0           0           0
   0.0807325           0           0
   0.0853458           0           0           0
   0.0853458           0           0
   0.0899591           0           0           0
   0.0899591           0           0
   0.0945724           0           0           0
   0.0945724           0           0
   0.0991856           0           0           0
   0.0991856           0           0
    0.103799           0           0           0
    0.103799           0           0
    0.108412           0           0           0
    0.108412           0           0
    0.113026           0           0           0
    0.113026           0           0
    0.117639           0           0           0
    0.117639           0           0
    0.122252           0           0           0
    0.122252           0           0
    0.126865           0           0           0
    0.126865           0           0
    0.131479           0           0           0
    0.131479           0           0
    0.136092           0           0           0
    0.136092           0           0
    0.140705           0           0           0
    0.140705           0           0
    0.145319           0           0           0
    0.145319           0           0
    0.149932           0           0           0
    0.149932           0           0
    0.154545           0           0           0
    0.154545           0           0
    0.159158           0           0           0
    0.159158           0           0
    0.163772           0           0           0
    0.163772           0           0
    0.168385           0           0           0
    0.168385           0           0
    0.172998           0           0           0
    0.172998           0           0
    0.177612           0           0           0
    0.177612           0           0
    0.182225           0           0           0
    0.182225           0           0
    0.186838           0           0           0
    0.186838           0           0
    0.191451           0           0           0
    0.191451           0           0
    0.196065           0           0           0
    0.196065           0           0
    0.200678           0           0           0
    0.200678           0           0
    0.205291           0           0           0
    0.205291           0           0
    0.209905           0           0           0
    0.209905           0           0
    0.214518           0           0           0
    0.214518           0           0
    0.219131           0           0           0
    0.219131           0           0
    0.223744           0           0           0
    0.223744           0           0
    0.228358           0           0           0
    0.228358           0           0
    0.232971           0           0           0
    0.232971           0           0
    0.237584           0           0           0
    0.237584           0           0
    0.242198           0           0           0
    0.242198           0           0
    0.246811           0           0           0
    0.246811           0           0
    0.251424           0           0           0
    0.251424           0           0
    0.256037           0           0           0
    0.256037           0           0
    0.260651           0           0           0
    0.260651           0           0
    0.265264           0           0           0
    0.265264           0           0
    0.269877           0           0           0
    0.269877           0           0
    0.274491           0           0           0
    0.274491           0           0
    0.279104           0           0           0
    0.279104           0           0
    0.283717           0           0           0
    0.283717           0           0
     0.28833           0           0           0
     0.28833           0           0
    0.292944           0           0           0
    0.292944           0           0
    0.297557           0           0           0
    0.297557           0           0
     0.30217           0           0           0
     0.30217           0           0
    0.306784           0           0           0
    0.306784           0           0
    0.311397           0           0           0
    0.311397           0           0
     0.31601           0           0           0
     0.31601           0           0
    0.320623           0           0           0
    0.320623           0           0
    0.325237           0           0           0
    0.325237           0           0
     0.32985           0           0           0
     0.32985           0           0
    0.334463           0           0           0
    0.334463           0           0
    0.339077           0           0           0
    0.339077           0           0
     0.34369           0           0           0
     0.34369           0           0
    0.348303           0           0           0
    0.348303           0           0
    0.352916           0           0           0
    0.352916           0           0
     0.35753           0           0           0
     0.35753           0           0
    0.362143           0           0           0
    0.362143           0           0
    0.366756           0           0           0
    0.366756           0           0
     0.37137           0           0           0
     0.37137           0           0
    0.375983           0           0           0
    0.375983           0           0
    0.380596           0           0           0
    0.380596           0           0
    0.385209           0           0           0
    0.385209           0           0
    0.389823           0           0           0
    0.389823           0           0
    0.394436           0           0           0
    0.394436           0           0
    0.399049           0           0           0
    0.399049           0           0
    0.403663           0           0           0
    0.403663           0           0
    0.408276           0           0           0
    0.408276           0           0
    0.412889           0           0           0
    0.412889           0           0
    0.417502           0           0           0
    0.417502           0           0
    0.422116           0           0           0
    0.422116           0           0
    0.426729           0           0           0
    0.426729           0           0
    0.431342           0           0           0
    0.431342           0           0
    0.435956           0           0           0
    0.435956           0           0
    0.440569           0           0           0
    0.440569           0           0
    0.445182           0           0           0
    0.445182           0           0
    0.449795           0           0           0
    0.449795           0           0
    0.454409           0           0           0
    0.454409           0           0
    0.459022           0           0           0
    0.459022           0           0
    0.463635           0           0           0
    0.463635           0           0
    0.468249           0           0           0
    0.468249           0           0
    0.472862           0           0           0
    0.472862           0           0
    0.477475           0           0           0
    0.477475           0           0
    0.482088           0           0           0
    0.482088           0           0
    0.486702           0           0           0
    0.486702           0           0
    0.491315           0           0           0
    0.491315           0           0
    0.495928           0           0           0
    0.495928           0           0
    0.500542           0           0           0
    0.500542           0           0
    0.505155           0           0           0
    0.505155           0           0
    0.509768           0           0           0
    0.509768           0           0
    0.514381           0           0           0
    0.514381           0           0
    0.518995           0           0           0
    0.518995           0           0
    0.523608           0           0           0
    0.523608           0           0
    0.528221           0           0           0
    0.528221           0           0
    0.532835           0           0           0
    0.532835           0           0
    0.537448           0           0           0
    0.537448           0           0
    0.542061           0           0           0
    0.542061           0           0
    0.546674           0           0           0
    0.546674           0           0
    0.551288           0           0           0
    0.551288           0           0
    0.555901           0           0           0
    0.555901           0           0
    0.560514           0           0           0
    0.560514           0           0
    0.565128           0           0           0
    0.565128           0           0
    0.569741           0           0           0
    0.569741           0           0
    0.574354           0           0           0
    0.574354           0           0
    0.578967           0           0           0
    0.578967           0           0
    0.583581           0           0           0
    0.583581           0           0
    0.588194           0           0           0
    0.588194           0           0
    0.592807           0           0           0
    0.592807           0           0
    0.597421           0           0           0
    0.597421           0           0
    0.602034           0           0           0
    0.602034           0           0
    0.606647           0           0           0
    0.606647           0           0
     0.61126           0           0           0
     0.61126           0           0
    0.615874           0           0           0
    0.615874           0           0
    0.620487           0           0           0
    0.620487           0           0
      0.6251           0           0           0
      0.6251           0           0
    0.629714           0           0           0
    0.629714           0           0
    0.634327           0           0           0
    0.634327           0           0
     0.63894           0           0           0
     0.63894           0           0
    0.643553           0           0           0
    0.643553           0           0
    0.648167           0           0           0
    0.648167           0           0
     0.65278           0           0           0
     0.65278           0           0
    0.657393           0           0           0
    0.657393           0           0
    0.662007           0           0           0
    0.662007           0           0
     0.66662           0           0           0
     0.66662           0           0
    0.671233           0           0           0
    0.671233           0           0
    0.675846           0           0           0
    0.675846           0           0
     0.68046           0           0           0
     0.68046           0           0
    0.685073           0           0           0
    0.685073           0           0
    0.689686           0           0           0
    0.689686           0           0
      0.6943           0           0           0
      0.6943           0           0
    0.698913           0           0           0
    0.698913           0           0
    0.703526           0           0           0
    0.703526           0           0
    0.708139           0           0           0
    0.708139           0           0
    0.712753           0           0           0
    0.712753           0           0
    0.717366           0           0           0
    0.717366           0           0
    0.721979           0           0           0
    0.721979           0           0
    0.726593           0           0           0
    0.726593           0           0
    0.731206           0           0           0
    0.731206           0           0
    0.735819           0           0           0
    0.735819           0           0
    0.740432           0           0           0
    0.740432           0           0
    0.745046           0           0           0
    0.745046           0           0
    0.749659           0           0           0
    0.749659           0           0
    0.754272           0           0           0
    0.754272           0           0
    0.758886           0           0           0
    0.758886           0           0
    0.763499           0           0           0
    0.763499           0           0
    0.768112           0           0           0
    0.768112           0           0
    0.772725           0           0           0
    0.772725           0           0
    0.777339           0           0           0
    0.777339           0           0
    0.781952           0           0           0
    0.781952           0           0
    0.786565           0           0           0
    0.786565           0           0
    0.791179           0           0           0
    0.791179           0           0
    0.795792           0           0           0
    0.795792           0           0
    0.800405           0           0           0
    0.800405           0           0
    0.805018           0           0           0
    0.805018           0           0
    0.809632           0           0           0
    0.809632           0           0
    0.814245           0           0           0
    0.814245           0           0
    0.818858           0           0           0
    0.818858           0           0
    0.823472           0           0           0
    0.823472           0           0
    0.828085           0           0           0
    0.828085           0           0
    0.832698           0           0           0
    0.832698           0           0
    0.837311           0           0           0
    0.837311           0           0
    0.841925           0           0           0
    0.841925           0           0
    0.846538           0           0           0
    0.846538           0           0
    0.851151           0           0           0
    0.851151           0           0
    0.855765           0           0           0
    0.855765           0           0
    0.860378           0           0           0
    0.860378           0           0
    0.864991           0           0           0
    0.864991           0           0
    0.869604           0           0           0
    0.869604           0           0
    0.874218           0           0           0
    0.874218           0           0
    0.878831           0           0           0
    0.878831           0           0
    0.883444           0           0           0
    0.883444           0           0
    0.888058           0           0           0
    0.888058           0           0
    0.892671           0           0           0
    0.892671           0           0
    0.897284           0 0.000194772 0.000101998
    0.897284 0.000194772 0.000101998
    0.901897           0 0.000681886 0.000176976
    0.901897 0.000681886 0.000176976
    0.906511           0  0.00120504 0.000235773
    0.906511  0.00120504 0.000235773
    0.911124           0  0.00157416 0.000224536
    0.911124  0.00157416 0.000224536
    0.915737           0  0.00359804 0.000416259
    0.915737  0.00359804 0.000416259
    0.920351  0.00822805  0.00754924 0.000737853
    0.920351  0.00754924 0.000737853
    0.924964  0.00610964   0.0137297 0.000995599
    0.924964   0.0137297 0.000995599
    0.929577   0.0124344   0.0233027  0.00118274
    0.929577   0.0233027  0.00118274
     0.93419   0.0216289   0.0368191  0.00156436
     0.93419   0.0368191  0.00156436
    0.938804   0.0583198   0.0596543   0.0018802
    0.938804   0.0596543   0.0018802
    0.943417    0.113544   0.0886916  0.00226127
    0.943417   0.0886916  0.00226127
     0.94803    0.144429    0.132704  0.00240991
     0.94803    0.132704  0.00240991
    0.952644    0.191032    0.189669  0.00338283
    0.952644    0.189669  0.00338283
    0.957257    0.267947    0.266242  0.00346684
    0.957257    0.266242  0.00346684
     0.96187    0.381832    0.364888  0.00408004
     0.96187    0.364888  0.00408004
    0.966483    0.457627    0.482489  0.00379702
    0.966483    0.482489  0.00379702
    0.971097    0.568151     0.61126  0.00577878
    0.971097     0.61126  0.00577878
     0.97571    0.805753    0.778074  0.00628925
     0.97571    0.778074  0.00628925
    0.980323    0.977224    0.965372  0.00554832
    0.980323    0.965372  0.00554832
    0.984937     1.15638     1.17207  0.00582147
    0.984937     1.17207  0.00582147
     0.98955      1.4539     1.41461  0.00729381
     0.98955     1.41461  0.00729381
    0.994163     1.70414     1.66917  0.00861457
    0.994163     1.66917  0.00861457
    0.998776     2.01506     1.94564  0.00999349
    0.998776     1.94564  0.00999349
     1.00339     2.31212      2.2263    0.011016
     1.00339      2.2263    0.011016
       1.008     2.51222     2.52892   0.0110328
       1.008     2.52892   0.0110328
     1.01262     2.76225     2.80988   0.0121021
     1.01262     2.80988   0.0121021
     1.01723     3.13268     3.09236  0.00981057
     1.01723     3.09236  0.00981057
     1.02184     3.32667     3.37785   0.0124341
     1.02184     3.37785   0.0124341
     1.02646     3.63034     3.63123   0.0114039
     1.02646     3.63123   0.0114039
     1.03107     3.93528     3.84855   0.0110105
     1.03107     3.84855   0.0110105
     1.03568     4.20907     4.11738   0.0126912
     1.03568     4.11738   0.0126912
      1.0403     4.41265     4.33592   0.0149363
      1.0403     4.33592   0.0149363
     1.04491     4.42856     4.51041   0.0148198
     1.04491     4.51041   0.0148198
     1.04952     4.63437     4.65157   0.0124846
     1.04952     4.65157   0.0124846
     1.05414     4.74077     4.78001   0.0126027
     1.05414     4.78001   0.0126027
     1.05875     4.88206     4.85882   0.0155357
     1.05875     4.85882   0.0155357
     1.06336     5.05218      4.9258    0.015709
     1.06336      4.9258    0.015709
     1.06798     4.93517     4.93591    0.013865
     1.06798     4.93591    0.013865
     1.07259     4.80913     4.92858   0.0136971
     1.07259     4.92858   0.0136971
      1.0772     4.89216     4.89999   0.0135803
      1.0772     4.89999   0.0135803
     1.08182     4.89035     4.86563   0.0125124
     1.08182     4.86563   0.0125124
     1.08643     4.61419     4.79184   0.0162858
     1.08643     4.79184   0.0162858
     1.09104     4.41327     4.62892   0.0147507
     1.09104     4.62892   0.0147507
     1.09566     4.34425     4.50091    0.011462
     1.09566     4.50091    0.011462
     1.10027     4.28979     4.36142   0.0110642
     1.10027     4.36142   0.0110642
     1.10488     4.13403     4.21474   0.0102718
     1.10488     4.21474   0.0102718
      1.1095     3.97009     4.04248   0.0142317
      1.1095     4.04248   0.0142317
     1.11411     3.80287     3.84973   0.0148225
     1.11411     3.84973   0.0148225
     1.11872      3.7935      3.6782   0.0136658
     1.11872      3.6782   0.0136658
     1.12334     3.63445     3.47817    0.012467
     1.12334     3.47817    0.012467
     1.12795     3.34868     3.26832   0.0119478
     1.12795     3.26832   0.0119478
     1.13256     3.05205     3.08718   0.0130026
     1.13256     3.08718   0.0130026
     1.13717     2.85981     2.90062   0.0112531
     1.13717     2.90062   0.0112531
     1.14179     2.68539     2.70202   0.0108779
     1.14179     2.70202   0.0108779
      1.1464      2.4433     2.50092  0.00896726
      1.1464     2.50092  0.00896726
     1.15101     2.27579     2.32627  0.00920872
     1.15101     2.32627  0.00920872
     1.15563     2.12045      2.1508   0.0087179
     1.15563      2.1508   0.0087179
     1.16024     2.04149      1.9805   0.0086396
     1.16024      1.9805   0.0086396
     1.16485       1.855     1.81745  0.00831221
     1.16485     1.81745  0.00831221
     1.16947     1.77213     1.66491  0.00788698
     1.16947     1.66491  0.00788698
     1.17408     1.59696     1.50679  0.00701142
     1.17408     1.50679  0.00701142
     1.17869     1.36313      1.3536   0.0061857
     1.17869      1.3536   0.0061857
     1.18331      1.2397     1.22839  0.00557305
     1.18331     1.22839  0.00557305
     1.18792     1.13749     1.11803  0.00622077
     1.18792     1.11803  0.00622077
     1.19253     1.03579     1.00833  0.00596186
     1.19253     1.00833  0.00596186
     1.19715    0.888823    0.902231   0.0058551
     1.19715    0.902231   0.0058551
     1.20176    0.791429    0.811608  0.00538039
     1.20176    0.811608  0.00538039
     1.20637    0.710959    0.719585  0.00459686
     1.20637    0.719585  0.00459686
     1.21099    0.663572    0.650898  0.00445089
     1.21099    0.650898  0.00445089
      1.2156    0.596444    0.581231  0.00450616
      1.2156    0.581231  0.00450616
     1.22021    0.504077    0.514409  0.00432012
     1.22021    0.514409  0.00432012
     1.22483    0.468832    0.451697  0.00398704
     1.22483    0.451697  0.00398704
     1.22944    0.409316    0.396171  0.00374091
     1.22944    0.396171  0.00374091
     1.23405    0.390721    0.349221  0.00402261
     1.23405    0.349221  0.00402261
     1.23867    0.323369    0.308367  0.00372668
     1.23867    0.308367  0.00372668
     1.24328    0.292981    0.271153  0.00370281
     1.24328    0.271153  0.00370281
     1.24789    0.238697    0.234516  0.00332687
     1.24789    0.234516  0.00332687
     1.25251    0.189739    0.202112   0.0027767
     1.25251    0.202112   0.0027767
     1.25712    0.156375    0.172476  0.00252547
     1.25712    0.172476  0.00252547
     1.26173    0.135077    0.147007  0.00231243
     1.26173    0.147007  0.00231243
     1.26635    0.127666    0.128099  0.00185641
     1.26635    0.128099  0.00185641
     1.27096    0.114337    0.111144  0.00232001
     1.27096    0.111144  0.00232001
     1.27557    0.106551   0.0973145  0.00198081
     1.27557   0.0973145  0.00198081
     1.28019   0.0796482   0.0835004  0.00166544
     1.28019   0.0835004  0.00166544
      1.2848    0.075119   0.0737169  0.00175784
      1.2848   0.0737169  0.00175784
     1.28941   0.0834904   0.0643644  0.00152251
     1.28941   0.0643644  0.00152251
     1.29403   0.0670279   0.0573787  0.00160219
     1.29403   0.0573787  0.00160219
     1.29864   0.0662943   0.0526773  0.00145492
     1.29864   0.0526773  0.00145492
     1.30325   0.0553107   0.0478955  0.00138687
     1.30325   0.0478955  0.00138687
     1.30787   0.0443105   0.0452578  0.00142026
     1.30787   0.0452578  0.00142026
     1.31248   0.0468654   0.0427959  0.00133565
     1.31248   0.0427959  0.00133565
     1.31709   0.0370795   0.0407406  0.00140052
     1.31709   0.0407406  0.00140052
     1.32171   0.0424731   0.0406827  0.00144921
     1.32171   0.0406827  0.00144921
     1.32632   0.0457274   0.0412751  0.00141676
     1.32632   0.0412751  0.00141676
     1.33093   0.0325418   0.0439633  0.00146077
     1.33093   0.0439633  0.00146077
     1.33555    0.033864   0.0462928  0.00149059
     1.33555   0.0462928  0.00149059
     1.34016   0.0367842   0.0494881  0.00151253
     1.34016   0.0494881  0.00151253
     1.34477   0.0545174   0.0541593  0.00167793
     1.34477   0.0541593  0.00167793
     1.34939   0.0574147   0.0611068  0.00174344
     1.34939   0.0611068  0.00174344
       1.354   0.0627265   0.0683101  0.00169786
       1.354   0.0683101  0.00169786
     1.35861   0.0820457   0.0742297  0.00170194
     1.35861   0.0742297  0.00170194
     1.36323   0.0917266   0.0830946    0.002281
     1.36323   0.0830946    0.002281
     1.36784   0.0882375   0.0922016  0.00231503
     1.36784   0.0922016  0.00231503
     1.37245    0.102985     0.10251   0.0021444
     1.37245     0.10251   0.0021444
     1.37707    0.114777    0.113593  0.00211587
     1.37707    0.113593  0.00211587
     1.38168    0.142534    0.131099  0.00246101
     1.38168    0.131099  0.00246101
     1.38629    0.172035    0.148387  0.00240011
     1.38629    0.148387  0.00240011
     1.39091    0.172997    0.164863  0.00259096
     1.39091    0.164863  0.00259096
     1.39552    0.181697    0.186003  0.00288691
     1.39552    0.186003  0.00288691
     1.40013    0.205536    0.204219  0.00255913
     1.40013    0.204219  0.00255913
     1.40475    0.242892    0.227509  0.00307944
     1.40475    0.227509  0.00307944
     1.40936     0.25015    0.249239  0.00385391
     1.40936    0.249239  0.00385391
     1.41397    0.251933    0.272357  0.00311989
     1.41397    0.272357  0.00311989
     1.41859    0.294022    0.297524  0.00336282
     1.41859    0.297524  0.00336282
      1.4232    0.329825    0.322767  0.00332339
      1.4232    0.322767  0.00332339
     1.42781    0.344934    0.356452  0.00309721
     1.42781    0.356452  0.00309721
     1.43243    0.404918    0.386769  0.00320202
     1.43243    0.386769  0.00320202
     1.43704    0.441908    0.419207   0.0027673
     1.43704    0.419207   0.0027673
     1.44165    0.481071    0.446994  0.00271257
     1.44165    0.446994  0.00271257
     1.44627     0.47759    0.490331  0.00388456
     1.44627    0.490331  0.00388456
     1.45088    0.503321    0.526616  0.00336572
     1.45088    0.526616  0.00336572
     1.45549    0.571006    0.560188  0.00410463
     1.45549    0.560188  0.00410463
      1.4601    0.614874    0.591109  0.00437343
      1.4601    0.591109  0.00437343
     1.46472    0.655337    0.628707  0.00395588
     1.46472    0.628707  0.00395588
     1.46933    0.686537    0.658461  0.00373444
     1.46933    0.658461  0.00373444
     1.47394     0.72228    0.695732   0.0046331
     1.47394    0.695732   0.0046331
     1.47856    0.766398    0.730925    0.004572
     1.47856    0.730925    0.004572
     1.48317    0.781307    0.762661  0.00485099
     1.48317    0.762661  0.00485099
     1.48778    0.784407    0.793244  0.00499771
     1.48778    0.793244  0.00499771
      1.4924    0.836347    0.822698  0.00456517
      1.4924    0.822698  0.00456517
     1.49701    0.844482    0.856644  0.00525514
     1.49701    0.856644  0.00525514
     1.50162    0.889528    0.882442  0.00505031
     1.50162    0.882442  0.00505031
     1.50624    0.936631    0.914068  0.00493478
     1.50624    0.914068  0.00493478
     1.51085    0.940461    0.929554  0.00609682
     1.51085    0.929554  0.00609682
     1.51546    0.925198    0.946633  0.00636991
     1.51546    0.946633  0.00636991
     1.52008    0.922418    0.954231  0.00555925
     1.52008    0.954231  0.00555925
     1.52469     0.93983    0.961638  0.00534087
     1.52469    0.961638  0.00534087
      1.5293    0.901016    0.964885  0.00625826
      1.5293    0.964885  0.00625826
     1.53392    0.925966    0.967704  0.00616588
     1.53392    0.967704  0.00616588
     1.53853    0.922261    0.971086  0.00633221
     1.53853    0.971086  0.00633221
     1.54314    0.921816    0.961197   0.0055172
     1.54314    0.961197   0.0055172
     1.54776    0.950272    0.949644  0.00614722
     1.54776    0.949644  0.00614722
     1.55237    0.928907    0.947167  0.00577471
     1.55237    0.947167  0.00577471
     1.55698    0.937845    0.927911  0.00570831
     1.55698    0.927911  0.00570831
      1.5616    0.887774    0.912277  0.00567374
      1.5616    0.912277  0.00567374
     1.56621    0.866748    0.891234  0.00523619
     1.56621    0.891234  0.00523619
     1.57082    0.839598    0.864309  0.00409638
     1.57082    0.864309  0.00409638
     1.57544    0.826673    0.837796  0.00522749
     1.57544    0.837796  0.00522749
     1.58005    0.772475    0.802882  0.00471079
     1.58005    0.802882  0.00471079
     1.58466      0.7304    0.771906  0.00410695
     1.58466    0.771906  0.00410695
     1.58928    0.702309    0.750433  0.00435599
     1.58928    0.750433  0.00435599
     1.59389    0.685161    0.720375  0.00415468
     1.59389    0.720375  0.00415468
      1.5985    0.679621    0.681994  0.00411045
      1.5985    0.681994  0.00411045
     1.60312      0.6708     0.64241  0.00402676
     1.60312     0.64241  0.00402676
     1.60773    0.657687    0.606292  0.00403925
     1.60773    0.606292  0.00403925
     1.61234    0.583387    0.567964  0.00348598
     1.61234    0.567964  0.00348598
     1.61696    0.549851    0.535684  0.00318924
     1.61696    0.535684  0.00318924
     1.62157    0.503104    0.501791  0.00360867
     1.62157    0.501791  0.00360867
     1.62618    0.452924    0.473132  0.00307871
     1.62618    0.473132  0.00307871
      1.6308    0.398226    0.433291   0.0029253
      1.6308    0.433291   0.0029253
     1.63541    0.378718    0.406548  0.00323078
     1.63541    0.406548  0.00323078
     1.64002    0.363851    0.374808  0.00326272
     1.64002    0.374808  0.00326272
     1.64464    0.298737    0.342209  0.00258115
     1.64464    0.342209  0.00258115
     1.64925    0.296801    0.315139  0.00259329
     1.64925    0.315139  0.00259329
     1.65386    0.276621     0.28964  0.00262214
     1.65386     0.28964  0.00262214
     1.65848    0.272603    0.264808  0.00303568
     1.65848    0.264808  0.00303568
     1.66309    0.264426    0.244743  0.00282538
     1.66309    0.244743  0.00282538
      1.6677     0.25315    0.231101  0.00294741
      1.6677    0.231101  0.00294741
     1.67232    0.231247    0.217907  0.00267458
     1.67232    0.217907  0.00267458
     1.67693    0.236121    0.203893  0.00265152
     1.67693    0.203893  0.00265152
     1.68154    0.216957    0.196786  0.00267588
     1.68154    0.196786  0.00267588
     1.68616    0.196722    0.189713  0.00258306
     1.68616    0.189713  0.00258306
     1.69077    0.191739    0.186941  0.00241909
     1.69077    0.186941  0.00241909
     1.69538    0.204236    0.186928   0.0020892
     1.69538    0.186928   0.0020892
         1.7    0.198808    0.189859  0.00205789
         1.7    0.189859  0.00205789
     1.70461    0.201131    0.197785  0.00258335
     1.70461    0.197785  0.00258335
     1.70922    0.225146    0.211692  0.00296106
     1.70922    0.211692  0.00296106
     1.71384    0.244401    0.227235  0.00277064
     1.71384    0.227235  0.00277064
     1.71845    0.264823    0.247763  0.00292282
     1.71845    0.247763  0.00292282
     1.72306    0.275389    0.271585  0.00293676
     1.72306    0.271585  0.00293676
     1.72768    0.310988    0.304466  0.00277159
     1.72768    0.304466  0.00277159
     1.73229    0.374026    0.339243  0.00313708
     1.73229    0.339243  0.00313708
      1.7369    0.418198    0.379097  0.00379254
      1.7369    0.379097  0.00379254
     1.74152    0.485309    0.426584  0.00331363
     1.74152    0.426584  0.00331363
     1.74613    0.520845    0.479184  0.00360482
     1.74613    0.479184  0.00360482
     1.75074    0.543448     0.54031  0.00398714
     1.75074     0.54031  0.00398714
     1.75536    0.597473    0.602935   0.0036047
     1.75536    0.602935   0.0036047
     1.75997    0.676003    0.674705   0.0036182
     1.75997    0.674705   0.0036182
     1.76458    0.752912     0.75034  0.00439596
     1.76458     0.75034  0.00439596
      1.7692    0.842047    0.823688  0.00385329
      1.7692    0.823688  0.00385329
     1.77381    0.923322    0.910843  0.00523865
     1.77381    0.910843  0.00523865
     1.77842     1.01674    0.997365   0.0045951
     1.77842    0.997365   0.0045951
     1.78303     1.16466     1.09713  0.00457414
     1.78303     1.09713  0.00457414
     1.78765     1.28502     1.19782  0.00463223
     1.78765     1.19782  0.00463223
     1.79226     1.39083     1.30118  0.00512224
     1.79226     1.30118  0.00512224
     1.79687     1.44036     1.40083  0.00509543
     1.79687     1.40083  0.00509543
     1.80149     1.55079     1.51583  0.00486684
     1.80149     1.51583  0.00486684
      1.8061     1.61962     1.62279  0.00524059
      1.8061     1.62279  0.00524059
     1.81071     1.68644     1.72649  0.00378078
     1.81071     1.72649  0.00378078
     1.81533     1.85496     1.84244  0.00441118
     1.81533     1.84244  0.00441118
     1.81994      1.9617     1.94845  0.00545489
     1.81994     1.94845  0.00545489
     1.82455     2.03619     2.05143  0.00542505
     1.82455     2.05143  0.00542505
     1.82917     2.07588      2.1494  0.00567274
     1.82917      2.1494  0.00567274
     1.83378     2.15081     2.24478  0.00545325
     1.83378     2.24478  0.00545325
     1.83839     2.24456     2.32786  0.00487066
     1.83839     2.32786  0.00487066
     1.84301     2.36991     2.41389  0.00604131
     1.84301     2.41389  0.00604131
     1.84762       2.421     2.48821   0.0068415
     1.84762     2.48821   0.0068415
     1.85223     2.51019     2.55257   0.0062959
     1.85223     2.55257   0.0062959
     1.85685     2.59699     2.59949  0.00697275
     1.85685     2.59949  0.00697275
     1.86146     2.61267     2.64031  0.00737043
     1.86146     2.64031  0.00737043
     1.86607     2.58201     2.68082  0.00770711
     1.86607     2.68082  0.00770711
     1.87069     2.60929     2.70369  0.00832057
     1.87069     2.70369  0.00832057
      1.8753     2.68556     2.71253   0.0079606
      1.8753     2.71253   0.0079606
     1.87991     2.71607     2.72598  0.00727768
     1.87991     2.72598  0.00727768
     1.88453     2.65471     2.71785  0.00782295
     1.88453     2.71785  0.00782295
     1.88914     2.67292     2.69039  0.00856102
     1.88914     2.69039  0.00856102
     1.89375     2.68344     2.65604  0.00827307
     1.89375     2.65604  0.00827307
     1.89837     2.58536     2.62427  0.00773971
     1.89837     2.62427  0.00773971
     1.90298      2.5133     2.56424  0.00845002
     1.90298     2.56424  0.00845002
     1.90759     2.49545     2.50179  0.00878534
     1.90759     2.50179  0.00878534
     1.91221     2.45352      2.4363  0.00778548
     1.91221      2.4363  0.00778548
     1.91682     2.43568     2.36187  0.00779928
     1.91682     2.36187  0.00779928
     1.92143     2.29705       2.278   0.0076978
     1.92143       2.278   0.0076978
     1.92605     2.18543      2.1861  0.00823637
     1.92605      2.1861  0.00823637
     1.93066     2.11236     2.09071  0.00716622
     1.93066     2.09071  0.00716622
     1.93527     2.06512     1.98899  0.00618062
     1.93527     1.98899  0.00618062
     1.93989     1.91968     1.89469  0.00545823
     1.93989     1.89469  0.00545823
      1.9445     1.83244     1.79476  0.00542617
      1.9445     1.79476  0.00542617
     1.94911     1.71168     1.68449  0.00523113
     1.94911     1.68449  0.00523113
     1.95373     1.55567     1.58332  0.00514425
     1.95373     1.58332  0.00514425
     1.95834     1.48243     1.49001  0.00487119
     1.95834     1.49001  0.00487119
     1.96295     1.42366     1.39151  0.00506383
     1.96295     1.39151  0.00506383
     1.96757     1.33339     1.29513  0.00471784
     1.96757     1.29513  0.00471784
     1.97218     1.21628      1.2001  0.00441376
     1.97218      1.2001  0.00441376
     1.97679     1.11311     1.10869  0.00461761
     1.97679     1.10869  0.00461761
     1.98141     1.03929     1.02509  0.00449066
     1.98141     1.02509  0.00449066
     1.98602    0.977226    0.944303  0.00430654
     1.98602    0.944303  0.00430654
     1.99063    0.885201    0.870042  0.00445873
     1.99063    0.870042  0.00445873
     1.99525     0.79489    0.798094  0.00389597
     1.99525    0.798094  0.00389597
     1.99986    0.748642    0.733827  0.00392581
     1.99986    0.733827  0.00392581
     2.00447    0.659878    0.674294  0.00341342
     2.00447    0.674294  0.00341342
     2.00909    0.615411    0.623941  0.00356576
     2.00909    0.623941  0.00356576
      2.0137    0.570413     0.58019  0.00331332
      2.0137     0.58019  0.00331332
     2.01831    0.542608    0.539385  0.00361822
     2.01831    0.539385  0.00361822
     2.02293     0.50909    0.502696  0.00335644
     2.02293    0.502696  0.00335644
     2.02754    0.484277    0.475968  0.00393311
     2.02754    0.475968  0.00393311
     2.03215    0.452652    0.457069  0.00421445
     2.03215    0.457069  0.00421445
     2.03677    0.421343    0.440985  0.00349884
     2.03677    0.440985  0.00349884
     2.04138    0.433552    0.426756  0.00300518
     2.04138    0.426756  0.00300518
     2.04599    0.431356    0.430059  0.00295109
     2.04599    0.430059  0.00295109
     2.05061    0.436565    0.428487  0.00264142
     2.05061    0.428487  0.00264142
     2.05522    0.436464    0.436994  0.00305739
     2.05522    0.436994  0.00305739
     2.05983    0.460622    0.446156  0.00285438
     2.05983    0.446156  0.00285438
     2.06445    0.461734    0.460217  0.00248113
     2.06445    0.460217  0.00248113
     2.06906    0.499123     0.47893  0.00287744
     2.06906     0.47893  0.00287744
     2.07367    0.530367    0.501817  0.00321437
     2.07367    0.501817  0.00321437
     2.07829    0.554101    0.525984  0.00308323
     2.07829    0.525984  0.00308323
      2.0829    0.584448    0.556901  0.00304767
      2.0829    0.556901  0.00304767
     2.08751    0.592697    0.588082  0.00321137
     2.08751    0.588082  0.00321137
     2.09213     0.62913    0.617254  0.00261825
     2.09213    0.617254  0.00261825
     2.09674     0.68588    0.655074   0.0026757
     2.09674    0.655074   0.0026757
     2.10135     0.71296    0.693639  0.00306616
     2.10135    0.693639  0.00306616
     2.10596     0.73148    0.727063  0.00364919
     2.10596    0.727063  0.00364919
     2.11058    0.712705    0.759733  0.00305244
     2.11058    0.759733  0.00305244
     2.11519    0.794303    0.795682  0.00319356
     2.11519    0.795682  0.00319356
      2.1198    0.814632     0.82959  0.00295211
      2.1198     0.82959  0.00295211
     2.12442    0.871035    0.864234  0.00300455
     2.12442    0.864234  0.00300455
     2.12903    0.884786       0.889  0.00333601
     2.12903       0.889  0.00333601
     2.13364    0.904662    0.914483  0.00316905
     2.13364    0.914483  0.00316905
     2.13826    0.956433    0.945454  0.00376071
     2.13826    0.945454  0.00376071
     2.14287    0.939292     0.96278  0.00378936
     2.14287     0.96278  0.00378936
     2.14748     1.00853    0.977923  0.00408802
     2.14748    0.977923  0.00408802
      2.1521    0.995053    0.986848  0.00378188
      2.1521    0.986848  0.00378188
     2.15671    0.983465     1.00296  0.00368017
     2.15671     1.00296  0.00368017
     2.16132    0.974235     1.01336  0.00416205
     2.16132     1.01336  0.00416205
     2.16594    0.985379     1.01571  0.00413233
     2.16594     1.01571  0.00413233
     2.17055     0.99266     1.02222  0.00371137
     2.17055     1.02222  0.00371137
     2.17516    0.988975     1.01445  0.00329432
     2.17516     1.01445  0.00329432
     2.17978    0.977184       1.012  0.00351141
     2.17978       1.012  0.00351141
     2.18439    0.953404    0.998899  0.00420507
     2.18439    0.998899  0.00420507
       2.189    0.953571    0.984561  0.00383241
       2.189    0.984561  0.00383241
     2.19362    0.929619    0.969047  0.00390618
     2.19362    0.969047  0.00390618
     2.19823    0.914303    0.946339  0.00384561
     2.19823    0.946339  0.00384561
     2.20284    0.925379    0.922518  0.00317871
     2.20284    0.922518  0.00317871
     2.20746    0.875806    0.902472  0.00399148
     2.20746    0.902472  0.00399148
     2.21207    0.864975    0.878527  0.00352858
     2.21207    0.878527  0.00352858
     2.21668    0.854642    0.850003  0.00361307
     2.21668    0.850003  0.00361307
      2.2213    0.815989    0.825325  0.00338512
      2.2213    0.825325  0.00338512
     2.22591    0.778352    0.793198  0.00294434
     2.22591    0.793198  0.00294434
     2.23052    0.761331     0.75919  0.00288185
     2.23052     0.75919  0.00288185
     2.23514    0.736481    0.732149  0.00306609
     2.23514    0.732149  0.00306609
     2.23975     0.72442    0.705269  0.00284957
     2.23975    0.705269  0.00284957
     2.24436    0.709885    0.678969  0.00284135
     2.24436    0.678969  0.00284135
     2.24898    0.677408    0.656896  0.00303121
     2.24898    0.656896  0.00303121
     2.25359    0.663801    0.637671  0.00289326
     2.25359    0.637671  0.00289326
      2.2582    0.617158     0.61867  0.00343215
      2.2582     0.61867  0.00343215
     2.26282    0.574603    0.599599  0.00302654
     2.26282    0.599599  0.00302654
     2.26743    0.576504     0.57815  0.00325751
     2.26743     0.57815  0.00325751
     2.27204    0.555123     0.57101  0.00353057
     2.27204     0.57101  0.00353057
     2.27666    0.558114    0.565618  0.00346985
     2.27666    0.565618  0.00346985
     2.28127    0.549944    0.557123  0.00317722
     2.28127    0.557123  0.00317722
     2.28588    0.571819    0.560925  0.00370099
     2.28588    0.560925  0.00370099
      2.2905    0.550947    0.567749  0.00390942
      2.2905    0.567749  0.00390942
     2.29511    0.551325    0.573259  0.00441138
     2.29511    0.573259  0.00441138
     2.29972    0.581402    0.581536  0.00447961
     2.29972    0.581536  0.00447961
     2.30434    0.581674    0.599758  0.00421437
     2.30434    0.599758  0.00421437
