           1    -7.85024    -7.85024           0
           2    -7.84959    -7.84991 0.000229905
           3    -7.84851    -7.84944 0.000412694
           4    -7.84699    -7.84883 0.000614698
           5    -7.84505    -7.84807 0.000836806
           6    -7.84267    -7.84717  0.00107798
           7    -7.83987    -7.84613  0.00133704
           8    -7.83663    -7.84494  0.00161288
           9    -7.83297    -7.84361  0.00190455
          10    -7.82857    -7.84211   0.0022306
          11    -7.82406    -7.84047  0.00256127
          12    -7.81783    -7.83858   0.0029621
          13    -7.81216    -7.83655     0.00336
          14     -7.8051     -7.8343  0.00379755
          15    -7.79729    -7.83183  0.00427128
          16    -7.78811     -7.8291   0.0047996
          17    -7.77852    -7.82613  0.00536088
          18    -7.76852    -7.82293  0.00594216
          19    -7.75908    -7.81957  0.00651064
          20    -7.74858    -7.81602  0.00708675
          21    -7.73671    -7.81224  0.00768993
          22    -7.72412    -7.80823  0.00831848
          23    -7.71273    -7.80408  0.00893317
          24    -7.70063    -7.79977  0.00954445
          25    -7.68812    -7.79531   0.0101539
          26    -7.67618    -7.79072   0.0107474
          27    -7.66255    -7.78598   0.0113494
          28     -7.6495     -7.7811   0.0119449
          29    -7.63573    -7.77609   0.0125408
          30    -7.62222    -7.77096   0.0131299
          31    -7.60799     -7.7657   0.0137185
          32    -7.59305    -7.76031   0.0143115
          33    -7.57806    -7.75479   0.0149054
          34    -7.56333    -7.74915   0.0154941
          35     -7.5492    -7.74344   0.0160702
          36    -7.53405    -7.73763   0.0166431
          37    -7.51853     -7.7317   0.0172145
          38    -7.50201    -7.72566   0.0177911
          39     -7.4848    -7.71948   0.0183756
          40    -7.46692    -7.71317     0.01897
          41    -7.44966    -7.70674   0.0195658
          42    -7.43175    -7.70019   0.0201657
          43    -7.41382    -7.69353   0.0207674
          44     -7.3959    -7.68677   0.0213687
          45    -7.37797    -7.67991   0.0219681
          46    -7.35909    -7.67293   0.0225704
          47    -7.33959    -7.66584   0.0231778
          48    -7.32044    -7.65865   0.0237858
          49    -7.30068    -7.65134   0.0243965
          50    -7.28096    -7.64393   0.0250078
          51    -7.26067    -7.63642   0.0256218
          52    -7.24011     -7.6288   0.0262381
          53    -7.21932    -7.62107   0.0268564
          54    -7.19894    -7.61325   0.0274733
          55    -7.17866    -7.60535   0.0280871
          56    -7.15753    -7.59735   0.0287014
          57    -7.13588    -7.58926   0.0293175
          58    -7.11438    -7.58107   0.0299334
          59    -7.09271    -7.57279   0.0305491
          60    -7.07056    -7.56442   0.0311657
          61    -7.04828    -7.55596   0.0317826
          62    -7.02684    -7.54743   0.0323955
          63     -7.0053    -7.53882   0.0330044
          64    -6.98335    -7.53014   0.0336106
          65    -6.96067    -7.52138   0.0342163
          66    -6.93795    -7.51254   0.0348211
          67     -6.9155    -7.50363   0.0354232
          68    -6.89272    -7.49465   0.0360235
          69    -6.87025     -7.4856   0.0366204
          70     -6.8478    -7.47649   0.0372135
          71    -6.82571    -7.46732   0.0378013
          72    -6.80336     -7.4581   0.0383846
          73     -6.7814    -7.44883   0.0389621
          74    -6.75888    -7.43951   0.0395354
          75     -6.7368    -7.43014   0.0401031
          76     -6.7155    -7.42073   0.0406629
          77    -6.69435     -7.4113   0.0412145
          78    -6.67338    -7.40184   0.0417578
          79    -6.65227    -7.39235   0.0422935
          80    -6.63201    -7.38285   0.0428194
          81    -6.61167    -7.37333   0.0433363
          82    -6.59157    -7.36379   0.0438439
          83    -6.57109    -7.35424   0.0443437
          84    -6.55154    -7.34469   0.0448336
          85     -6.5323    -7.33513   0.0453134
          86    -6.51305    -7.32557   0.0457837
          87    -6.49447    -7.31602   0.0462433
          88    -6.47624    -7.30647   0.0466921
          89    -6.45838    -7.29694   0.0471298
          90    -6.44059    -7.28743   0.0475569
          91    -6.42352    -7.27794   0.0479725
          92    -6.40686    -7.26847   0.0483764
          93    -6.39031    -7.25902   0.0487691
          94    -6.37421    -7.24961   0.0491503
          95    -6.35888    -7.24024   0.0495191
          96    -6.34337    -7.23089   0.0498768
          97    -6.32866    -7.22159   0.0502224
          98    -6.31443    -7.21233   0.0505558
          99    -6.30102    -7.20313   0.0508763
         100    -6.28811    -7.19398   0.0511837
         101    -6.27571    -7.18489   0.0514781
         102    -6.26447    -7.17586   0.0517583
         103    -6.25278     -7.1669   0.0520259
         104    -6.24226    -7.15801   0.0522798
         105    -6.23194    -7.14919   0.0525206
         106    -6.22182    -7.14044   0.0527487
         107    -6.21256    -7.13177   0.0529638
         108    -6.20382    -7.12318   0.0531657
         109    -6.19593    -7.11467   0.0533542
         110    -6.18793    -7.10625   0.0535302
         111    -6.18077    -7.09791   0.0536934
         112    -6.17381    -7.08966   0.0538442
         113    -6.16769     -7.0815   0.0539823
         114    -6.16176    -7.07343   0.0541083
         115    -6.15633    -7.06546   0.0542223
         116    -6.15173    -7.05758    0.054324
         117    -6.14762     -7.0498   0.0544136
         118    -6.14432    -7.04213   0.0544908
         119    -6.14118    -7.03456   0.0545564
         120    -6.13883    -7.02709     0.05461
         121    -6.13662    -7.01973   0.0546523
         122    -6.13485    -7.01248   0.0546835
         123     -6.1332    -7.00533   0.0547042
         124    -6.13231    -6.99829   0.0547142
         125    -6.13183    -6.99136   0.0547138
         126    -6.13176    -6.98454   0.0547032
         127    -6.13209    -6.97783   0.0546828
         128     -6.1328    -6.97122   0.0546526
         129    -6.13388    -6.96473    0.054613
         130      -6.135    -6.95835   0.0545646
         131    -6.13678    -6.95208   0.0545073
         132    -6.13955    -6.94592   0.0544409
         133    -6.14264    -6.93988   0.0543655
         134    -6.14539    -6.93395   0.0542822
         135    -6.14844    -6.92814    0.054191
         136    -6.15144    -6.92243   0.0540927
         137    -6.15504    -6.91682   0.0539871
         138    -6.15922    -6.91133   0.0538743
         139    -6.16331    -6.90595   0.0537548
         140    -6.16764    -6.90068   0.0536289
         141    -6.17187    -6.89551    0.053497
         142     -6.1763    -6.89044   0.0533595
         143    -6.18092    -6.88548   0.0532166
         144    -6.18605    -6.88063   0.0530682
         145    -6.19071    -6.87587   0.0529151
         146    -6.19649    -6.87121   0.0527569
         147    -6.20145    -6.86666   0.0525943
         148     -6.2072     -6.8622   0.0524274
         149    -6.21307    -6.85785   0.0522562
         150    -6.21873    -6.85359   0.0520813
         151    -6.22416    -6.84942   0.0519029
         152    -6.23067    -6.84535   0.0517208
         153    -6.23693    -6.84137   0.0515354
         154    -6.24327    -6.83749   0.0513469
         155    -6.24967    -6.83369   0.0511555
         156    -6.25612    -6.82999   0.0509614
         157    -6.26327    -6.82638   0.0507645
         158    -6.26981    -6.82286   0.0505652
         159    -6.27638    -6.81942   0.0503639
         160    -6.28297    -6.81607   0.0501606
         161    -6.28958     -6.8128   0.0499555
         162    -6.29586    -6.80961    0.049749
         163     -6.3028     -6.8065   0.0495408
         164    -6.30973    -6.80347   0.0493313
         165    -6.31664    -6.80052   0.0491204
         166    -6.32321    -6.79764   0.0489086
         167    -6.32944    -6.79484    0.048696
         168    -6.33628    -6.79211   0.0484826
         169    -6.34276    -6.78945   0.0482686
         170    -6.34855    -6.78686   0.0480543
         171    -6.35526    -6.78433   0.0478395
         172    -6.36193    -6.78188   0.0476244
         173    -6.36821    -6.77949   0.0474091
         174    -6.37412    -6.77716   0.0471938
         175    -6.37995    -6.77489   0.0469787
         176    -6.38637    -6.77268   0.0467636
         177    -6.39272    -6.77053   0.0465486
         178    -6.39867    -6.76844    0.046334
         179    -6.40454    -6.76641   0.0461197
         180    -6.41001    -6.76443    0.045906
         181    -6.41572     -6.7625   0.0456928
         182    -6.42101    -6.76063   0.0454802
         183    -6.42655     -6.7588   0.0452683
         184    -6.43264    -6.75703    0.045057
         185    -6.43864    -6.75531   0.0448463
         186    -6.44389    -6.75363   0.0446364
         187    -6.44937    -6.75201   0.0444274
         188    -6.45442    -6.75042   0.0442192
         189    -6.45905    -6.74888   0.0440121
         190    -6.46455    -6.74739   0.0438059
         191    -6.46897    -6.74593   0.0436008
         192    -6.47296    -6.74451   0.0433969
         193    -6.47781    -6.74313   0.0431941
         194    -6.48223    -6.74178   0.0429923
         195    -6.48654    -6.74047   0.0427918
         196    -6.49105     -6.7392   0.0425924
         197    -6.49545    -6.73796   0.0423941
         198    -6.49941    -6.73676   0.0421971
         199    -6.50292    -6.73558   0.0420015
         200    -6.50664    -6.73444    0.041807
         201    -6.51057    -6.73332   0.0416139
         202    -6.51404    -6.73224    0.041422
         203    -6.51708    -6.73118   0.0412315
         204    -6.51966    -6.73014   0.0410425
         205    -6.52341    -6.72913   0.0408546
         206    -6.52671    -6.72815   0.0406681
         207    -6.52957    -6.72719    0.040483
         208    -6.53229    -6.72625   0.0402992
         209    -6.53489    -6.72534   0.0401168
         210    -6.53736    -6.72444   0.0399357
         211    -6.54002    -6.72357    0.039756
         212    -6.54223    -6.72271   0.0395777
         213    -6.54463    -6.72188   0.0394007
         214    -6.54658    -6.72106   0.0392251
         215    -6.54839    -6.72026   0.0390509
         216     -6.5504    -6.71947    0.038878
         217    -6.55228     -6.7187   0.0387065
         218    -6.55305    -6.71794   0.0385364
         219    -6.55402    -6.71719   0.0383677
         220    -6.55551    -6.71646   0.0382003
         221    -6.55557    -6.71573   0.0380344
         222    -6.55648    -6.71501   0.0378699
         223    -6.55661     -6.7143   0.0377067
         224    -6.55727     -6.7136   0.0375449
         225    -6.55715     -6.7129   0.0373844
         226    -6.55756    -6.71222   0.0372254
         227    -6.55817    -6.71154   0.0370675
         228    -6.55802    -6.71086   0.0369111
         229    -6.55807     -6.7102   0.0367559
         230    -6.55768    -6.70953   0.0366021
         231     -6.5575    -6.70888   0.0364496
         232    -6.55786    -6.70822   0.0362983
         233    -6.55779    -6.70758   0.0361482
         234    -6.55696    -6.70694   0.0359995
         235    -6.55603    -6.70629    0.035852
         236    -6.55533    -6.70565   0.0357058
         237    -6.55486    -6.70502   0.0355608
         238    -6.55398    -6.70438   0.0354171
         239    -6.55268    -6.70375   0.0352746
         240    -6.55163    -6.70311   0.0351333
         241    -6.54952    -6.70248   0.0349933
         242    -6.54832    -6.70184   0.0348545
         243    -6.54704     -6.7012   0.0347169
         244    -6.54538    -6.70056   0.0345805
         245    -6.54268    -6.69992   0.0344453
         246    -6.54123    -6.69927   0.0343113
         247    -6.54102    -6.69863   0.0341784
         248    -6.53947    -6.69799   0.0340466
         249    -6.53788    -6.69735   0.0339159
         250    -6.53593     -6.6967   0.0337864
         251    -6.53493    -6.69606    0.033658
         252    -6.53293    -6.69541   0.0335306
         253    -6.53124    -6.69476   0.0334044
         254    -6.52985    -6.69411   0.0332792
         255    -6.52813    -6.69346    0.033155
         256    -6.52641    -6.69281   0.0330319
         257    -6.52502    -6.69216   0.0329099
         258    -6.52364     -6.6915   0.0327888
         259    -6.52227    -6.69085   0.0326687
         260     -6.5206     -6.6902   0.0325496
         261    -6.51894    -6.68954   0.0324315
         262    -6.51764    -6.68888   0.0323144
         263    -6.51573    -6.68822   0.0321982
         264    -6.51418    -6.68757    0.032083
         265    -6.51267    -6.68691   0.0319687
         266    -6.51218    -6.68625   0.0318553
         267    -6.51078    -6.68559   0.0317427
         268    -6.50942    -6.68493   0.0316311
         269    -6.50813    -6.68428   0.0315203
         270     -6.5069    -6.68362   0.0314104
         271    -6.50574    -6.68296   0.0313014
         272    -6.50497    -6.68231   0.0311932
         273    -6.50363    -6.68165   0.0310858
         274    -6.50237      -6.681   0.0309792
         275    -6.50151    -6.68035   0.0308734
         276    -6.50106     -6.6797   0.0307684
         277    -6.50036    -6.67905   0.0306641
         278    -6.49944     -6.6784   0.0305606
         279     -6.4986    -6.67776   0.0304579
         280    -6.49817    -6.67712   0.0303559
         281    -6.49817    -6.67648   0.0302545
         282    -6.49793    -6.67585   0.0301539
         283    -6.49778    -6.67522   0.0300539
         284    -6.49741    -6.67459   0.0299546
         285    -6.49745    -6.67397   0.0298559
         286     -6.4976    -6.67336   0.0297579
         287    -6.49783    -6.67274   0.0296605
         288    -6.49785    -6.67214   0.0295637
         289    -6.49795    -6.67153   0.0294676
         290    -6.49816    -6.67094    0.029372
         291    -6.49878    -6.67034    0.029277
         292    -6.49951    -6.66976   0.0291826
         293        -6.5    -6.66918   0.0290888
         294    -6.50059    -6.66861   0.0289955
         295    -6.50159    -6.66804   0.0289027
         296    -6.50269    -6.66748   0.0288105
         297    -6.50323    -6.66693   0.0287188
         298    -6.50483    -6.66638   0.0286276
         299    -6.50651    -6.66585   0.0285368
         300    -6.50796    -6.66532   0.0284465
         301    -6.50981    -6.66481   0.0283567
         302    -6.51142     -6.6643   0.0282674
         303    -6.51344     -6.6638   0.0281785
         304     -6.5152    -6.66331     0.02809
         305    -6.51704    -6.66283    0.028002
         306    -6.51895    -6.66236   0.0279144
         307    -6.52126     -6.6619   0.0278273
         308     -6.5233    -6.66145   0.0277406
         309    -6.52541    -6.66101   0.0276543
         310    -6.52758    -6.66058   0.0275684
         311    -6.52981    -6.66016    0.027483
         312    -6.53209    -6.65975    0.027398
         313    -6.53507    -6.65935   0.0273133
         314    -6.53746    -6.65896   0.0272291
         315    -6.53989    -6.65859   0.0271453
         316    -6.54204    -6.65822   0.0270619
         317    -6.54455    -6.65786   0.0269789
         318    -6.54678    -6.65751   0.0268963
         319    -6.54936    -6.65717   0.0268142
         320    -6.55197    -6.65684   0.0267324
         321    -6.55461    -6.65652    0.026651
         322    -6.55759    -6.65622     0.02657
         323    -6.56091    -6.65592   0.0264894
         324     -6.5636    -6.65564   0.0264092
         325    -6.56631    -6.65536   0.0263293
         326    -6.56902     -6.6551   0.0262499
         327    -6.57109    -6.65484   0.0261709
         328    -6.57413    -6.65459   0.0260922
         329    -6.57684    -6.65436    0.026014
         330    -6.57955    -6.65413   0.0259362
         331     -6.5829    -6.65392   0.0258587
         332    -6.58623    -6.65371   0.0257816
         333    -6.58922    -6.65352   0.0257049
         334    -6.59252    -6.65334   0.0256286
         335    -6.59546    -6.65316   0.0255527
         336    -6.59741      -6.653   0.0254772
         337    -6.59997    -6.65284   0.0254021
         338    -6.60249    -6.65269   0.0253273
         339    -6.60433    -6.65255    0.025253
         340    -6.60709    -6.65241   0.0251791
         341    -6.60981    -6.65229   0.0251056
         342    -6.61215    -6.65217   0.0250325
         343    -6.61444    -6.65206   0.0249597
         344    -6.61699    -6.65196   0.0248874
         345    -6.61884    -6.65186   0.0248154
         346    -6.62127    -6.65178   0.0247438
         347    -6.62299    -6.65169   0.0246727
         348     -6.6256    -6.65162   0.0246019
         349     -6.6275    -6.65155   0.0245315
         350      -6.629    -6.65148   0.0244615
         351    -6.63042    -6.65142   0.0243919
         352    -6.63306    -6.65137   0.0243226
         353    -6.63496    -6.65133   0.0242538
         354    -6.63647    -6.65128   0.0241853
         355    -6.63756    -6.65124   0.0241172
         356    -6.63889    -6.65121   0.0240495
         357    -6.63949    -6.65118   0.0239821
         358     -6.6413    -6.65115   0.0239152
         359     -6.6427    -6.65113   0.0238486
         360    -6.64337     -6.6511   0.0237823
         361    -6.64492    -6.65109   0.0237165
         362    -6.64671    -6.65108   0.0236509
         363     -6.6481    -6.65107   0.0235858
         364    -6.64811    -6.65106    0.023521
         365    -6.64836    -6.65105   0.0234566
         366    -6.64918    -6.65105   0.0233925
         367    -6.64928    -6.65104   0.0233287
         368     -6.6506    -6.65104   0.0232653
         369    -6.65088    -6.65104   0.0232023
         370    -6.65045    -6.65104   0.0231396
         371     -6.6506    -6.65104   0.0230772
         372     -6.6507    -6.65104   0.0230152
         373    -6.65042    -6.65103   0.0229535
         374    -6.65009    -6.65103   0.0228921
         375    -6.65037    -6.65103    0.022831
         376    -6.64963    -6.65103   0.0227703
         377    -6.65016    -6.65102   0.0227099
         378     -6.6497    -6.65102   0.0226499
         379    -6.64954    -6.65102   0.0225901
         380    -6.64903    -6.65101   0.0225306
         381    -6.64885    -6.65101   0.0224715
         382    -6.64866      -6.651   0.0224127
         383    -6.64848    -6.65099   0.0223542
         384    -6.64799    -6.65099    0.022296
         385    -6.64783    -6.65098    0.022238
         386    -6.64706    -6.65097   0.0221804
         387    -6.64664    -6.65096   0.0221231
         388    -6.64593    -6.65094   0.0220661
         389    -6.64624    -6.65093   0.0220094
         390    -6.64628    -6.65092    0.021953
         391    -6.64637    -6.65091   0.0218968
         392    -6.64717     -6.6509    0.021841
         393    -6.64739    -6.65089   0.0217854
         394    -6.64639    -6.65088   0.0217301
         395    -6.64676    -6.65087   0.0216751
         396    -6.64753    -6.65086   0.0216203
         397    -6.64773    -6.65085   0.0215659
         398    -6.64899    -6.65085   0.0215117
         399     -6.6497    -6.65084   0.0214578
         400    -6.65147    -6.65084   0.0214041
         401    -6.65236    -6.65085   0.0213508
         402    -6.65399    -6.65086   0.0212977
         403     -6.6541    -6.65086   0.0212448
         404    -6.65496    -6.65087   0.0211922
         405    -6.65656    -6.65089   0.0211399
         406    -6.65825    -6.65091   0.0210878
         407    -6.66036    -6.65093    0.021036
         408    -6.66256    -6.65096   0.0209845
         409    -6.66452    -6.65099   0.0209332
         410    -6.66689    -6.65103   0.0208822
         411     -6.6687    -6.65107   0.0208314
         412    -6.67059    -6.65112   0.0207809
         413    -6.67191    -6.65117   0.0207307
         414    -6.67426    -6.65123   0.0206807
         415    -6.67636    -6.65129   0.0206309
         416    -6.67853    -6.65135   0.0205814
         417     -6.6801    -6.65142   0.0205322
         418    -6.68269     -6.6515   0.0204832
         419    -6.68436    -6.65158   0.0204345
         420    -6.68639    -6.65166    0.020386
         421    -6.68879    -6.65175   0.0203378
         422    -6.69121    -6.65184   0.0202898
         423    -6.69366    -6.65194   0.0202421
         424    -6.69547    -6.65204   0.0201946
         425    -6.69666    -6.65215   0.0201473
         426    -6.69915    -6.65226   0.0201003
         427    -6.70164    -6.65237   0.0200536
         428    -6.70413    -6.65249   0.0200071
         429    -6.70629    -6.65262   0.0199609
         430    -6.70909    -6.65275   0.0199149
         431    -6.71187    -6.65289   0.0198691
         432    -6.71495    -6.65303   0.0198237
         433    -6.71833    -6.65318   0.0197785
         434    -6.72104    -6.65334   0.0197335
         435    -6.72339     -6.6535   0.0196888
         436     -6.7257    -6.65366   0.0196443
         437    -6.72798    -6.65383   0.0196001
         438    -6.72988    -6.65401   0.0195561
         439    -6.73207    -6.65419   0.0195124
         440    -6.73453    -6.65437   0.0194689
         441    -6.73629    -6.65455   0.0194257
         442    -6.73767    -6.65474   0.0193826
         443    -6.73932    -6.65493   0.0193398
         444    -6.74059    -6.65513   0.0192972
         445    -6.74245    -6.65532   0.0192548
         446    -6.74393    -6.65552   0.0192127
         447    -6.74598    -6.65572   0.0191708
         448    -6.74701    -6.65593   0.0191291
         449    -6.74829    -6.65613   0.0190876
         450    -6.74951    -6.65634   0.0190463
         451    -6.75034    -6.65655   0.0190052
         452    -6.75207    -6.65676   0.0189643
         453     -6.7534    -6.65697   0.0189237
         454    -6.75434    -6.65719   0.0188832
         455    -6.75586     -6.6574   0.0188429
         456    -6.75763    -6.65762   0.0188029
         457    -6.75804    -6.65784    0.018763
         458    -6.75837    -6.65806   0.0187233
         459    -6.75896    -6.65828   0.0186838
         460    -6.75947     -6.6585   0.0186445
         461    -6.76056    -6.65873   0.0186054
         462     -6.7619    -6.65895   0.0185665
         463    -6.76284    -6.65917   0.0185277
         464    -6.76371     -6.6594   0.0184892
         465    -6.76419    -6.65962   0.0184508
         466    -6.76426    -6.65985   0.0184125
         467    -6.76427    -6.66007   0.0183745
         468    -6.76517     -6.6603   0.0183366
         469    -6.76471    -6.66052   0.0182988
         470    -6.76482    -6.66074   0.0182612
         471    -6.76485    -6.66096   0.0182238
         472    -6.76546    -6.66118   0.0181866
         473    -6.76536     -6.6614   0.0181494
         474    -6.76582    -6.66162   0.0181125
         475    -6.76558    -6.66184   0.0180757
         476    -6.76493    -6.66206    0.018039
         477    -6.76389    -6.66227   0.0180024
         478    -6.76278    -6.66248    0.017966
         479    -6.76225    -6.66269   0.0179297
         480    -6.76198     -6.6629   0.0178935
         481    -6.76164     -6.6631   0.0178575
         482    -6.76156    -6.66331   0.0178216
         483    -6.76108    -6.66351   0.0177859
         484    -6.76055    -6.66371   0.0177503
         485    -6.75994    -6.66391   0.0177148
         486    -6.75895     -6.6641   0.0176794
         487    -6.75791     -6.6643   0.0176442
         488    -6.75647    -6.66449    0.017609
         489    -6.75531    -6.66467    0.017574
         490    -6.75441    -6.66485   0.0175391
         491    -6.75314    -6.66503   0.0175043
         492    -6.75181    -6.66521   0.0174696
         493    -6.75012    -6.66538    0.017435
         494    -6.74805    -6.66555   0.0174005
         495    -6.74659    -6.66571   0.0173661
         496    -6.74606    -6.66588   0.0173319
         497     -6.7442    -6.66603   0.0172977
         498     -6.7423    -6.66619   0.0172637
         499     -6.7407    -6.66634   0.0172297
         500    -6.73907    -6.66648   0.0171959
         501    -6.73709    -6.66662   0.0171621
         502    -6.73574    -6.66676   0.0171285
         503    -6.73405    -6.66689    0.017095
         504    -6.73235    -6.66702   0.0170615
         505    -6.73063    -6.66715   0.0170282
         506    -6.72891    -6.66727    0.016995
         507    -6.72784    -6.66739   0.0169619
         508    -6.72709    -6.66751   0.0169289
         509    -6.72506    -6.66762    0.016896
         510    -6.72336    -6.66773   0.0168633
         511    -6.72168    -6.66784   0.0168306
         512     -6.7197    -6.66794    0.016798
         513    -6.71839    -6.66804   0.0167656
         514    -6.71679    -6.66813   0.0167332
         515    -6.71521    -6.66822    0.016701
         516    -6.71336    -6.66831   0.0166688
         517    -6.71219     -6.6684   0.0166368
         518    -6.71011    -6.66848   0.0166049
         519    -6.70904    -6.66855   0.0165731
         520    -6.70803    -6.66863   0.0165414
         521    -6.70643     -6.6687   0.0165098
         522     -6.7049    -6.66877   0.0164783
         523     -6.7031    -6.66884   0.0164469
         524     -6.7017     -6.6689   0.0164157
         525    -6.70071    -6.66896   0.0163845
         526    -6.69946    -6.66902   0.0163535
         527    -6.69862    -6.66907   0.0163225
         528    -6.69786    -6.66913   0.0162917
         529    -6.69719    -6.66918    0.016261
         530    -6.69726    -6.66924   0.0162304
         531    -6.69677    -6.66929   0.0161999
         532    -6.69669    -6.66934   0.0161695
         533    -6.69639    -6.66939   0.0161393
         534    -6.69619    -6.66944   0.0161091
         535     -6.6964    -6.66949   0.0160791
         536    -6.69607    -6.66954   0.0160492
         537    -6.69617    -6.66959   0.0160194
         538    -6.69604    -6.66964   0.0159897
         539    -6.69699    -6.66969   0.0159601
         540    -6.69739    -6.66974   0.0159306
         541     -6.6979    -6.66979   0.0159013
         542    -6.69818    -6.66984    0.015872
         543    -6.69856     -6.6699   0.0158429
         544    -6.69969    -6.66995   0.0158138
         545    -6.70028    -6.67001   0.0157849
         546    -6.70128    -6.67007   0.0157561
         547    -6.70304    -6.67013   0.0157274
         548    -6.70391    -6.67019   0.0156988
         549    -6.70521    -6.67025   0.0156704
         550    -6.70627    -6.67032    0.015642
         551    -6.70839    -6.67039   0.0156138
         552    -6.71059    -6.67046   0.0155857
         553    -6.71224    -6.67053   0.0155577
         554    -6.71461    -6.67061   0.0155298
         555    -6.71641     -6.6707    0.015502
         556    -6.71894    -6.67078   0.0154744
         557    -6.72089    -6.67087   0.0154469
         558     -6.7229    -6.67097   0.0154195
         559    -6.72531    -6.67106   0.0153922
         560    -6.72777    -6.67116    0.015365
         561    -6.72964    -6.67127    0.015338
         562    -6.73222    -6.67138   0.0153111
         563    -6.73517    -6.67149   0.0152843
         564    -6.73816    -6.67161   0.0152577
         565    -6.74022    -6.67173   0.0152311
         566    -6.74265    -6.67186   0.0152048
         567    -6.74543    -6.67199   0.0151785
         568     -6.7476    -6.67212   0.0151524
         569    -6.74979    -6.67226   0.0151263
         570    -6.75298     -6.6724   0.0151005
         571    -6.75489    -6.67254   0.0150747
         572    -6.75747    -6.67269   0.0150491
         573    -6.76006    -6.67284   0.0150236
         574    -6.76201      -6.673   0.0149982
         575    -6.76428    -6.67316    0.014973
         576    -6.76656    -6.67332   0.0149479
         577    -6.76949    -6.67349   0.0149229
         578    -6.77209    -6.67366    0.014898
         579    -6.77532    -6.67383   0.0148733
         580    -6.77725    -6.67401   0.0148488
         581    -6.78014    -6.67419   0.0148243
         582    -6.78237    -6.67438      0.0148
         583    -6.78425    -6.67457   0.0147758
         584    -6.78677    -6.67476   0.0147518
         585    -6.78925    -6.67495   0.0147279
         586    -6.79139    -6.67515   0.0147041
         587    -6.79479    -6.67536   0.0146804
         588    -6.79817    -6.67557    0.014657
         589    -6.80086    -6.67578   0.0146336
         590    -6.80287    -6.67599   0.0146104
         591    -6.80582    -6.67621   0.0145873
         592    -6.80743    -6.67644   0.0145644
         593    -6.80933    -6.67666   0.0145415
         594    -6.81087    -6.67689   0.0145188
         595    -6.81236    -6.67711   0.0144962
         596    -6.81414    -6.67734   0.0144737
         597    -6.81619    -6.67758   0.0144513
         598    -6.81788    -6.67781   0.0144291
         599    -6.81985    -6.67805   0.0144069
         600    -6.82177    -6.67829   0.0143849
         601    -6.82331    -6.67853    0.014363
         602    -6.82481    -6.67877   0.0143412
         603    -6.82659    -6.67902   0.0143195
         604    -6.82767    -6.67926   0.0142979
         605    -6.82967    -6.67951   0.0142764
         606    -6.83195    -6.67976   0.0142551
         607    -6.83321    -6.68002   0.0142339
         608     -6.8341    -6.68027   0.0142127
         609    -6.83526    -6.68052   0.0141916
         610    -6.83702    -6.68078   0.0141707
         611    -6.83874    -6.68104   0.0141499
         612    -6.84008     -6.6813   0.0141291
         613    -6.84137    -6.68156   0.0141085
         614    -6.84261    -6.68182   0.0140879
         615     -6.8451    -6.68209   0.0140675
         616    -6.84592    -6.68235   0.0140472
         617    -6.84734    -6.68262    0.014027
         618    -6.84774    -6.68289   0.0140068
         619    -6.84971    -6.68316   0.0139868
         620    -6.85163    -6.68343   0.0139669
         621    -6.85286     -6.6837   0.0139471
         622    -6.85338    -6.68397   0.0139273
         623    -6.85419    -6.68425   0.0139076
         624     -6.8543    -6.68452    0.013888
         625    -6.85532    -6.68479   0.0138685
         626    -6.85695    -6.68507   0.0138491
         627    -6.85723    -6.68534   0.0138297
         628    -6.85746    -6.68562   0.0138104
         629    -6.85764    -6.68589   0.0137911
         630    -6.85842    -6.68616    0.013772
         631    -6.85915    -6.68644   0.0137529
         632     -6.8595    -6.68671   0.0137338
         633    -6.86045    -6.68699   0.0137149
         634     -6.8607    -6.68726    0.013696
         635     -6.8609    -6.68753   0.0136771
         636     -6.8604    -6.68781   0.0136583
         637    -6.86049    -6.68808   0.0136396
         638    -6.86086    -6.68835   0.0136209
         639     -6.8615    -6.68862   0.0136023
         640    -6.86177    -6.68889   0.0135837
         641    -6.86198    -6.68916   0.0135652
         642    -6.86084    -6.68943   0.0135467
         643     -6.8603    -6.68969   0.0135282
         644    -6.86035    -6.68996   0.0135098
         645    -6.86035    -6.69022   0.0134915
         646    -6.85965    -6.69048   0.0134731
         647    -6.85921    -6.69074   0.0134548
         648    -6.85872      -6.691   0.0134366
         649    -6.85752    -6.69126   0.0134183
         650    -6.85724    -6.69152   0.0134001
         651    -6.85625    -6.69177   0.0133819
         652    -6.85553    -6.69202   0.0133637
         653    -6.85411    -6.69227   0.0133456
         654    -6.85361    -6.69252   0.0133274
         655    -6.85337    -6.69276   0.0133094
         656    -6.85243      -6.693   0.0132913
         657    -6.85175    -6.69325   0.0132733
         658    -6.84907    -6.69348   0.0132552
         659    -6.84763    -6.69372   0.0132372
         660     -6.8471    -6.69395   0.0132191
         661    -6.84555    -6.69418   0.0132011
         662    -6.84458    -6.69441   0.0131831
         663    -6.84291    -6.69463   0.0131652
         664    -6.84184    -6.69485   0.0131472
         665     -6.8407    -6.69507   0.0131293
         666    -6.83919    -6.69529   0.0131113
         667    -6.83697     -6.6955   0.0130934
         668     -6.8347    -6.69571   0.0130755
         669    -6.83238    -6.69591   0.0130575
         670    -6.83098    -6.69611   0.0130396
         671    -6.82887    -6.69631   0.0130216
         672    -6.82672    -6.69651   0.0130037
         673    -6.82453     -6.6967   0.0129858
         674     -6.8226    -6.69688   0.0129679
         675    -6.81934    -6.69706   0.0129499
         676    -6.81798    -6.69724    0.012932
         677    -6.81594    -6.69742   0.0129141
         678    -6.81353    -6.69759   0.0128962
         679    -6.81173    -6.69776   0.0128783
         680    -6.81022    -6.69792   0.0128604
         681    -6.80802    -6.69808   0.0128425
         682     -6.8058    -6.69824   0.0128247
         683    -6.80355     -6.6984   0.0128068
         684    -6.80128    -6.69855    0.012789
         685    -6.79865    -6.69869   0.0127711
         686    -6.79698    -6.69884   0.0127533
         687    -6.79432    -6.69898   0.0127355
         688     -6.7923    -6.69911   0.0127177
         689    -6.78994    -6.69924      0.0127
         690    -6.78692    -6.69937   0.0126822
         691    -6.78454    -6.69949   0.0126644
         692    -6.78216    -6.69961   0.0126467
         693    -6.78011    -6.69973    0.012629
         694    -6.77774    -6.69984   0.0126113
         695    -6.77569    -6.69995   0.0125936
         696    -6.77301    -6.70006   0.0125759
         697    -6.77098    -6.70016   0.0125583
         698    -6.76864    -6.70026   0.0125407
         699    -6.76697    -6.70035   0.0125231
         700    -6.76467    -6.70044   0.0125056
         701    -6.76109    -6.70053    0.012488
         702    -6.75819    -6.70061   0.0124705
         703    -6.75596    -6.70069    0.012453
         704     -6.7544    -6.70077   0.0124356
         705     -6.7519    -6.70084   0.0124181
         706    -6.75008    -6.70091   0.0124007
         707    -6.74829    -6.70098   0.0123834
         708    -6.74621    -6.70104   0.0123661
         709    -6.74449     -6.7011   0.0123488
         710    -6.74248    -6.70116   0.0123315
         711    -6.73986    -6.70121   0.0123143
         712    -6.73824    -6.70127   0.0122971
         713    -6.73602    -6.70131     0.01228
         714    -6.73416    -6.70136   0.0122628
         715    -6.73233     -6.7014   0.0122458
         716    -6.73053    -6.70144   0.0122287
         717     -6.7291    -6.70148   0.0122117
         718     -6.7277    -6.70152   0.0121948
         719    -6.72601    -6.70155   0.0121779
         720    -6.72404    -6.70158    0.012161
         721    -6.72274    -6.70161   0.0121442
         722    -6.72115    -6.70164   0.0121274
         723    -6.71959    -6.70167   0.0121106
         724    -6.71806    -6.70169   0.0120939
         725    -6.71655    -6.70171   0.0120773
         726    -6.71508    -6.70173   0.0120606
         727    -6.71395    -6.70174   0.0120441
         728    -6.71154    -6.70176   0.0120275
         729    -6.70883    -6.70177    0.012011
         730    -6.70744    -6.70178   0.0119946
         731    -6.70606    -6.70178   0.0119782
         732    -6.70437    -6.70178   0.0119618
         733    -6.70302    -6.70179   0.0119455
         734      -6.702    -6.70179   0.0119292
         735    -6.70098    -6.70179    0.011913
         736    -6.69965    -6.70178   0.0118968
         737    -6.69831    -6.70178   0.0118807
         738    -6.69731    -6.70177   0.0118646
         739    -6.69597    -6.70176   0.0118485
         740    -6.69464    -6.70175   0.0118325
         741    -6.69362    -6.70174   0.0118165
         742    -6.69226    -6.70173   0.0118006
         743     -6.6909    -6.70172   0.0117847
         744    -6.68888     -6.7017   0.0117689
         745    -6.68749    -6.70168   0.0117531
         746    -6.68609    -6.70166   0.0117374
         747    -6.68467    -6.70164   0.0117217
         748    -6.68324    -6.70161   0.0117061
         749    -6.68146    -6.70158   0.0116905
         750    -6.67998    -6.70156   0.0116749
         751    -6.67784    -6.70152   0.0116594
         752    -6.67599    -6.70149    0.011644
         753    -6.67413    -6.70145   0.0116286
         754    -6.67321    -6.70142   0.0116132
         755    -6.67194    -6.70138   0.0115979
         756       -6.67    -6.70134   0.0115826
         757    -6.66836    -6.70129   0.0115674
         758    -6.66636    -6.70125   0.0115522
         759    -6.66467     -6.7012   0.0115371
         760    -6.66262    -6.70115    0.011522
         761    -6.66087    -6.70109    0.011507
         762     -6.6591    -6.70104    0.011492
         763    -6.65697    -6.70098   0.0114771
         764    -6.65514    -6.70092   0.0114623
         765    -6.65361    -6.70086   0.0114474
         766    -6.65173     -6.7008   0.0114327
         767    -6.64983    -6.70073    0.011418
         768    -6.64725    -6.70066   0.0114033
         769    -6.64498    -6.70059   0.0113887
         770    -6.64333    -6.70051   0.0113742
         771    -6.64133    -6.70044   0.0113597
         772    -6.63932    -6.70036   0.0113452
         773    -6.63729    -6.70028   0.0113309
         774    -6.63524    -6.70019   0.0113165
         775    -6.63317     -6.7001   0.0113023
         776    -6.63142    -6.70002    0.011288
         777    -6.62868    -6.69992   0.0112739
         778    -6.62658    -6.69983   0.0112598
         779    -6.62447    -6.69973   0.0112457
         780    -6.62204    -6.69963   0.0112318
         781    -6.62057    -6.69953   0.0112178
         782    -6.61877    -6.69943    0.011204
         783    -6.61665    -6.69932   0.0111902
         784    -6.61453    -6.69922   0.0111764
         785    -6.61274    -6.69911   0.0111627
         786    -6.60999    -6.69899   0.0111491
         787    -6.60789    -6.69888   0.0111355
         788     -6.6058    -6.69876    0.011122
         789    -6.60438    -6.69864   0.0111086
         790    -6.60232    -6.69852   0.0110952
         791    -6.60061    -6.69839   0.0110818
         792    -6.59891    -6.69827   0.0110686
         793    -6.59692    -6.69814   0.0110553
         794     -6.5956    -6.69801   0.0110422
         795    -6.59366    -6.69788   0.0110291
         796    -6.59142    -6.69774    0.011016
         797    -6.59019    -6.69761    0.011003
         798    -6.58803    -6.69747   0.0109901
         799    -6.58655    -6.69733   0.0109772
         800    -6.58479    -6.69719   0.0109644
         801    -6.58275    -6.69705   0.0109516
         802    -6.58107    -6.69691   0.0109389
         803    -6.57977    -6.69676   0.0109263
         804    -6.57786    -6.69661   0.0109137
         805    -6.57601    -6.69646   0.0109012
         806    -6.57454    -6.69631   0.0108887
         807     -6.5728    -6.69616   0.0108763
         808    -6.57144      -6.696   0.0108639
         809    -6.57046    -6.69585   0.0108516
         810    -6.56955    -6.69569   0.0108393
         811    -6.56968    -6.69554   0.0108271
         812    -6.56826    -6.69538   0.0108149
         813    -6.56722    -6.69522   0.0108027
         814    -6.56658    -6.69506   0.0107906
         815    -6.56602    -6.69491   0.0107785
         816    -6.56489    -6.69475   0.0107665
         817    -6.56415    -6.69459   0.0107545
         818     -6.5635    -6.69443   0.0107425
         819    -6.56292    -6.69427   0.0107306
         820    -6.56275    -6.69411   0.0107187
         821    -6.56266    -6.69395   0.0107069
         822    -6.56266    -6.69379    0.010695
         823    -6.56306    -6.69363   0.0106832
         824    -6.56323    -6.69347   0.0106714
         825    -6.56316    -6.69331   0.0106597
         826    -6.56318    -6.69315   0.0106479
         827    -6.56263      -6.693   0.0106362
         828    -6.56315    -6.69284   0.0106245
         829    -6.56375    -6.69268   0.0106128
         830    -6.56412    -6.69253   0.0106012
         831    -6.56458    -6.69237   0.0105896
         832    -6.56513    -6.69222   0.0105779
         833    -6.56641    -6.69207   0.0105663
         834     -6.5665    -6.69192   0.0105547
         835    -6.56796    -6.69177   0.0105431
         836    -6.56887    -6.69162   0.0105315
         837    -6.56986    -6.69148     0.01052
         838    -6.57094    -6.69133   0.0105084
         839    -6.57243    -6.69119   0.0104968
         840      -6.574    -6.69105   0.0104852
         841    -6.57468    -6.69092   0.0104737
         842    -6.57545    -6.69078   0.0104621
         843    -6.57694    -6.69064   0.0104506
         844    -6.57851    -6.69051   0.0104391
         845    -6.58079    -6.69038   0.0104275
         846    -6.58283    -6.69025    0.010416
         847    -6.58493    -6.69013   0.0104044
         848     -6.5871    -6.69001   0.0103929
         849    -6.58804    -6.68989   0.0103813
         850    -6.59001    -6.68977   0.0103698
         851    -6.59171    -6.68965   0.0103582
         852    -6.59347    -6.68954   0.0103467
         853     -6.5956    -6.68943   0.0103351
         854    -6.59842    -6.68932   0.0103236
         855    -6.60031    -6.68922    0.010312
         856    -6.60192    -6.68912   0.0103005
         857    -6.60453    -6.68902   0.0102889
         858    -6.60718    -6.68892   0.0102774
         859    -6.60888    -6.68883   0.0102658
         860    -6.61125    -6.68874   0.0102543
         861    -6.61364    -6.68865   0.0102428
         862    -6.61604    -6.68857   0.0102312
         863    -6.61748    -6.68849   0.0102197
         864     -6.6199    -6.68841   0.0102082
         865    -6.62264    -6.68833   0.0101967
         866    -6.62538    -6.68826   0.0101852
         867    -6.62779    -6.68819   0.0101736
         868    -6.62955    -6.68812   0.0101621
         869    -6.63227    -6.68806   0.0101507
         870    -6.63464      -6.688   0.0101392
         871    -6.63732    -6.68794   0.0101277
         872    -6.63965    -6.68788   0.0101162
         873    -6.64228    -6.68783   0.0101048
         874    -6.64521    -6.68778   0.0100933
         875    -6.64746    -6.68774   0.0100819
         876    -6.64903    -6.68769   0.0100705
         877    -6.65056    -6.68765   0.0100591
         878    -6.65238    -6.68761   0.0100477
         879    -6.65481    -6.68757   0.0100364
         880    -6.65752    -6.68754    0.010025
         881    -6.65954    -6.68751   0.0100137
         882    -6.66151    -6.68748   0.0100024
         883    -6.66376    -6.68745  0.00999109
         884    -6.66499    -6.68742  0.00997982
         885    -6.66746     -6.6874  0.00996857
         886    -6.66989    -6.68738  0.00995734
         887    -6.67129    -6.68736  0.00994613
         888    -6.67296    -6.68735  0.00993494
         889    -6.67457    -6.68733  0.00992378
         890    -6.67613    -6.68732  0.00991263
         891    -6.67699    -6.68731  0.00990152
         892    -6.67779     -6.6873  0.00989042
         893    -6.67919    -6.68729  0.00987935
         894     -6.6802    -6.68728   0.0098683
         895    -6.68148    -6.68727  0.00985728
         896    -6.68302    -6.68727  0.00984628
         897    -6.68419    -6.68727   0.0098353
         898     -6.6853    -6.68726  0.00982435
         899    -6.68635    -6.68726  0.00981342
         900      -6.688    -6.68726  0.00980252
         901    -6.68991    -6.68727  0.00979164
         902     -6.6908    -6.68727  0.00978078
         903    -6.69163    -6.68728  0.00976995
         904    -6.69272    -6.68728  0.00975915
         905    -6.69311    -6.68729  0.00974837
         906    -6.69378     -6.6873  0.00973761
         907    -6.69374     -6.6873  0.00972688
         908    -6.69429    -6.68731  0.00971617
         909    -6.69414    -6.68732  0.00970548
         910    -6.69492    -6.68733  0.00969482
         911    -6.69532    -6.68733  0.00968418
         912    -6.69534    -6.68734  0.00967357
         913    -6.69467    -6.68735  0.00966297
         914    -6.69524    -6.68736  0.00965241
         915    -6.69513    -6.68737  0.00964186
         916    -6.69561    -6.68738  0.00963134
         917    -6.69572    -6.68739  0.00962084
         918    -6.69644     -6.6874  0.00961037
         919    -6.69615    -6.68741  0.00959991
         920    -6.69614    -6.68742  0.00958948
         921    -6.69673    -6.68743  0.00957908
         922    -6.69632    -6.68744  0.00956869
         923    -6.69619    -6.68745  0.00955833
         924    -6.69634    -6.68745  0.00954799
         925    -6.69517    -6.68746  0.00953767
         926    -6.69527    -6.68747  0.00952737
         927    -6.69533    -6.68748   0.0095171
         928    -6.69471    -6.68749  0.00950685
         929    -6.69439     -6.6875  0.00949662
         930     -6.6934     -6.6875  0.00948641
         931     -6.6927    -6.68751  0.00947622
         932    -6.69231    -6.68751  0.00946605
         933    -6.69222    -6.68752  0.00945591
         934    -6.69178    -6.68752  0.00944579
         935    -6.69132    -6.68753  0.00943569
         936    -6.69085    -6.68753  0.00942561
         937    -6.69101    -6.68753  0.00941555
         938    -6.69019    -6.68754  0.00940551
         939    -6.68968    -6.68754  0.00939549
         940    -6.68948    -6.68754   0.0093855
         941    -6.68895    -6.68754  0.00937552
         942    -6.68841    -6.68754  0.00936557
         943    -6.68786    -6.68754  0.00935564
         944    -6.68698    -6.68754  0.00934573
         945    -6.68675    -6.68754  0.00933584
         946    -6.68651    -6.68754  0.00932597
         947    -6.68595    -6.68754  0.00931612
         948    -6.68571    -6.68754   0.0093063
         949     -6.6845    -6.68753  0.00929649
         950    -6.68427    -6.68753  0.00928671
         951    -6.68338    -6.68753  0.00927694
         952    -6.68218    -6.68752   0.0092672
         953    -6.68228    -6.68751  0.00925748
         954    -6.68108    -6.68751  0.00924777
         955    -6.68022     -6.6875  0.00923809
         956    -6.67968    -6.68749  0.00922843
         957    -6.67851    -6.68748   0.0092188
         958    -6.67766    -6.68747  0.00920918
         959    -6.67681    -6.68746  0.00919958
         960     -6.6763    -6.68745  0.00919001
         961    -6.67611    -6.68744  0.00918045
         962    -6.67593    -6.68743  0.00917092
         963    -6.67511    -6.68741   0.0091614
         964    -6.67397     -6.6874  0.00915191
         965    -6.67219    -6.68738  0.00914244
         966    -6.67171    -6.68737  0.00913299
         967    -6.67123    -6.68735  0.00912356
         968    -6.67076    -6.68733  0.00911415
         969    -6.67094    -6.68732  0.00910476
         970     -6.6708     -6.6873  0.00909539
         971    -6.66969    -6.68728  0.00908604
         972    -6.66989    -6.68726  0.00907671
         973    -6.66911    -6.68725   0.0090674
         974     -6.6693    -6.68723  0.00905811
         975    -6.66853    -6.68721  0.00904884
         976    -6.66808    -6.68719  0.00903959
         977    -6.66764    -6.68717  0.00903036
         978    -6.66687    -6.68715  0.00902115
         979    -6.66642    -6.68713  0.00901196
         980    -6.66695    -6.68711  0.00900279
         981     -6.6665    -6.68708  0.00899364
         982    -6.66606    -6.68706   0.0089845
         983    -6.66561    -6.68704  0.00897539
         984    -6.66484    -6.68702   0.0089663
         985    -6.66374    -6.68699  0.00895722
         986     -6.6633    -6.68697  0.00894817
         987    -6.66317    -6.68695  0.00893914
         988    -6.66272    -6.68692  0.00893012
         989    -6.66227     -6.6869  0.00892113
         990    -6.66182    -6.68687  0.00891215
         991    -6.66072    -6.68685   0.0089032
         992    -6.65962    -6.68682  0.00889427
         993    -6.65852    -6.68679  0.00888536
         994    -6.65807    -6.68676  0.00887646
         995    -6.65763    -6.68673  0.00886759
         996    -6.65718     -6.6867  0.00885874
         997    -6.65706    -6.68667   0.0088499
         998    -6.65629    -6.68664  0.00884109
         999    -6.65651    -6.68661  0.00883229
        1000     -6.6564    -6.68658  0.00882351
        1001    -6.65565    -6.68655  0.00881475
        1002    -6.65524    -6.68652  0.00880601
        1003    -6.65483    -6.68649  0.00879728
        1004    -6.65442    -6.68646  0.00878858
        1005    -6.65338    -6.68642   0.0087799
        1006    -6.65268    -6.68639  0.00877123
        1007    -6.65295    -6.68636  0.00876258
        1008    -6.65292    -6.68632  0.00875395
        1009     -6.6529    -6.68629  0.00874534
        1010    -6.65224    -6.68626  0.00873675
        1011    -6.65161    -6.68622  0.00872817
        1012    -6.65098    -6.68619  0.00871962
        1013    -6.65038    -6.68615  0.00871108
        1014     -6.6498    -6.68612  0.00870256
        1015    -6.64988    -6.68608  0.00869406
        1016    -6.64935    -6.68604  0.00868558
        1017    -6.64883    -6.68601  0.00867712
        1018    -6.64899    -6.68597  0.00866867
        1019    -6.64951    -6.68594  0.00866024
        1020     -6.6494     -6.6859  0.00865182
        1021    -6.64933    -6.68586  0.00864342
        1022    -6.64961    -6.68583  0.00863504
        1023     -6.6496    -6.68579  0.00862667
        1024    -6.64962    -6.68576  0.00861832
        1025    -6.64903    -6.68572  0.00860998
        1026    -6.64978    -6.68569  0.00860166
        1027    -6.64959    -6.68565  0.00859336
        1028    -6.64977    -6.68562  0.00858507
        1029    -6.64999    -6.68558   0.0085768
        1030    -6.65025    -6.68555  0.00856854
        1031    -6.65087    -6.68551  0.00856029
        1032    -6.65186    -6.68548  0.00855206
        1033    -6.65225    -6.68545  0.00854384
        1034    -6.65301    -6.68542  0.00853564
        1035    -6.65316    -6.68539  0.00852745
        1036      -6.654    -6.68536  0.00851927
        1037    -6.65521    -6.68533   0.0085111
        1038    -6.65646     -6.6853  0.00850295
        1039    -6.65711    -6.68527  0.00849481
        1040    -6.65812    -6.68525  0.00848668
        1041    -6.65886    -6.68522  0.00847857
        1042    -6.65931     -6.6852  0.00847047
        1043    -6.66044    -6.68517  0.00846238
        1044    -6.66097    -6.68515  0.00845431
        1045    -6.66186    -6.68513  0.00844624
        1046    -6.66278    -6.68511   0.0084382
        1047    -6.66374    -6.68508  0.00843016
        1048    -6.66505    -6.68507  0.00842214
        1049    -6.66639    -6.68505  0.00841413
        1050    -6.66809    -6.68503  0.00840613
        1051    -6.66884    -6.68502  0.00839815
        1052    -6.66993      -6.685  0.00839018
        1053     -6.6717    -6.68499  0.00838222
        1054    -6.67283    -6.68498  0.00837427
        1055    -6.67398    -6.68497  0.00836634
        1056    -6.67481    -6.68496  0.00835842
        1057    -6.67565    -6.68495  0.00835052
        1058     -6.6765    -6.68494  0.00834263
        1059      -6.678    -6.68493  0.00833476
        1060    -6.67885    -6.68493   0.0083269
        1061     -6.6797    -6.68492  0.00831905
        1062    -6.68054    -6.68492  0.00831122
        1063    -6.68234    -6.68492   0.0083034
        1064     -6.6838    -6.68492   0.0082956
        1065    -6.68331    -6.68491  0.00828781
        1066    -6.68475    -6.68491  0.00828003
        1067    -6.68583    -6.68492  0.00827227
        1068    -6.68754    -6.68492  0.00826453
        1069     -6.6889    -6.68492   0.0082568
        1070     -6.6899    -6.68493  0.00824908
        1071    -6.69054    -6.68493  0.00824138
        1072    -6.69114    -6.68494  0.00823369
        1073      -6.693    -6.68494  0.00822602
        1074    -6.69449    -6.68495  0.00821837
        1075    -6.69561    -6.68496  0.00821073
        1076    -6.69604    -6.68497  0.00820311
        1077    -6.69642    -6.68498   0.0081955
        1078    -6.69675      -6.685   0.0081879
        1079    -6.69734    -6.68501  0.00818032
        1080    -6.69723    -6.68502  0.00817275
        1081    -6.69771    -6.68503   0.0081652
        1082    -6.69716    -6.68504  0.00815766
        1083    -6.69785    -6.68505  0.00815014
        1084    -6.69782    -6.68506  0.00814263
        1085    -6.69838    -6.68508  0.00813513
        1086    -6.69855    -6.68509  0.00812765
        1087    -6.69897     -6.6851  0.00812019
        1088    -6.69901    -6.68511  0.00811273
        1089    -6.69865    -6.68513  0.00810529
        1090    -6.69887    -6.68514  0.00809787
        1091    -6.69901    -6.68515  0.00809045
        1092    -6.69909    -6.68517  0.00808305
        1093     -6.6978    -6.68518  0.00807567
        1094    -6.69774    -6.68519  0.00806829
        1095    -6.69663     -6.6852  0.00806093
        1096    -6.69545    -6.68521  0.00805358
        1097    -6.69485    -6.68522  0.00804625
        1098     -6.6945    -6.68523  0.00803892
        1099    -6.69538    -6.68523  0.00803161
        1100    -6.69555    -6.68524  0.00802432
        1101    -6.69434    -6.68525  0.00801703
        1102    -6.69275    -6.68526  0.00800976
        1103    -6.69206    -6.68527   0.0080025
        1104    -6.69098    -6.68527  0.00799526
        1105    -6.68984    -6.68527  0.00798802
        1106    -6.68896    -6.68528   0.0079808
        1107    -6.68705    -6.68528  0.00797359
        1108     -6.6854    -6.68528  0.00796639
        1109    -6.68402    -6.68528  0.00795921
        1110    -6.68324    -6.68528  0.00795204
        1111    -6.68142    -6.68527  0.00794488
        1112    -6.67989    -6.68527  0.00793774
        1113    -6.67862    -6.68526  0.00793061
        1114    -6.67731    -6.68526  0.00792349
        1115    -6.67563    -6.68525  0.00791639
        1116    -6.67456    -6.68524   0.0079093
        1117    -6.67184    -6.68523  0.00790223
        1118    -6.66941    -6.68521  0.00789518
        1119    -6.66759     -6.6852  0.00788814
        1120    -6.66607    -6.68518  0.00788111
        1121    -6.66389    -6.68516  0.00787411
        1122    -6.66168    -6.68514  0.00786712
        1123    -6.66075    -6.68512  0.00786014
        1124    -6.65883    -6.68509  0.00785318
        1125    -6.65658    -6.68507  0.00784624
        1126    -6.65465    -6.68504  0.00783932
        1127    -6.65272    -6.68501  0.00783242
        1128    -6.65079    -6.68498  0.00782553
        1129    -6.64822    -6.68495  0.00781867
        1130     -6.6463    -6.68491  0.00781182
        1131    -6.64473    -6.68488    0.007805
        1132    -6.64252    -6.68484  0.00779819
        1133    -6.64164     -6.6848   0.0077914
        1134    -6.63981    -6.68476  0.00778463
        1135    -6.63802    -6.68472  0.00777788
        1136    -6.63529    -6.68468  0.00777116
        1137    -6.63389    -6.68463  0.00776445
        1138    -6.63222    -6.68459  0.00775777
        1139    -6.63124    -6.68454   0.0077511
        1140    -6.62999    -6.68449  0.00774445
        1141    -6.62847    -6.68445  0.00773781
        1142    -6.62734    -6.68439   0.0077312
        1143    -6.62627    -6.68434   0.0077246
        1144    -6.62527    -6.68429  0.00771802
        1145    -6.62402    -6.68424  0.00771146
        1146    -6.62252    -6.68419  0.00770492
        1147    -6.62141    -6.68413   0.0076984
        1148    -6.62072    -6.68408  0.00769189
        1149    -6.62011    -6.68402   0.0076854
        1150     -6.6199    -6.68396  0.00767892
        1151    -6.61915    -6.68391  0.00767245
        1152    -6.61848    -6.68385    0.007666
        1153    -6.61727    -6.68379  0.00765957
        1154    -6.61679    -6.68374  0.00765315
        1155    -6.61675    -6.68368  0.00764675
        1156    -6.61583    -6.68362  0.00764036
        1157    -6.61534    -6.68356  0.00763398
        1158    -6.61528     -6.6835  0.00762762
        1159    -6.61533    -6.68344  0.00762126
        1160    -6.61548    -6.68338  0.00761492
        1161    -6.61574    -6.68333  0.00760858
        1162    -6.61579    -6.68327  0.00760226
        1163    -6.61595    -6.68321  0.00759594
        1164    -6.61621    -6.68315  0.00758963
        1165    -6.61691    -6.68309  0.00758333
        1166    -6.61772    -6.68304  0.00757703
        1167    -6.61864    -6.68298  0.00757074
        1168    -6.61999    -6.68293  0.00756445
        1169    -6.62079    -6.68288  0.00755817
        1170    -6.62106    -6.68282  0.00755189
        1171     -6.6224    -6.68277  0.00754562
        1172    -6.62385    -6.68272  0.00753935
        1173    -6.62572    -6.68267  0.00753308
        1174    -6.62737    -6.68263  0.00752681
        1175    -6.63041    -6.68258  0.00752053
        1176    -6.63226    -6.68254  0.00751426
        1177    -6.63452     -6.6825  0.00750799
        1178    -6.63622    -6.68246  0.00750172
        1179    -6.63866    -6.68242  0.00749545
        1180    -6.64119    -6.68239  0.00748917
        1181     -6.6438    -6.68235   0.0074829
        1182    -6.64681    -6.68232  0.00747663
        1183    -6.64892     -6.6823  0.00747037
        1184    -6.65207    -6.68227   0.0074641
        1185    -6.65432    -6.68225  0.00745784
        1186    -6.65696    -6.68223  0.00745158
        1187    -6.65998    -6.68221  0.00744533
        1188    -6.66208    -6.68219  0.00743908
        1189    -6.66456    -6.68217  0.00743284
        1190    -6.66708    -6.68216   0.0074266
        1191    -6.66965    -6.68215  0.00742038
        1192    -6.67291    -6.68214  0.00741415
        1193    -6.67619    -6.68214  0.00740794
        1194    -6.67919    -6.68214  0.00740174
        1195    -6.68253    -6.68214  0.00739554
        1196    -6.68525    -6.68214  0.00738936
        1197    -6.68798    -6.68214  0.00738319
        1198    -6.69008    -6.68215  0.00737703
        1199    -6.69445    -6.68216  0.00737088
        1200    -6.69754    -6.68217  0.00736475
        1201    -6.70094    -6.68219  0.00735864
        1202    -6.70401    -6.68221  0.00735254
        1203     -6.7074    -6.68223  0.00734645
        1204    -6.71045    -6.68225  0.00734039
        1205    -6.71348    -6.68228  0.00733434
        1206    -6.71714    -6.68231  0.00732832
        1207    -6.71979    -6.68234  0.00732231
        1208    -6.72209    -6.68237  0.00731633
        1209    -6.72533    -6.68241  0.00731036
        1210    -6.72788    -6.68244  0.00730442
        1211    -6.73072    -6.68248  0.00729849
        1212    -6.73415    -6.68253   0.0072926
        1213    -6.73689    -6.68257  0.00728672
        1214    -6.73893    -6.68262  0.00728087
        1215    -6.74156    -6.68267  0.00727504
        1216     -6.7438    -6.68272  0.00726923
        1217     -6.7463    -6.68277  0.00726344
        1218    -6.74874    -6.68282  0.00725768
        1219    -6.75078    -6.68288  0.00725194
        1220    -6.75276    -6.68294  0.00724622
        1221     -6.7553      -6.683  0.00724053
        1222    -6.75777    -6.68306  0.00723486
        1223    -6.75984    -6.68312  0.00722922
        1224     -6.7615    -6.68318   0.0072236
        1225    -6.76373    -6.68325    0.007218
        1226     -6.7662    -6.68332  0.00721243
        1227    -6.76761    -6.68339  0.00720688
        1228    -6.76926    -6.68346  0.00720135
        1229    -6.77114    -6.68353  0.00719584
        1230    -6.77261     -6.6836  0.00719036
        1231    -6.77432    -6.68367  0.00718489
        1232    -6.77593    -6.68375  0.00717945
        1233    -6.77714    -6.68382  0.00717403
        1234    -6.77922     -6.6839  0.00716863
        1235    -6.77993    -6.68398  0.00716325
        1236    -6.78054    -6.68406  0.00715788
        1237    -6.78203    -6.68414  0.00715253
        1238    -6.78246    -6.68422   0.0071472
        1239    -6.78313     -6.6843  0.00714187
        1240    -6.78404    -6.68438  0.00713657
        1241    -6.78486    -6.68446  0.00713127
        1242    -6.78657    -6.68454  0.00712601
        1243    -6.78691    -6.68462  0.00712075
        1244    -6.78748     -6.6847  0.00711551
        1245    -6.78766    -6.68479  0.00711027
        1246    -6.78808    -6.68487  0.00710505
        1247    -6.78811    -6.68495  0.00709983
        1248    -6.78807    -6.68503  0.00709462
        1249    -6.78796    -6.68512  0.00708942
        1250    -6.78778     -6.6852  0.00708423
        1251    -6.78786    -6.68528  0.00707904
        1252    -6.78724    -6.68536  0.00707385
        1253    -6.78786    -6.68544  0.00706868
        1254    -6.78843    -6.68553  0.00706352
        1255    -6.78895    -6.68561  0.00705837
        1256     -6.7891    -6.68569  0.00705323
        1257    -6.78857    -6.68577   0.0070481
        1258    -6.78896    -6.68586  0.00704297
        1259    -6.78771    -6.68594  0.00703784
        1260    -6.78708    -6.68602  0.00703272
        1261    -6.78674     -6.6861  0.00702759
        1262    -6.78638    -6.68618  0.00702247
        1263    -6.78503    -6.68625  0.00701735
        1264    -6.78399    -6.68633  0.00701222
        1265    -6.78326    -6.68641   0.0070071
        1266    -6.78286    -6.68648  0.00700198
        1267    -6.78212    -6.68656  0.00699686
        1268    -6.78204    -6.68664  0.00699175
        1269      -6.781    -6.68671  0.00698663
        1270    -6.78028    -6.68678  0.00698152
        1271    -6.77893    -6.68686   0.0069764
        1272     -6.7789    -6.68693  0.00697129
        1273    -6.77823      -6.687  0.00696619
        1274    -6.77791    -6.68707  0.00696108
        1275    -6.77697    -6.68714  0.00695598
        1276    -6.77638    -6.68721  0.00695088
        1277    -6.77679    -6.68728  0.00694579
        1278    -6.77594    -6.68735   0.0069407
        1279    -6.77513    -6.68742  0.00693562
        1280    -6.77371    -6.68749  0.00693052
        1281    -6.77363    -6.68755  0.00692544
        1282    -6.77295    -6.68762  0.00692036
        1283    -6.77297    -6.68769  0.00691528
        1284    -6.77206    -6.68775  0.00691021
        1285     -6.7712    -6.68782  0.00690514
        1286    -6.77202    -6.68788  0.00690008
        1287    -6.77159    -6.68795  0.00689502
        1288     -6.7709    -6.68801  0.00688997
        1289    -6.77091    -6.68808  0.00688493
        1290     -6.7713    -6.68814  0.00687989
        1291    -6.77143    -6.68821  0.00687487
        1292    -6.77193    -6.68827  0.00686985
        1293    -6.77218    -6.68834  0.00686484
        1294    -6.77312     -6.6884  0.00685985
        1295    -6.77348    -6.68847  0.00685487
        1296    -6.77423    -6.68853   0.0068499
        1297    -6.77503     -6.6886  0.00684494
        1298    -6.77557    -6.68867     0.00684
        1299    -6.77584    -6.68873  0.00683506
        1300    -6.77682     -6.6888  0.00683014
        1301     -6.7772    -6.68887  0.00682523
        1302    -6.77667    -6.68894  0.00682032
        1303    -6.77652      -6.689  0.00681541
        1304    -6.77804    -6.68907  0.00681053
        1305    -6.77799    -6.68914  0.00680565
        1306    -6.77896    -6.68921  0.00680079
        1307    -6.77997    -6.68928  0.00679594
        1308    -6.78102    -6.68935  0.00679111
        1309    -6.78178    -6.68942  0.00678628
        1310    -6.78291    -6.68949  0.00678148
        1311    -6.78408    -6.68956  0.00677669
        1312    -6.78527    -6.68964  0.00677192
        1313    -6.78649    -6.68971  0.00676716
        1314    -6.78773    -6.68978  0.00676242
        1315      -6.789    -6.68986   0.0067577
        1316    -6.79028    -6.68994    0.006753
        1317    -6.79157    -6.69001  0.00674831
        1318    -6.79287    -6.69009  0.00674364
        1319    -6.79482    -6.69017    0.006739
        1320    -6.79581    -6.69025  0.00673437
        1321    -6.79776    -6.69033  0.00672976
        1322    -6.79906    -6.69041  0.00672517
        1323    -6.79937     -6.6905  0.00672059
        1324        -6.8    -6.69058  0.00671603
        1325    -6.80158    -6.69066  0.00671148
        1326    -6.80282    -6.69075  0.00670695
        1327    -6.80435    -6.69083  0.00670244
        1328    -6.80553    -6.69092  0.00669795
        1329    -6.80635    -6.69101  0.00669348
        1330    -6.80746    -6.69109  0.00668902
        1331    -6.80885    -6.69118  0.00668458
        1332    -6.81052    -6.69127  0.00668016
        1333    -6.81182    -6.69136  0.00667576
        1334    -6.81275    -6.69145  0.00667137
        1335    -6.81297    -6.69155    0.006667
        1336    -6.81378    -6.69164  0.00666263
        1337    -6.81356    -6.69173  0.00665828
        1338    -6.81296    -6.69182  0.00665392
        1339    -6.81293    -6.69191  0.00664956
        1340    -6.81349      -6.692  0.00664522
        1341    -6.81431    -6.69209  0.00664089
        1342    -6.81472    -6.69218  0.00663657
        1343    -6.81506    -6.69227  0.00663226
        1344      -6.815    -6.69237  0.00662795
        1345    -6.81487    -6.69246  0.00662365
        1346    -6.81465    -6.69255  0.00661935
        1347      -6.815    -6.69264  0.00661506
        1348    -6.81592    -6.69273  0.00661079
        1349    -6.81578    -6.69282  0.00660651
        1350    -6.81523    -6.69291  0.00660224
        1351     -6.8146      -6.693  0.00659797
        1352    -6.81421    -6.69309   0.0065937
        1353    -6.81308    -6.69318  0.00658942
        1354    -6.81219    -6.69327  0.00658514
        1355    -6.81186    -6.69336  0.00658086
        1356    -6.81144    -6.69344  0.00657659
        1357    -6.81061    -6.69353  0.00657231
        1358    -6.81034    -6.69361  0.00656803
        1359    -6.80934     -6.6937  0.00656375
        1360    -6.80792    -6.69378  0.00655946
        1361    -6.80772    -6.69387  0.00655517
        1362    -6.80613    -6.69395  0.00655088
        1363    -6.80478    -6.69403  0.00654658
        1364      -6.804    -6.69411  0.00654228
        1365    -6.80281    -6.69419  0.00653797
        1366    -6.80121    -6.69427  0.00653365
        1367    -6.79921    -6.69435  0.00652932
        1368     -6.7981    -6.69442  0.00652499
        1369    -6.79562     -6.6945  0.00652064
        1370    -6.79371    -6.69457  0.00651628
        1371    -6.79141    -6.69464  0.00651191
        1372    -6.78967    -6.69471  0.00650754
        1373    -6.78722    -6.69478  0.00650315
        1374    -6.78534    -6.69484  0.00649875
        1375     -6.7834    -6.69491  0.00649434
        1376     -6.7801    -6.69497  0.00648991
        1377    -6.77673    -6.69503  0.00648547
        1378    -6.77395    -6.69508  0.00648102
        1379    -6.77143    -6.69514  0.00647656
        1380    -6.76885    -6.69519  0.00647208
        1381    -6.76655    -6.69525   0.0064676
        1382    -6.76386    -6.69529  0.00646311
        1383    -6.76144    -6.69534  0.00645862
        1384    -6.75833    -6.69539  0.00645411
        1385    -6.75581    -6.69543   0.0064496
        1386    -6.75325    -6.69547  0.00644508
        1387    -6.75032    -6.69551  0.00644055
        1388      -6.748    -6.69555  0.00643603
        1389    -6.74499    -6.69559  0.00643149
        1390     -6.7413    -6.69562  0.00642695
        1391    -6.73822    -6.69565   0.0064224
        1392    -6.73609    -6.69568  0.00641785
        1393    -6.73327    -6.69571   0.0064133
        1394    -6.72881    -6.69573  0.00640874
        1395     -6.7253    -6.69575  0.00640419
        1396    -6.72176    -6.69577  0.00639963
        1397    -6.71853    -6.69579  0.00639506
        1398    -6.71527     -6.6958  0.00639051
        1399    -6.71136    -6.69581  0.00638595
        1400    -6.70808    -6.69582  0.00638139
        1401    -6.70511    -6.69583  0.00637684
        1402    -6.70116    -6.69583  0.00637229
        1403    -6.69818    -6.69583  0.00636775
        1404    -6.69486    -6.69583  0.00636322
        1405    -6.69155    -6.69583  0.00635869
        1406    -6.68693    -6.69582  0.00635417
        1407    -6.68297    -6.69581  0.00634966
        1408    -6.67966     -6.6958  0.00634516
        1409    -6.67667    -6.69579  0.00634067
        1410    -6.67434    -6.69577  0.00633619
        1411    -6.67072    -6.69575  0.00633173
        1412    -6.66744    -6.69573  0.00632727
        1413    -6.66385    -6.69571  0.00632284
        1414    -6.66028    -6.69569  0.00631841
        1415    -6.65704    -6.69566  0.00631401
        1416    -6.65382    -6.69563  0.00630962
        1417    -6.65031     -6.6956  0.00630525
        1418    -6.64713    -6.69556  0.00630089
        1419    -6.64366    -6.69553  0.00629656
        1420    -6.64022    -6.69549  0.00629224
        1421    -6.63713    -6.69545  0.00628795
        1422    -6.63408     -6.6954  0.00628368
        1423    -6.63009    -6.69536  0.00627943
        1424     -6.6271    -6.69531   0.0062752
        1425    -6.62416    -6.69526    0.006271
        1426    -6.62125    -6.69521  0.00626681
        1427    -6.61806    -6.69515  0.00626266
        1428    -6.61524     -6.6951  0.00625852
        1429    -6.61247    -6.69504  0.00625441
        1430    -6.60974    -6.69498  0.00625032
        1431     -6.6061    -6.69492  0.00624626
        1432    -6.60315    -6.69485  0.00624223
        1433    -6.60026    -6.69479  0.00623822
        1434    -6.59775    -6.69472  0.00623424
        1435     -6.5953    -6.69465  0.00623028
        1436    -6.59323    -6.69458  0.00622634
        1437    -6.59155    -6.69451  0.00622242
        1438    -6.58896    -6.69444  0.00621852
        1439    -6.58709    -6.69436  0.00621465
        1440    -6.58528    -6.69429   0.0062108
        1441    -6.58322    -6.69421  0.00620696
        1442    -6.58091    -6.69413  0.00620316
        1443      -6.579    -6.69405  0.00619937
        1444    -6.57716    -6.69397  0.00619561
        1445    -6.57573    -6.69389  0.00619186
        1446    -6.57405     -6.6938  0.00618813
        1447    -6.57277    -6.69372  0.00618442
        1448    -6.57093    -6.69364  0.00618073
        1449    -6.56983    -6.69355  0.00617706
        1450    -6.56816    -6.69346   0.0061734
        1451    -6.56754    -6.69338  0.00616976
        1452     -6.5667    -6.69329  0.00616612
        1453    -6.56529     -6.6932  0.00616251
        1454     -6.5643    -6.69311  0.00615891
        1455    -6.56307    -6.69302  0.00615532
        1456    -6.56226    -6.69293  0.00615175
        1457    -6.56252    -6.69284  0.00614818
        1458    -6.56157    -6.69275  0.00614462
        1459    -6.56039    -6.69266  0.00614108
        1460    -6.56027    -6.69257  0.00613754
        1461    -6.56025    -6.69248  0.00613401
        1462    -6.56033    -6.69239  0.00613048
        1463    -6.55984     -6.6923  0.00612696
        1464     -6.5601    -6.69221  0.00612344
        1465    -6.55981    -6.69212  0.00611993
        1466    -6.55993    -6.69203  0.00611642
        1467    -6.55982    -6.69194  0.00611291
        1468     -6.5598    -6.69185  0.00610941
        1469    -6.55987    -6.69176  0.00610591
        1470    -6.56035    -6.69167  0.00610241
        1471    -6.56093    -6.69158  0.00609891
        1472    -6.56158    -6.69149  0.00609541
        1473    -6.56233    -6.69141   0.0060919
        1474    -6.56348    -6.69132  0.00608839
        1475    -6.56536    -6.69123  0.00608486
        1476    -6.56668    -6.69115  0.00608132
        1477    -6.56775    -6.69107  0.00607778
        1478    -6.56858    -6.69098  0.00607423
        1479     -6.5698     -6.6909  0.00607068
        1480     -6.5711    -6.69082  0.00606711
        1481    -6.57247    -6.69074  0.00606354
        1482    -6.57359    -6.69066  0.00605997
        1483    -6.57575    -6.69058  0.00605638
        1484    -6.57765    -6.69051  0.00605277
        1485    -6.57929    -6.69043  0.00604916
        1486    -6.58066    -6.69036  0.00604554
        1487    -6.58242    -6.69029  0.00604191
        1488    -6.58456    -6.69022  0.00603827
        1489    -6.58643    -6.69015  0.00603462
        1490    -6.58802    -6.69008  0.00603095
        1491    -6.59064    -6.69001  0.00602728
        1492    -6.59299    -6.68995  0.00602359
        1493    -6.59505    -6.68988  0.00601989
        1494    -6.59716    -6.68982  0.00601618
        1495    -6.59931    -6.68976  0.00601246
        1496     -6.6015     -6.6897  0.00600873
        1497    -6.60373    -6.68964  0.00600499
        1498    -6.60566    -6.68959  0.00600124
        1499    -6.60763    -6.68953  0.00599749
        1500    -6.61028    -6.68948  0.00599372
        1501    -6.61264    -6.68943  0.00598995
        1502    -6.61502    -6.68938  0.00598617
        1503    -6.61743    -6.68933  0.00598238
        1504    -6.61986    -6.68928  0.00597858
        1505    -6.62264    -6.68924  0.00597477
        1506     -6.6248     -6.6892  0.00597095
        1507    -6.62762    -6.68916  0.00596713
        1508    -6.62981    -6.68912   0.0059633
        1509    -6.63266    -6.68908  0.00595947
        1510    -6.63456    -6.68904  0.00595563
        1511    -6.63745    -6.68901  0.00595179
        1512    -6.64003    -6.68898  0.00594794
        1513    -6.64261    -6.68895  0.00594409
        1514    -6.64553    -6.68892  0.00594023
        1515    -6.64781    -6.68889  0.00593637
        1516    -6.65107    -6.68887  0.00593251
        1517    -6.65402    -6.68884  0.00592864
        1518    -6.65599    -6.68882  0.00592478
        1519    -6.65895     -6.6888  0.00592091
        1520    -6.66158    -6.68878  0.00591704
        1521    -6.66421    -6.68877  0.00591317
        1522    -6.66652    -6.68875  0.00590931
        1523    -6.66882    -6.68874  0.00590544
        1524    -6.67145    -6.68873  0.00590158
        1525    -6.67375    -6.68872  0.00589771
        1526    -6.67539    -6.68871  0.00589386
        1527    -6.67735     -6.6887     0.00589
        1528    -6.67962     -6.6887  0.00588615
        1529    -6.68221    -6.68869   0.0058823
        1530    -6.68413    -6.68869  0.00587846
        1531    -6.68798    -6.68869  0.00587462
        1532    -6.69084    -6.68869  0.00587078
        1533    -6.69303    -6.68869  0.00586695
        1534    -6.69553     -6.6887  0.00586313
        1535    -6.69768     -6.6887  0.00585931
        1536    -6.69981    -6.68871   0.0058555
        1537    -6.70159    -6.68872   0.0058517
        1538    -6.70399    -6.68873   0.0058479
        1539    -6.70635    -6.68874  0.00584412
        1540      -6.709    -6.68875  0.00584034
        1541    -6.71129    -6.68877  0.00583656
        1542    -6.71322    -6.68878   0.0058328
        1543    -6.71575     -6.6888  0.00582905
        1544     -6.7176    -6.68882   0.0058253
        1545    -6.71972    -6.68884  0.00582156
        1546    -6.72148    -6.68886  0.00581784
        1547    -6.72351    -6.68888  0.00581412
        1548    -6.72516    -6.68891  0.00581041
        1549    -6.72644    -6.68893  0.00580671
        1550    -6.72832    -6.68896  0.00580302
        1551    -6.72916    -6.68898  0.00579934
        1552    -6.73125    -6.68901  0.00579566
        1553    -6.73327    -6.68904    0.005792
        1554    -6.73459    -6.68907  0.00578835
        1555    -6.73617     -6.6891  0.00578471
        1556      -6.738    -6.68913  0.00578107
        1557    -6.74042    -6.68916  0.00577745
        1558    -6.74245     -6.6892  0.00577385
        1559    -6.74473    -6.68923  0.00577025
        1560    -6.74597    -6.68927  0.00576667
        1561    -6.74714    -6.68931  0.00576309
        1562    -6.74824    -6.68934  0.00575953
        1563    -6.74894    -6.68938  0.00575597
        1564    -6.74957    -6.68942  0.00575242
        1565    -6.75012    -6.68946  0.00574887
        1566    -6.75092     -6.6895  0.00574534
        1567    -6.75132    -6.68954  0.00574181
        1568    -6.75229    -6.68958  0.00573828
        1569    -6.75254    -6.68962  0.00573477
        1570    -6.75271    -6.68966  0.00573125
        1571    -6.75312     -6.6897  0.00572775
        1572    -6.75377    -6.68974  0.00572425
        1573    -6.75402    -6.68978  0.00572076
        1574     -6.7542    -6.68982  0.00571727
        1575    -6.75332    -6.68986  0.00571378
        1576    -6.75431     -6.6899   0.0057103
        1577    -6.75425    -6.68994  0.00570683
        1578    -6.75412    -6.68998  0.00570335
        1579    -6.75423    -6.69002  0.00569989
        1580    -6.75427    -6.69007  0.00569642
        1581    -6.75391    -6.69011  0.00569297
        1582    -6.75315    -6.69015  0.00568951
        1583    -6.75393    -6.69019  0.00568605
        1584    -6.75367    -6.69023  0.00568261
        1585    -6.75334    -6.69027  0.00567916
        1586    -6.75294    -6.69031  0.00567572
        1587    -6.75279    -6.69034  0.00567228
        1588     -6.7529    -6.69038  0.00566884
        1589    -6.75262    -6.69042  0.00566541
        1590    -6.75162    -6.69046  0.00566198
        1591    -6.75057     -6.6905  0.00565854
        1592    -6.74945    -6.69054  0.00565511
        1593    -6.74892    -6.69057  0.00565168
        1594    -6.74768    -6.69061  0.00564825
        1595    -6.74574    -6.69064  0.00564481
        1596    -6.74505    -6.69068  0.00564138
        1597    -6.74398    -6.69071  0.00563794
        1598    -6.74254    -6.69074  0.00563451
        1599    -6.74169    -6.69078  0.00563108
        1600    -6.74016    -6.69081  0.00562764
        1601    -6.73858    -6.69084  0.00562421
        1602    -6.73728    -6.69086  0.00562077
        1603    -6.73594    -6.69089  0.00561733
        1604    -6.73359    -6.69092  0.00561389
        1605    -6.73185    -6.69095  0.00561045
        1606    -6.73009    -6.69097  0.00560701
        1607    -6.72797    -6.69099  0.00560357
        1608     -6.7268    -6.69101  0.00560013
        1609    -6.72431    -6.69104  0.00559669
        1610    -6.72244    -6.69105  0.00559325
        1611    -6.72055    -6.69107  0.00558981
        1612    -6.71865    -6.69109  0.00558636
        1613    -6.71609    -6.69111  0.00558292
        1614    -6.71352    -6.69112  0.00557948
        1615    -6.71158    -6.69113  0.00557604
        1616    -6.71062    -6.69114   0.0055726
        1617    -6.70868    -6.69116  0.00556917
        1618    -6.70803    -6.69117  0.00556573
        1619    -6.70674    -6.69118  0.00556231
        1620    -6.70352    -6.69118  0.00555888
        1621    -6.70192    -6.69119  0.00555545
        1622    -6.70001     -6.6912  0.00555203
        1623    -6.69779     -6.6912  0.00554861
        1624    -6.69525     -6.6912  0.00554519
        1625    -6.69338     -6.6912  0.00554178
        1626    -6.69088     -6.6912  0.00553837
        1627    -6.68906     -6.6912  0.00553497
        1628    -6.68693     -6.6912  0.00553157
        1629    -6.68547     -6.6912  0.00552818
        1630    -6.68372    -6.69119  0.00552479
        1631    -6.68296    -6.69119   0.0055214
        1632    -6.68095    -6.69118  0.00551802
        1633    -6.67929    -6.69117  0.00551465
        1634    -6.67735    -6.69116  0.00551128
        1635    -6.67674    -6.69115  0.00550791
        1636    -6.67552    -6.69115  0.00550456
        1637    -6.67402    -6.69113   0.0055012
        1638    -6.67256    -6.69112  0.00549786
        1639    -6.67115    -6.69111  0.00549452
        1640    -6.67011     -6.6911  0.00549118
        1641    -6.66847    -6.69108  0.00548785
        1642    -6.66721    -6.69107  0.00548453
        1643    -6.66567    -6.69105  0.00548121
        1644    -6.66419    -6.69104   0.0054779
        1645    -6.66277    -6.69102   0.0054746
        1646    -6.66205      -6.691   0.0054713
        1647    -6.66074    -6.69099  0.00546801
        1648    -6.65949    -6.69097  0.00546473
        1649    -6.65895    -6.69095  0.00546145
        1650    -6.65718    -6.69093  0.00545817
        1651    -6.65645    -6.69091  0.00545491
        1652    -6.65545    -6.69088  0.00545165
        1653    -6.65517    -6.69086  0.00544839
        1654    -6.65529    -6.69084  0.00544514
        1655    -6.65514    -6.69082  0.00544189
        1656    -6.65442     -6.6908  0.00543865
        1657    -6.65377    -6.69077  0.00543542
        1658    -6.65319    -6.69075  0.00543219
        1659      -6.653    -6.69073  0.00542896
        1660    -6.65256    -6.69071  0.00542574
        1661    -6.65317    -6.69068  0.00542252
        1662    -6.65352    -6.69066   0.0054193
        1663    -6.65329    -6.69064  0.00541609
        1664    -6.65346    -6.69062  0.00541288
        1665    -6.65403    -6.69059  0.00540967
        1666    -6.65434    -6.69057  0.00540647
        1667    -6.65569    -6.69055  0.00540327
        1668    -6.65614    -6.69053  0.00540007
        1669    -6.65666    -6.69051  0.00539687
        1670    -6.65757    -6.69049  0.00539367
        1671    -6.65854    -6.69047  0.00539048
        1672    -6.65926    -6.69045  0.00538729
        1673    -6.65971    -6.69044   0.0053841
        1674    -6.66088    -6.69042  0.00538091
        1675    -6.66275     -6.6904  0.00537773
        1676    -6.66339    -6.69038  0.00537454
        1677    -6.66408    -6.69037  0.00537136
        1678    -6.66548    -6.69035  0.00536818
        1679    -6.66661    -6.69034    0.005365
        1680    -6.66778    -6.69033  0.00536182
        1681    -6.66933    -6.69031  0.00535865
        1682    -6.67059     -6.6903  0.00535548
        1683     -6.6719    -6.69029   0.0053523
        1684    -6.67324    -6.69028  0.00534914
        1685    -6.67462    -6.69027  0.00534597
        1686    -6.67603    -6.69026  0.00534281
        1687    -6.67715    -6.69026  0.00533964
        1688    -6.67829    -6.69025  0.00533649
        1689    -6.68011    -6.69024  0.00533333
        1690    -6.68162    -6.69024  0.00533018
        1691    -6.68379    -6.69023  0.00532702
        1692    -6.68501    -6.69023  0.00532388
        1693    -6.68657    -6.69023  0.00532073
        1694    -6.68813    -6.69023  0.00531759
        1695     -6.6897    -6.69023  0.00531446
        1696    -6.69062    -6.69023  0.00531132
        1697    -6.69219    -6.69023  0.00530819
        1698    -6.69375    -6.69023  0.00530507
        1699     -6.6953    -6.69023  0.00530194
        1700    -6.69685    -6.69024  0.00529883
        1701     -6.6987    -6.69024  0.00529571
        1702    -6.69989    -6.69025  0.00529261
        1703    -6.70106    -6.69025   0.0052895
        1704    -6.70221    -6.69026   0.0052864
        1705    -6.70366    -6.69027  0.00528331
        1706    -6.70542    -6.69028  0.00528022
        1707    -6.70682    -6.69029  0.00527713
        1708    -6.70818     -6.6903  0.00527405
        1709    -6.70952    -6.69031  0.00527098
        1710     -6.7105    -6.69032  0.00526791
        1711    -6.71079    -6.69033  0.00526485
        1712    -6.71137    -6.69035  0.00526179
        1713    -6.71289    -6.69036  0.00525873
        1714    -6.71404    -6.69037  0.00525568
        1715    -6.71515    -6.69039  0.00525264
        1716    -6.71621     -6.6904   0.0052496
        1717    -6.71659    -6.69042  0.00524656
        1718    -6.71758    -6.69043  0.00524353
        1719    -6.71851    -6.69045  0.00524051
        1720    -6.71973    -6.69047  0.00523749
        1721    -6.72123    -6.69048  0.00523447
        1722    -6.72203     -6.6905  0.00523147
        1723    -6.72214    -6.69052  0.00522846
        1724    -6.72285    -6.69054  0.00522546
        1725    -6.72352    -6.69056  0.00522247
        1726    -6.72318    -6.69058  0.00521948
        1727    -6.72311     -6.6906  0.00521649
        1728    -6.72366    -6.69062  0.00521351
        1729    -6.72481    -6.69064  0.00521053
        1730    -6.72527    -6.69066  0.00520755
        1731    -6.72569    -6.69068  0.00520458
        1732    -6.72607     -6.6907  0.00520162
        1733    -6.72673    -6.69072  0.00519866
        1734    -6.72737    -6.69074  0.00519571
        1735    -6.72731    -6.69076  0.00519275
        1736    -6.72658    -6.69078   0.0051898
        1737    -6.72647     -6.6908  0.00518686
        1738    -6.72599    -6.69082  0.00518391
        1739    -6.72614    -6.69084  0.00518097
        1740    -6.72626    -6.69086  0.00517803
        1741     -6.7257    -6.69088   0.0051751
        1742    -6.72641     -6.6909  0.00517217
        1743    -6.72646    -6.69092  0.00516924
        1744     -6.7268    -6.69094  0.00516632
        1745     -6.7268    -6.69096   0.0051634
        1746    -6.72743    -6.69098  0.00516048
        1747    -6.72708      -6.691  0.00515757
        1748    -6.72703    -6.69103  0.00515466
        1749    -6.72664    -6.69105  0.00515175
        1750    -6.72624    -6.69107  0.00514885
        1751    -6.72615    -6.69109  0.00514595
        1752    -6.72573    -6.69111  0.00514305
        1753    -6.72562    -6.69113  0.00514015
        1754    -6.72583    -6.69115  0.00513726
        1755    -6.72506    -6.69116  0.00513437
        1756    -6.72462    -6.69118  0.00513148
        1757    -6.72449     -6.6912  0.00512859
        1758    -6.72403    -6.69122  0.00512571
        1759    -6.72357    -6.69124  0.00512283
        1760    -6.72375    -6.69126  0.00511995
        1761    -6.72264    -6.69128  0.00511708
        1762     -6.7225    -6.69129   0.0051142
        1763    -6.72333    -6.69131  0.00511133
        1764    -6.72352    -6.69133  0.00510847
        1765    -6.72338    -6.69135  0.00510561
        1766    -6.72357    -6.69137  0.00510275
        1767    -6.72344    -6.69138  0.00509989
        1768    -6.72331     -6.6914  0.00509704
        1769    -6.72351    -6.69142  0.00509419
        1770    -6.72338    -6.69144  0.00509134
        1771    -6.72358    -6.69146   0.0050885
        1772    -6.72347    -6.69148  0.00508566
        1773    -6.72367    -6.69149  0.00508283
        1774    -6.72389    -6.69151  0.00507999
        1775     -6.7241    -6.69153  0.00507717
        1776    -6.72399    -6.69155  0.00507434
        1777    -6.72421    -6.69157  0.00507152
        1778    -6.72443    -6.69159   0.0050687
        1779    -6.72498     -6.6916  0.00506588
        1780    -6.72488    -6.69162  0.00506307
        1781    -6.72479    -6.69164  0.00506026
        1782    -6.72437    -6.69166  0.00505746
        1783    -6.72394    -6.69168  0.00505465
        1784    -6.72352     -6.6917  0.00505185
        1785     -6.7231    -6.69171  0.00504905
        1786    -6.72332    -6.69173  0.00504626
        1787    -6.72354    -6.69175  0.00504346
        1788    -6.72408    -6.69177  0.00504068
        1789    -6.72429    -6.69178  0.00503789
        1790    -6.72417     -6.6918  0.00503511
        1791    -6.72373    -6.69182  0.00503233
        1792    -6.72393    -6.69184  0.00502955
        1793    -6.72379    -6.69186  0.00502678
        1794    -6.72398    -6.69187  0.00502401
        1795    -6.72481    -6.69189  0.00502124
        1796    -6.72433    -6.69191  0.00501848
        1797    -6.72418    -6.69193  0.00501572
        1798    -6.72433    -6.69195  0.00501296
        1799    -6.72351    -6.69196  0.00501021
        1800    -6.72332    -6.69198  0.00500745
        1801    -6.72378      -6.692   0.0050047
        1802    -6.72325    -6.69202  0.00500196
        1803    -6.72207    -6.69203  0.00499921
        1804    -6.72249    -6.69205  0.00499647
        1805    -6.72193    -6.69207  0.00499373
        1806    -6.72168    -6.69208  0.00499099
        1807    -6.72239     -6.6921  0.00498825
        1808    -6.72211    -6.69212  0.00498552
        1809    -6.72182    -6.69213  0.00498279
        1810    -6.72152    -6.69215  0.00498007
        1811    -6.72055    -6.69216  0.00497734
        1812    -6.72086    -6.69218  0.00497462
        1813    -6.72019     -6.6922   0.0049719
        1814    -6.71982    -6.69221  0.00496918
        1815    -6.71976    -6.69223  0.00496647
        1816    -6.71936    -6.69224  0.00496376
        1817    -6.71927    -6.69226  0.00496105
        1818    -6.71883    -6.69227  0.00495834
        1819    -6.71773    -6.69229  0.00495563
        1820    -6.71629     -6.6923  0.00495293
        1821    -6.71677    -6.69231  0.00495023
        1822    -6.71658    -6.69233  0.00494753
        1823    -6.71605    -6.69234  0.00494483
        1824     -6.7155    -6.69235  0.00494214
        1825    -6.71493    -6.69236  0.00493944
        1826    -6.71434    -6.69238  0.00493675
        1827    -6.71372    -6.69239  0.00493407
        1828    -6.71276     -6.6924  0.00493138
        1829    -6.71178    -6.69241  0.00492869
        1830    -6.71272    -6.69242  0.00492601
        1831    -6.71137    -6.69243  0.00492333
        1832    -6.71033    -6.69244  0.00492066
        1833    -6.70958    -6.69245  0.00491798
        1834    -6.70849    -6.69246  0.00491531
        1835    -6.70802    -6.69247  0.00491264
        1836    -6.70753    -6.69247  0.00490997
        1837    -6.70669    -6.69248   0.0049073
        1838    -6.70551    -6.69249  0.00490463
        1839     -6.7043     -6.6925  0.00490197
        1840    -6.70372     -6.6925  0.00489931
        1841    -6.70247    -6.69251  0.00489665
        1842    -6.70151    -6.69251    0.004894
        1843    -6.70086    -6.69252  0.00489134
        1844    -6.69986    -6.69252  0.00488869
        1845    -6.69852    -6.69252  0.00488604
        1846    -6.69779    -6.69253   0.0048834
        1847     -6.6964    -6.69253  0.00488076
        1848    -6.69465    -6.69253  0.00487811
        1849    -6.69354    -6.69253  0.00487548
        1850    -6.69175    -6.69253  0.00487284
        1851    -6.68961    -6.69253  0.00487021
        1852     -6.6881    -6.69253  0.00486758
        1853    -6.68657    -6.69252  0.00486495
        1854    -6.68533    -6.69252  0.00486233
        1855    -6.68407    -6.69251  0.00485971
        1856    -6.68279    -6.69251   0.0048571
        1857    -6.68149     -6.6925  0.00485448
        1858    -6.68049     -6.6925  0.00485188
        1859    -6.67849    -6.69249  0.00484927
        1860     -6.6768    -6.69248  0.00484667
        1861    -6.67509    -6.69247  0.00484408
        1862    -6.67368    -6.69246  0.00484149
        1863    -6.67193    -6.69245   0.0048389
        1864    -6.67048    -6.69244  0.00483632
        1865    -6.66837    -6.69243  0.00483374
        1866    -6.66689    -6.69241  0.00483117
        1867    -6.66539     -6.6924   0.0048286
        1868    -6.66356    -6.69238  0.00482604
        1869    -6.66203    -6.69237  0.00482349
        1870    -6.65984    -6.69235  0.00482094
        1871    -6.65796    -6.69233   0.0048184
        1872    -6.65639    -6.69231  0.00481586
        1873    -6.65481    -6.69229  0.00481333
        1874    -6.65323    -6.69227  0.00481081
        1875    -6.65163    -6.69225  0.00480829
        1876    -6.64971    -6.69223  0.00480578
        1877    -6.64876     -6.6922  0.00480328
        1878    -6.64683    -6.69218  0.00480078
        1879    -6.64555    -6.69215  0.00479829
        1880    -6.64395    -6.69213  0.00479581
        1881    -6.64234     -6.6921  0.00479333
        1882    -6.64042    -6.69207  0.00479086
        1883    -6.63883    -6.69205   0.0047884
        1884    -6.63757    -6.69202  0.00478595
        1885    -6.63567    -6.69199   0.0047835
        1886     -6.6341    -6.69196  0.00478107
        1887    -6.63288    -6.69193  0.00477863
        1888    -6.63135    -6.69189  0.00477621
        1889    -6.62983    -6.69186   0.0047738
        1890    -6.62899    -6.69183  0.00477139
        1891    -6.62784    -6.69179  0.00476898
        1892     -6.6264    -6.69176  0.00476659
        1893    -6.62595    -6.69172   0.0047642
        1894    -6.62489    -6.69169  0.00476181
        1895    -6.62321    -6.69165  0.00475944
        1896    -6.62222    -6.69162  0.00475707
        1897    -6.62158    -6.69158   0.0047547
        1898    -6.62034    -6.69154  0.00475234
        1899     -6.6185     -6.6915     0.00475
        1900    -6.61799    -6.69146  0.00474766
        1901    -6.61721    -6.69142  0.00474532
        1902     -6.6168    -6.69139  0.00474299
        1903    -6.61579    -6.69135  0.00474066
        1904    -6.61516    -6.69131  0.00473834
        1905    -6.61458    -6.69127  0.00473602
        1906    -6.61406    -6.69123  0.00473371
        1907    -6.61327    -6.69118  0.00473141
        1908    -6.61221    -6.69114  0.00472911
        1909    -6.61122     -6.6911  0.00472681
        1910    -6.61062    -6.69106  0.00472453
        1911    -6.60943    -6.69102  0.00472225
        1912    -6.60961    -6.69097  0.00471997
        1913    -6.60856    -6.69093   0.0047177
        1914    -6.60822    -6.69089  0.00471543
        1915    -6.60795    -6.69084  0.00471317
        1916     -6.6084     -6.6908  0.00471091
        1917    -6.60763    -6.69076  0.00470865
        1918    -6.60757    -6.69071  0.00470639
        1919    -6.60726    -6.69067  0.00470414
        1920    -6.60735    -6.69063  0.00470189
        1921    -6.60718    -6.69058  0.00469964
        1922    -6.60708    -6.69054   0.0046974
        1923    -6.60738     -6.6905  0.00469516
        1924    -6.60645    -6.69045  0.00469292
        1925    -6.60722    -6.69041  0.00469068
        1926    -6.60773    -6.69037  0.00468844
        1927    -6.60831    -6.69032   0.0046862
        1928    -6.60895    -6.69028  0.00468396
        1929    -6.61032    -6.69024  0.00468172
        1930    -6.61109     -6.6902  0.00467947
        1931    -6.61226    -6.69016  0.00467722
        1932    -6.61284    -6.69012  0.00467497
        1933     -6.6138    -6.69008  0.00467272
        1934    -6.61483    -6.69004  0.00467047
        1935    -6.61526       -6.69  0.00466821
        1936     -6.6164    -6.68996  0.00466596
        1937    -6.61726    -6.68993   0.0046637
        1938     -6.6185    -6.68989  0.00466144
        1939    -6.62011    -6.68985  0.00465917
        1940    -6.62176    -6.68982   0.0046569
        1941    -6.62313    -6.68978  0.00465463
        1942    -6.62454    -6.68975  0.00465235
        1943    -6.62598    -6.68972  0.00465008
        1944    -6.62746    -6.68969  0.00464779
        1945    -6.62896    -6.68966  0.00464551
        1946    -6.63082    -6.68962  0.00464322
        1947    -6.63238     -6.6896  0.00464093
        1948    -6.63364    -6.68957  0.00463863
        1949    -6.63555    -6.68954  0.00463634
        1950    -6.63716    -6.68951  0.00463404
        1951    -6.63911    -6.68949  0.00463173
        1952    -6.64073    -6.68946  0.00462943
        1953    -6.64268    -6.68944  0.00462712
        1954    -6.64431    -6.68941  0.00462481
        1955    -6.64593    -6.68939   0.0046225
        1956    -6.64723    -6.68937  0.00462019
        1957    -6.64851    -6.68935  0.00461787
        1958    -6.65043    -6.68933  0.00461556
        1959    -6.65233    -6.68931  0.00461324
        1960    -6.65324    -6.68929  0.00461092
        1961    -6.65477    -6.68927   0.0046086
        1962    -6.65627    -6.68926  0.00460629
        1963    -6.65678    -6.68924  0.00460397
        1964    -6.65822    -6.68923  0.00460165
        1965    -6.66027    -6.68921  0.00459933
        1966    -6.66196     -6.6892  0.00459701
        1967    -6.66329    -6.68918   0.0045947
        1968    -6.66554    -6.68917  0.00459238
        1969    -6.66646    -6.68916  0.00459006
        1970    -6.66733    -6.68915  0.00458774
        1971    -6.66847    -6.68914  0.00458543
        1972    -6.66956    -6.68913  0.00458311
        1973    -6.67028    -6.68912   0.0045808
        1974    -6.67127    -6.68911  0.00457849
        1975    -6.67252     -6.6891  0.00457618
        1976     -6.6734    -6.68909  0.00457387
        1977     -6.6739    -6.68909  0.00457156
        1978    -6.67434    -6.68908  0.00456926
        1979    -6.67505    -6.68907  0.00456695
        1980    -6.67441    -6.68906  0.00456465
        1981    -6.67565    -6.68906  0.00456235
        1982    -6.67587    -6.68905  0.00456006
        1983    -6.67668    -6.68904  0.00455776
        1984    -6.67678    -6.68904  0.00455547
        1985    -6.67684    -6.68903  0.00455318
        1986    -6.67717    -6.68903  0.00455089
        1987    -6.67744    -6.68902   0.0045486
        1988    -6.67832    -6.68902  0.00454632
        1989    -6.67818    -6.68901  0.00454403
        1990    -6.67832      -6.689  0.00454175
        1991    -6.67842      -6.689  0.00453948
        1992    -6.67849    -6.68899   0.0045372
        1993    -6.67852    -6.68899  0.00453493
        1994    -6.67917    -6.68898  0.00453266
        1995    -6.67882    -6.68898  0.00453039
        1996    -6.67909    -6.68897  0.00452812
        1997    -6.67934    -6.68897  0.00452585
        1998    -6.67893    -6.68896  0.00452359
        1999    -6.67915    -6.68896  0.00452133
        2000    -6.67871    -6.68895  0.00451907
