           1        2.25        2.25           0
           2     2.24978     2.24989 7.66787e-05
           3     2.24913     2.24964 0.000212711
           4     2.24805     2.24924 0.000379111
           5     2.24654      2.2487 0.000571178
           6     2.24459     2.24802 0.000785822
           7     2.24222     2.24719  0.00102083
           8     2.23941     2.24622  0.00127453
           9     2.23618      2.2451  0.00154557
          10     2.23252     2.24384  0.00183286
          11     2.22843     2.24244  0.00213539
          12     2.22392      2.2409  0.00245236
          13     2.21899     2.23921  0.00278296
          14     2.21365     2.23739  0.00312649
          15     2.20788     2.23542  0.00348242
          16      2.2017     2.23331  0.00385016
          17      2.1951     2.23106  0.00422916
          18      2.1881     2.22868  0.00461892
          19     2.18069     2.22615  0.00501906
          20     2.17287     2.22349  0.00542928
          21     2.16464     2.22069  0.00584933
          22     2.15601     2.21775  0.00627889
          23     2.14698     2.21467  0.00671765
          24     2.13754     2.21146  0.00716537
          25      2.1277      2.2081  0.00762186
          26     2.11746     2.20462  0.00808689
          27     2.10682       2.201  0.00856029
          28     2.09578     2.19724  0.00904185
          29     2.08434     2.19335  0.00953136
          30     2.07251     2.18932   0.0100286
          31     2.06029     2.18516   0.0105334
          32     2.04768     2.18086   0.0110456
          33     2.03469     2.17643   0.0115649
          34     2.02132     2.17187   0.0120912
          35     2.00756     2.16717   0.0126242
          36     1.99343     2.16235   0.0131638
          37     1.97893     2.15739   0.0137097
          38     1.96406      2.1523   0.0142617
          39     1.94883     2.14709   0.0148196
          40     1.93324     2.14174   0.0153833
          41      1.9173     2.13626   0.0159523
          42     1.90102     2.13066   0.0165266
          43      1.8844     2.12494   0.0171058
          44     1.86744     2.11908   0.0176898
          45     1.85016     2.11311   0.0182783
          46     1.83257     2.10701    0.018871
          47     1.81466     2.10079   0.0194677
          48     1.79645     2.09445   0.0200681
          49     1.77794     2.08799   0.0206719
          50     1.75915     2.08141    0.021279
          51     1.74009     2.07472   0.0218889
          52     1.72076     2.06791   0.0225015
          53     1.70118     2.06099   0.0231163
          54     1.68136     2.05396   0.0237332
          55      1.6613     2.04682   0.0243518
          56     1.64103     2.03958   0.0249719
          57     1.62055     2.03223    0.025593
          58     1.59987     2.02477   0.0262149
          59     1.57901     2.01722   0.0268372
          60     1.55799     2.00956   0.0274596
          61     1.53682     2.00181   0.0280818
          62      1.5155     1.99397   0.0287034
          63     1.49407     1.98603   0.0293241
          64     1.47253     1.97801   0.0299435
          65      1.4509      1.9699   0.0305612
          66      1.4292     1.96171   0.0311768
          67     1.40745     1.95344   0.0317901
          68     1.38565     1.94509   0.0324006
          69     1.36384     1.93666    0.033008
          70     1.34202     1.92817   0.0336118
          71     1.32022     1.91961   0.0342116
          72     1.29846     1.91098   0.0348072
          73     1.27675     1.90229   0.0353981
          74     1.25511     1.89354   0.0359839
          75     1.23357     1.88475   0.0365642
          76     1.21214      1.8759   0.0371387
          77     1.19084       1.867    0.037707
          78      1.1697     1.85806   0.0382687
          79     1.14872     1.84908   0.0388233
          80     1.12793     1.84007   0.0393706
          81     1.10736     1.83102   0.0399102
          82     1.08701     1.82195   0.0404417
          83     1.06691     1.81285   0.0409648
          84     1.04708     1.80373   0.0414791
          85     1.02754      1.7946   0.0419843
          86      1.0083     1.78546     0.04248
          87    0.989375     1.77631   0.0429659
          88    0.970793     1.76715   0.0434418
          89    0.952565       1.758   0.0439073
          90    0.934708     1.74885   0.0443621
          91    0.917237     1.73972    0.044806
          92    0.900169     1.73059   0.0452387
          93    0.883515     1.72148     0.04566
          94    0.867291     1.71239   0.0460696
          95     0.85151     1.70333   0.0464674
          96    0.836182      1.6943   0.0468531
          97    0.821319      1.6853   0.0472265
          98    0.806932     1.67634   0.0475875
          99     0.79303     1.66741    0.047936
         100    0.779622     1.65854   0.0482717
         101    0.766714     1.64971   0.0485947
         102    0.754313     1.64093   0.0489047
         103    0.742426     1.63221   0.0492018
         104    0.731058     1.62354   0.0494858
         105    0.720213     1.61494   0.0497567
         106    0.709892      1.6064   0.0500145
         107    0.700099     1.59793   0.0502592
         108    0.690834     1.58953   0.0504907
         109    0.682097      1.5812   0.0507092
         110    0.673888     1.57296   0.0509146
         111    0.666205     1.56479    0.051107
         112    0.659047      1.5567   0.0512866
         113    0.652409      1.5487   0.0514533
         114    0.646288     1.54078   0.0516072
         115    0.640679     1.53296   0.0517486
         116    0.635577     1.52522   0.0518775
         117    0.630975     1.51758   0.0519941
         118    0.626867     1.51003   0.0520985
         119    0.623245     1.50258   0.0521909
         120    0.620101     1.49522   0.0522716
         121    0.617426     1.48797   0.0523406
         122    0.615212     1.48081   0.0523981
         123    0.613447     1.47376   0.0524445
         124    0.612122     1.46681   0.0524799
         125    0.611227     1.45997   0.0525045
         126     0.61075     1.45323   0.0525186
         127     0.61068     1.44659   0.0525224
         128    0.611006     1.44007   0.0525162
         129    0.611715     1.43364   0.0525002
         130    0.612795     1.42733   0.0524747
         131    0.614234     1.42112   0.0524399
         132     0.61602     1.41502   0.0523962
         133    0.618139     1.40903   0.0523437
         134    0.620581     1.40315   0.0522827
         135     0.62333     1.39737   0.0522135
         136    0.626375      1.3917   0.0521365
         137    0.629702     1.38614   0.0520518
         138    0.633299     1.38069   0.0519597
         139    0.637152     1.37534   0.0518605
         140    0.641249     1.37009   0.0517544
         141    0.645578     1.36495   0.0516418
         142    0.650125     1.35992   0.0515229
         143    0.654879     1.35499    0.051398
         144    0.659827     1.35016   0.0512673
         145    0.664958     1.34544    0.051131
         146     0.67026     1.34081   0.0509895
         147     0.67572     1.33629    0.050843
         148    0.681328     1.33186   0.0506917
         149    0.687071     1.32754   0.0505358
         150    0.692939      1.3233   0.0503757
         151     0.69892     1.31917   0.0502115
         152    0.705005     1.31513   0.0500435
         153    0.711184     1.31118   0.0498718
         154    0.717446     1.30733   0.0496968
         155    0.723782     1.30356   0.0495186
         156    0.730182     1.29989   0.0493374
         157    0.736637      1.2963   0.0491534
         158    0.743139      1.2928   0.0489668
         159    0.749679     1.28938   0.0487778
         160    0.756248     1.28605   0.0485866
         161    0.762839      1.2828   0.0483934
         162    0.769443     1.27963   0.0481983
         163    0.776053     1.27654   0.0480016
         164    0.782664     1.27353   0.0478032
         165    0.789267      1.2706   0.0476035
         166    0.795858     1.26774   0.0474026
         167     0.80243     1.26495   0.0472006
         168    0.808976     1.26224   0.0469976
         169    0.815492     1.25959   0.0467938
         170    0.821971     1.25702   0.0465893
         171    0.828409     1.25451   0.0463842
         172      0.8348     1.25207   0.0461786
         173    0.841141      1.2497   0.0459728
         174    0.847427     1.24738   0.0457667
         175    0.853653     1.24513   0.0455604
         176    0.859815     1.24294   0.0453541
         177     0.86591     1.24081   0.0451479
         178    0.871933     1.23874   0.0449418
         179    0.877882     1.23673   0.0447359
         180    0.883754     1.23476   0.0445303
         181    0.889546     1.23286   0.0443251
         182    0.895254       1.231   0.0441204
         183    0.900876      1.2292   0.0439161
         184    0.906409     1.22744   0.0437125
         185    0.911851     1.22574   0.0435095
         186    0.917201     1.22408   0.0433072
         187    0.922455     1.22247   0.0431056
         188     0.92761      1.2209   0.0429048
         189    0.932664     1.21937   0.0427049
         190    0.937617     1.21789   0.0425059
         191    0.942466     1.21645   0.0423078
         192    0.947209     1.21505   0.0421107
         193    0.951846     1.21368   0.0419146
         194    0.956374     1.21236   0.0417195
         195    0.960793     1.21107   0.0415255
         196    0.965098     1.20981   0.0413326
         197     0.96929     1.20859   0.0411408
         198    0.973365      1.2074   0.0409502
         199    0.977324     1.20625   0.0407607
         200    0.981164     1.20512   0.0405724
         201    0.984885     1.20402   0.0403854
         202    0.988484     1.20296   0.0401995
         203    0.991961     1.20192    0.040015
         204    0.995315     1.20091   0.0398316
         205    0.998545     1.19992   0.0396495
         206     1.00165     1.19896   0.0394687
         207     1.00463     1.19802   0.0392892
         208     1.00748      1.1971    0.039111
         209     1.01021     1.19621   0.0389341
         210      1.0128     1.19533   0.0387585
         211     1.01527     1.19448   0.0385842
         212     1.01761     1.19365   0.0384112
         213     1.01982     1.19283   0.0382396
         214      1.0219     1.19203   0.0380692
         215     1.02384     1.19125   0.0379002
         216     1.02566     1.19048   0.0377325
         217     1.02734     1.18973   0.0375661
         218      1.0289     1.18899    0.037401
         219     1.03032     1.18827   0.0372372
         220     1.03161     1.18756   0.0370748
         221     1.03278     1.18686   0.0369136
         222     1.03381     1.18617   0.0367538
         223     1.03472     1.18549   0.0365953
         224      1.0355     1.18482    0.036438
         225     1.03615     1.18416   0.0362821
         226     1.03669      1.1835   0.0361274
         227      1.0371     1.18286    0.035974
         228     1.03738     1.18222   0.0358219
         229     1.03755     1.18159    0.035671
         230      1.0376     1.18096   0.0355214
         231     1.03754     1.18034   0.0353731
         232     1.03736     1.17973    0.035226
         233     1.03707     1.17911   0.0350801
         234     1.03667     1.17851   0.0349355
         235     1.03617      1.1779   0.0347921
         236     1.03557      1.1773   0.0346499
         237     1.03487      1.1767   0.0345089
         238     1.03407      1.1761   0.0343691
         239     1.03319      1.1755   0.0342305
         240     1.03222      1.1749   0.0340931
         241     1.03116      1.1743   0.0339568
         242     1.03003     1.17371   0.0338217
         243     1.02883     1.17311   0.0336878
         244     1.02755     1.17252    0.033555
         245     1.02621     1.17192   0.0334234
         246     1.02481     1.17132   0.0332928
         247     1.02335     1.17072   0.0331634
         248     1.02185     1.17012   0.0330352
         249      1.0203     1.16952    0.032908
         250     1.01871     1.16892   0.0327819
         251     1.01709     1.16831   0.0326568
         252     1.01544     1.16771   0.0325329
         253     1.01376      1.1671     0.03241
         254     1.01207     1.16649   0.0322881
         255     1.01036     1.16587   0.0321673
         256     1.00865     1.16526   0.0320475
         257     1.00693     1.16464   0.0319287
         258     1.00521     1.16403    0.031811
         259      1.0035     1.16341   0.0316942
         260     1.00181     1.16278   0.0315784
         261     1.00014     1.16216   0.0314635
         262    0.998486     1.16154   0.0313496
         263    0.996863     1.16091   0.0312367
         264    0.995273     1.16028   0.0311247
         265    0.993723     1.15965   0.0310136
         266    0.992216     1.15903   0.0309034
         267    0.990756     1.15839    0.030794
         268    0.989349     1.15776   0.0306856
         269    0.987997     1.15713    0.030578
         270    0.986704      1.1565   0.0304713
         271    0.985475     1.15587   0.0303654
         272    0.984313     1.15524   0.0302603
         273    0.983222     1.15461    0.030156
         274    0.982206     1.15398   0.0300525
         275    0.981267     1.15335   0.0299498
         276    0.980406     1.15273   0.0298478
         277    0.979629      1.1521   0.0297466
         278    0.978936     1.15148   0.0296461
         279    0.978333     1.15086   0.0295464
         280    0.977819     1.15024   0.0294473
         281    0.977395     1.14962   0.0293489
         282    0.977063     1.14901   0.0292512
         283    0.976824      1.1484   0.0291542
         284    0.976679      1.1478   0.0290578
         285    0.976629      1.1472   0.0289621
         286    0.976675      1.1466   0.0288669
         287    0.976817     1.14601   0.0287724
         288    0.977056     1.14542   0.0286785
         289    0.977391     1.14484   0.0285852
         290    0.977823     1.14427   0.0284924
         291    0.978352      1.1437   0.0284002
         292    0.978977     1.14313   0.0283085
         293    0.979699     1.14257   0.0282174
         294    0.980516     1.14202   0.0281268
         295    0.981427     1.14148   0.0280367
         296    0.982432     1.14094   0.0279472
         297    0.983529     1.14041   0.0278581
         298    0.984716     1.13989   0.0277695
         299    0.985991     1.13937   0.0276814
         300    0.987353     1.13887   0.0275938
         301      0.9888     1.13837   0.0275066
         302    0.990329     1.13788   0.0274199
         303    0.991939      1.1374   0.0273336
         304    0.993627     1.13692   0.0272478
         305    0.995392     1.13646   0.0271624
         306     0.99723     1.13601   0.0270775
         307    0.999141     1.13556   0.0269929
         308     1.00112     1.13512   0.0269088
         309     1.00317      1.1347   0.0268251
         310     1.00528     1.13428   0.0267418
         311     1.00744     1.13387    0.026659
         312     1.00967     1.13347   0.0265765
         313     1.01195     1.13308   0.0264944
         314     1.01429     1.13271   0.0264127
         315     1.01667     1.13234   0.0263315
         316      1.0191     1.13198   0.0262506
         317     1.02158     1.13163   0.0261701
         318     1.02409     1.13129     0.02609
         319     1.02664     1.13097   0.0260102
         320     1.02922     1.13065   0.0259309
         321     1.03183     1.13034   0.0258519
         322     1.03447     1.13004   0.0257734
         323     1.03713     1.12975   0.0256952
         324      1.0398     1.12948   0.0256174
         325      1.0425     1.12921   0.0255399
         326      1.0452     1.12895   0.0254629
         327     1.04791      1.1287   0.0253862
         328     1.05063     1.12847     0.02531
         329     1.05334     1.12824   0.0252341
         330     1.05606     1.12802   0.0251585
         331     1.05877     1.12781   0.0250834
         332     1.06146     1.12761   0.0250086
         333     1.06415     1.12742   0.0249343
         334     1.06682     1.12724   0.0248603
         335     1.06946     1.12706   0.0247867
         336     1.07209      1.1269   0.0247134
         337     1.07468     1.12675   0.0246406
         338     1.07724      1.1266   0.0245681
         339     1.07976     1.12646    0.024496
         340     1.08225     1.12633   0.0244243
         341     1.08469     1.12621    0.024353
         342     1.08708     1.12609   0.0242821
         343     1.08942     1.12599   0.0242115
         344     1.09171     1.12589   0.0241413
         345     1.09394      1.1258   0.0240715
         346     1.09611     1.12571   0.0240021
         347     1.09821     1.12563   0.0239331
         348     1.10025     1.12556   0.0238644
         349     1.10222     1.12549   0.0237961
         350     1.10412     1.12543   0.0237282
         351     1.10594     1.12537   0.0236607
         352     1.10769     1.12532   0.0235935
         353     1.10935     1.12528   0.0235267
         354     1.11094     1.12524   0.0234603
         355     1.11244      1.1252   0.0233942
         356     1.11386     1.12517   0.0233286
         357     1.11519     1.12514   0.0232632
         358     1.11644     1.12512   0.0231983
         359      1.1176      1.1251   0.0231336
         360     1.11867     1.12508   0.0230694
         361     1.11966     1.12506   0.0230055
         362     1.12057     1.12505   0.0229419
         363     1.12139     1.12504   0.0228788
         364     1.12213     1.12503   0.0228159
         365     1.12278     1.12503   0.0227534
         366     1.12336     1.12502   0.0226912
         367     1.12386     1.12502   0.0226294
         368     1.12428     1.12502   0.0225679
         369     1.12463     1.12502   0.0225067
         370     1.12491     1.12502   0.0224459
         371     1.12513     1.12502   0.0223854
         372     1.12528     1.12502   0.0223252
         373     1.12538     1.12502   0.0222654
         374     1.12542     1.12502   0.0222058
         375     1.12542     1.12502   0.0221466
         376     1.12537     1.12502   0.0220877
         377     1.12528     1.12502   0.0220291
         378     1.12517     1.12502   0.0219709
         379     1.12503     1.12502   0.0219129
         380     1.12486     1.12502   0.0218552
         381     1.12469     1.12502   0.0217979
         382      1.1245     1.12502   0.0217408
         383     1.12432     1.12502    0.021684
         384     1.12413     1.12502   0.0216276
         385     1.12396     1.12501   0.0215714
         386     1.12381     1.12501   0.0215155
         387     1.12369     1.12501   0.0214599
         388     1.12359       1.125   0.0214046
         389     1.12353       1.125   0.0213496
         390     1.12352       1.125   0.0212948
         391     1.12356     1.12499   0.0212404
         392     1.12365     1.12499   0.0211862
         393      1.1238     1.12499   0.0211323
         394     1.12402     1.12498   0.0210787
         395     1.12431     1.12498   0.0210253
         396     1.12468     1.12498   0.0209722
         397     1.12513     1.12498   0.0209194
         398     1.12566     1.12498   0.0208668
         399     1.12627     1.12499   0.0208145
         400     1.12698     1.12499   0.0207625
         401     1.12778       1.125   0.0207107
         402     1.12867     1.12501   0.0206592
         403     1.12965     1.12502   0.0206079
         404     1.13074     1.12503   0.0205569
         405     1.13191     1.12505   0.0205062
         406     1.13319     1.12507   0.0204557
         407     1.13456     1.12509   0.0204054
         408     1.13602     1.12512   0.0203554
         409     1.13757     1.12515   0.0203057
         410     1.13921     1.12518   0.0202562
         411     1.14094     1.12522   0.0202069
         412     1.14274     1.12526   0.0201579
         413     1.14463     1.12531   0.0201092
         414      1.1466     1.12536   0.0200607
         415     1.14863     1.12542   0.0200124
         416     1.15073     1.12548   0.0199644
         417     1.15289     1.12555   0.0199166
         418     1.15511     1.12562   0.0198691
         419     1.15738     1.12569   0.0198218
         420     1.15969     1.12577   0.0197748
         421     1.16205     1.12586    0.019728
         422     1.16444     1.12595   0.0196815
         423     1.16687     1.12605   0.0196352
         424     1.16931     1.12615   0.0195891
         425     1.17178     1.12626   0.0195433
         426     1.17426     1.12637   0.0194978
         427     1.17675     1.12649   0.0194525
         428     1.17924     1.12661   0.0194074
         429     1.18173     1.12674   0.0193626
         430     1.18421     1.12687    0.019318
         431     1.18669     1.12701   0.0192737
         432     1.18914     1.12716   0.0192296
         433     1.19158      1.1273   0.0191858
         434     1.19399     1.12746   0.0191422
         435     1.19637     1.12762   0.0190989
         436     1.19872     1.12778   0.0190558
         437     1.20103     1.12795   0.0190129
         438     1.20331     1.12812   0.0189703
         439     1.20554      1.1283   0.0189279
         440     1.20772     1.12848   0.0188857
         441     1.20986     1.12866   0.0188438
         442     1.21194     1.12885   0.0188021
         443     1.21397     1.12904   0.0187606
         444     1.21595     1.12924   0.0187194
         445     1.21786     1.12944   0.0186784
         446     1.21972     1.12964   0.0186376
         447     1.22152     1.12984   0.0185971
         448     1.22326     1.13005   0.0185567
         449     1.22493     1.13026   0.0185166
         450     1.22654     1.13048   0.0184767
         451     1.22808     1.13069    0.018437
         452     1.22955     1.13091   0.0183975
         453     1.23096     1.13113   0.0183582
         454     1.23229     1.13136   0.0183191
         455     1.23356     1.13158   0.0182802
         456     1.23475     1.13181   0.0182415
         457     1.23588     1.13204    0.018203
         458     1.23693     1.13226   0.0181647
         459     1.23791     1.13249   0.0181266
         460     1.23882     1.13273   0.0180887
         461     1.23966     1.13296   0.0180509
         462     1.24042     1.13319   0.0180134
         463     1.24111     1.13342    0.017976
         464     1.24173     1.13366   0.0179387
         465     1.24228     1.13389   0.0179017
         466     1.24275     1.13412   0.0178648
         467     1.24315     1.13436   0.0178281
         468     1.24348     1.13459   0.0177915
         469     1.24374     1.13482   0.0177551
         470     1.24392     1.13506   0.0177188
         471     1.24403     1.13529   0.0176827
         472     1.24407     1.13552   0.0176468
         473     1.24403     1.13575   0.0176109
         474     1.24392     1.13597   0.0175753
         475     1.24374      1.1362   0.0175397
         476      1.2435     1.13643   0.0175043
         477     1.24317     1.13665   0.0174691
         478     1.24278     1.13687   0.0174339
         479     1.24232     1.13709   0.0173989
         480     1.24179     1.13731    0.017364
         481      1.2412     1.13753   0.0173293
         482     1.24053     1.13774   0.0172946
         483      1.2398     1.13795   0.0172601
         484       1.239     1.13816   0.0172257
         485     1.23814     1.13837   0.0171914
         486     1.23722     1.13857   0.0171573
         487     1.23623     1.13877   0.0171232
         488     1.23518     1.13897   0.0170893
         489     1.23407     1.13916   0.0170554
         490     1.23291     1.13935   0.0170217
         491     1.23169     1.13954   0.0169881
         492     1.23041     1.13973   0.0169545
         493     1.22909     1.13991   0.0169211
         494     1.22772     1.14009   0.0168878
         495      1.2263     1.14026   0.0168546
         496     1.22484     1.14043   0.0168215
         497     1.22334      1.1406   0.0167884
         498      1.2218     1.14076   0.0167555
         499     1.22023     1.14092   0.0167227
         500     1.21862     1.14108     0.01669
         501     1.21699     1.14123   0.0166574
         502     1.21534     1.14137   0.0166248
         503     1.21367     1.14152   0.0165924
         504     1.21197     1.14166   0.0165601
         505     1.21027     1.14179   0.0165278
         506     1.20855     1.14193   0.0164957
         507     1.20683     1.14205   0.0164637
         508     1.20511     1.14218   0.0164317
         509      1.2034      1.1423   0.0163999
         510     1.20169     1.14241   0.0163681
         511     1.19999     1.14253   0.0163365
         512     1.19831     1.14264   0.0163049
         513     1.19665     1.14274   0.0162735
         514     1.19502     1.14284   0.0162422
         515     1.19341     1.14294   0.0162109
         516     1.19184     1.14304   0.0161798
         517     1.19031     1.14313   0.0161487
         518     1.18882     1.14322   0.0161178
         519     1.18738      1.1433    0.016087
         520     1.18599     1.14338   0.0160562
         521     1.18466     1.14346   0.0160256
         522     1.18338     1.14354   0.0159951
         523     1.18217     1.14361   0.0159647
         524     1.18103     1.14368   0.0159344
         525     1.17995     1.14375   0.0159042
         526     1.17895     1.14382   0.0158741
         527     1.17803     1.14389   0.0158441
         528     1.17719     1.14395   0.0158142
         529     1.17644     1.14401   0.0157844
         530     1.17576     1.14407   0.0157548
         531     1.17518     1.14413   0.0157252
         532     1.17469     1.14419   0.0156958
         533     1.17429     1.14424   0.0156664
         534     1.17399      1.1443   0.0156372
         535     1.17379     1.14435    0.015608
         536     1.17368     1.14441    0.015579
         537     1.17368     1.14446   0.0155501
         538     1.17377     1.14452   0.0155213
         539     1.17397     1.14457   0.0154926
         540     1.17427     1.14463    0.015464
         541     1.17467     1.14468   0.0154355
         542     1.17518     1.14474   0.0154071
         543     1.17578      1.1448   0.0153789
         544     1.17649     1.14485   0.0153507
         545      1.1773     1.14491   0.0153227
         546      1.1782     1.14497   0.0152947
         547     1.17921     1.14504   0.0152669
         548     1.18031      1.1451   0.0152392
         549     1.18151     1.14517   0.0152115
         550     1.18281     1.14524    0.015184
         551     1.18419     1.14531   0.0151567
         552     1.18566     1.14538   0.0151294
         553     1.18722     1.14546   0.0151022
         554     1.18887     1.14553   0.0150751
         555     1.19059     1.14561   0.0150482
         556     1.19239      1.1457   0.0150214
         557     1.19427     1.14579   0.0149947
         558     1.19622     1.14588   0.0149681
         559     1.19823     1.14597   0.0149416
         560     1.20031     1.14607   0.0149152
         561     1.20245     1.14617    0.014889
         562     1.20465     1.14627   0.0148628
         563      1.2069     1.14638   0.0148368
         564      1.2092     1.14649   0.0148109
         565     1.21155     1.14661   0.0147852
         566     1.21394     1.14672   0.0147595
         567     1.21636     1.14685    0.014734
         568     1.21882     1.14697   0.0147086
         569     1.22131     1.14711   0.0146833
         570     1.22383     1.14724   0.0146582
         571     1.22637     1.14738   0.0146332
         572     1.22893     1.14752   0.0146083
         573     1.23151     1.14767   0.0145835
         574     1.23409     1.14782   0.0145589
         575     1.23669     1.14797   0.0145344
         576     1.23929     1.14813     0.01451
         577     1.24189     1.14829   0.0144858
         578     1.24449     1.14846   0.0144617
         579     1.24709     1.14863   0.0144377
         580     1.24968      1.1488   0.0144139
         581     1.25225     1.14898   0.0143902
         582     1.25482     1.14916   0.0143666
         583     1.25737     1.14935   0.0143431
         584      1.2599     1.14954   0.0143198
         585     1.26242     1.14973   0.0142967
         586      1.2649     1.14993   0.0142736
         587     1.26736     1.15013   0.0142507
         588      1.2698     1.15033   0.0142279
         589      1.2722     1.15054   0.0142053
         590     1.27457     1.15075   0.0141827
         591      1.2769     1.15096   0.0141603
         592      1.2792     1.15118   0.0141381
         593     1.28146      1.1514   0.0141159
         594     1.28369     1.15162   0.0140939
         595     1.28587     1.15185   0.0140721
         596     1.28801     1.15208   0.0140503
         597     1.29011     1.15231   0.0140287
         598     1.29217     1.15254   0.0140072
         599     1.29418     1.15278   0.0139858
         600     1.29615     1.15302   0.0139645
         601     1.29806     1.15326   0.0139434
         602     1.29993      1.1535   0.0139223
         603     1.30176     1.15375   0.0139014
         604     1.30353       1.154   0.0138806
         605     1.30526     1.15425   0.0138599
         606     1.30694      1.1545   0.0138393
         607     1.30858     1.15475   0.0138189
         608     1.31016     1.15501   0.0137985
         609     1.31169     1.15526   0.0137782
         610     1.31318     1.15552   0.0137581
         611     1.31462     1.15578    0.013738
         612     1.31601     1.15605   0.0137181
         613     1.31735     1.15631   0.0136982
         614     1.31864     1.15657   0.0136785
         615     1.31988     1.15684   0.0136588
         616     1.32108     1.15711   0.0136392
         617     1.32222     1.15737   0.0136197
         618     1.32332     1.15764   0.0136003
         619     1.32436     1.15791    0.013581
         620     1.32536     1.15818   0.0135618
         621     1.32631     1.15845   0.0135427
         622     1.32721     1.15872   0.0135236
         623     1.32807     1.15899   0.0135047
         624     1.32887     1.15927   0.0134858
         625     1.32962     1.15954   0.0134669
         626     1.33033     1.15981   0.0134482
         627     1.33098     1.16009   0.0134295
         628     1.33159     1.16036   0.0134109
         629     1.33214     1.16063   0.0133924
         630     1.33265      1.1609   0.0133739
         631      1.3331     1.16118   0.0133555
         632      1.3335     1.16145   0.0133371
         633     1.33386     1.16172   0.0133188
         634     1.33416     1.16199   0.0133006
         635     1.33441     1.16227   0.0132824
         636     1.33461     1.16254   0.0132643
         637     1.33475     1.16281   0.0132462
         638     1.33485     1.16308   0.0132282
         639     1.33489     1.16335   0.0132103
         640     1.33489     1.16361   0.0131923
         641     1.33483     1.16388   0.0131745
         642     1.33472     1.16415   0.0131566
         643     1.33455     1.16441   0.0131388
         644     1.33433     1.16468   0.0131211
         645     1.33406     1.16494   0.0131034
         646     1.33374      1.1652   0.0130857
         647     1.33336     1.16546    0.013068
         648     1.33292     1.16572   0.0130504
         649     1.33243     1.16597   0.0130328
         650     1.33188     1.16623   0.0130153
         651     1.33127     1.16648   0.0129978
         652     1.33061     1.16674   0.0129803
         653     1.32989     1.16699   0.0129628
         654     1.32912     1.16723   0.0129453
         655     1.32829     1.16748   0.0129279
         656      1.3274     1.16772   0.0129105
         657     1.32646     1.16796   0.0128931
         658     1.32546      1.1682   0.0128757
         659      1.3244     1.16844   0.0128584
         660     1.32328     1.16868    0.012841
         661     1.32211     1.16891   0.0128237
         662     1.32088     1.16914   0.0128064
         663     1.31959     1.16936   0.0127891
         664     1.31825     1.16959   0.0127718
         665     1.31684     1.16981   0.0127545
         666     1.31539     1.17003   0.0127372
         667     1.31387     1.17024     0.01272
         668      1.3123     1.17046   0.0127027
         669     1.31068     1.17067   0.0126854
         670     1.30901     1.17087   0.0126682
         671     1.30728     1.17108   0.0126509
         672      1.3055     1.17128   0.0126337
         673     1.30368     1.17147   0.0126165
         674      1.3018     1.17167   0.0125992
         675     1.29988     1.17186    0.012582
         676     1.29791     1.17204   0.0125648
         677     1.29591     1.17223   0.0125475
         678     1.29386      1.1724   0.0125303
         679     1.29177     1.17258   0.0125131
         680     1.28965     1.17275   0.0124959
         681     1.28749     1.17292   0.0124787
         682      1.2853     1.17309   0.0124614
         683     1.28308     1.17325   0.0124442
         684     1.28083      1.1734    0.012427
         685     1.27855     1.17356   0.0124098
         686     1.27625     1.17371   0.0123927
         687     1.27394     1.17385   0.0123755
         688      1.2716       1.174   0.0123583
         689     1.26925     1.17413   0.0123411
         690     1.26689     1.17427    0.012324
         691     1.26452      1.1744   0.0123068
         692     1.26214     1.17453   0.0122897
         693     1.25976     1.17465   0.0122726
         694     1.25739     1.17477   0.0122555
         695     1.25501     1.17488   0.0122384
         696     1.25264       1.175   0.0122213
         697     1.25028      1.1751   0.0122043
         698     1.24793     1.17521   0.0121872
         699      1.2456     1.17531   0.0121702
         700     1.24328     1.17541   0.0121532
         701     1.24097      1.1755   0.0121362
         702     1.23869     1.17559   0.0121193
         703     1.23644     1.17568   0.0121024
         704     1.23421     1.17576   0.0120854
         705       1.232     1.17584   0.0120686
         706     1.22983     1.17591   0.0120517
         707     1.22768     1.17599   0.0120349
         708     1.22557     1.17606   0.0120181
         709     1.22349     1.17612   0.0120013
         710     1.22144     1.17619   0.0119846
         711     1.21943     1.17625   0.0119679
         712     1.21746     1.17631   0.0119512
         713     1.21552     1.17636   0.0119346
         714     1.21362     1.17641    0.011918
         715     1.21176     1.17646   0.0119014
         716     1.20993     1.17651   0.0118849
         717     1.20814     1.17655   0.0118684
         718     1.20638      1.1766   0.0118519
         719     1.20466     1.17664   0.0118355
         720     1.20297     1.17667   0.0118191
         721     1.20131     1.17671   0.0118028
         722     1.19969     1.17674   0.0117865
         723      1.1981     1.17677   0.0117702
         724     1.19654     1.17679    0.011754
         725     1.19501     1.17682   0.0117378
         726     1.19351     1.17684   0.0117217
         727     1.19203     1.17686   0.0117056
         728     1.19058     1.17688   0.0116895
         729     1.18914      1.1769   0.0116735
         730     1.18773     1.17691   0.0116575
         731     1.18634     1.17693   0.0116416
         732     1.18496     1.17694   0.0116257
         733     1.18359     1.17695   0.0116098
         734     1.18224     1.17695    0.011594
         735     1.18089     1.17696   0.0115782
         736     1.17955     1.17696   0.0115625
         737     1.17822     1.17697   0.0115468
         738     1.17689     1.17697   0.0115312
         739     1.17556     1.17696   0.0115156
         740     1.17422     1.17696      0.0115
         741     1.17288     1.17695   0.0114845
         742     1.17154     1.17695    0.011469
         743     1.17019     1.17694   0.0114536
         744     1.16883     1.17693   0.0114382
         745     1.16745     1.17691   0.0114228
         746     1.16607      1.1769   0.0114075
         747     1.16466     1.17688   0.0113923
         748     1.16324     1.17686    0.011377
         749     1.16181     1.17684   0.0113619
         750     1.16035     1.17682   0.0113467
         751     1.15888      1.1768   0.0113317
         752     1.15738     1.17677   0.0113166
         753     1.15586     1.17675   0.0113016
         754     1.15432     1.17672   0.0112867
         755     1.15275     1.17668   0.0112718
         756     1.15116     1.17665   0.0112569
         757     1.14954     1.17661   0.0112421
         758      1.1479     1.17658   0.0112273
         759     1.14623     1.17654   0.0112126
         760     1.14453     1.17649   0.0111979
         761     1.14281     1.17645   0.0111833
         762     1.14106      1.1764   0.0111687
         763     1.13928     1.17635   0.0111542
         764     1.13748      1.1763   0.0111397
         765     1.13565     1.17625   0.0111253
         766      1.1338      1.1762   0.0111109
         767     1.13192     1.17614   0.0110966
         768     1.13002     1.17608   0.0110823
         769     1.12809     1.17602    0.011068
         770     1.12614     1.17595   0.0110539
         771     1.12416     1.17588   0.0110397
         772     1.12217     1.17581   0.0110256
         773     1.12015     1.17574   0.0110116
         774     1.11812     1.17567   0.0109976
         775     1.11607     1.17559   0.0109837
         776     1.11401     1.17551   0.0109698
         777     1.11193     1.17543    0.010956
         778     1.10984     1.17534   0.0109423
         779     1.10774     1.17526   0.0109286
         780     1.10563     1.17517   0.0109149
         781     1.10352     1.17508   0.0109013
         782      1.1014     1.17498   0.0108878
         783     1.09928     1.17489   0.0108743
         784     1.09716     1.17479   0.0108609
         785     1.09505     1.17469   0.0108476
         786     1.09293     1.17458   0.0108342
         787     1.09082     1.17447    0.010821
         788     1.08873     1.17437   0.0108078
         789     1.08664     1.17425   0.0107947
         790     1.08457     1.17414   0.0107816
         791     1.08251     1.17403   0.0107686
         792     1.08047     1.17391   0.0107557
         793     1.07845     1.17379   0.0107428
         794     1.07646     1.17366   0.0107299
         795     1.07449     1.17354   0.0107172
         796     1.07255     1.17341   0.0107045
         797     1.07064     1.17328   0.0106918
         798     1.06876     1.17315   0.0106792
         799     1.06692     1.17302   0.0106667
         800     1.06512     1.17289   0.0106542
         801     1.06336     1.17275   0.0106418
         802     1.06164     1.17261   0.0106294
         803     1.05997     1.17247   0.0106171
         804     1.05834     1.17233   0.0106048
         805     1.05676     1.17218   0.0105926
         806     1.05523     1.17204   0.0105805
         807     1.05376     1.17189   0.0105684
         808     1.05234     1.17174   0.0105563
         809     1.05098      1.1716   0.0105444
         810     1.04969     1.17144   0.0105324
         811     1.04845     1.17129   0.0105205
         812     1.04728     1.17114   0.0105087
         813     1.04618     1.17099   0.0104969
         814     1.04515     1.17083   0.0104851
         815     1.04419     1.17068   0.0104734
         816      1.0433     1.17052   0.0104617
         817     1.04249     1.17036   0.0104501
         818     1.04176     1.17021   0.0104385
         819      1.0411     1.17005   0.0104269
         820     1.04053     1.16989   0.0104154
         821     1.04003     1.16973   0.0104039
         822     1.03962     1.16957   0.0103925
         823     1.03929     1.16942   0.0103811
         824     1.03905     1.16926   0.0103697
         825     1.03889      1.1691   0.0103583
         826     1.03882     1.16894    0.010347
         827     1.03884     1.16878   0.0103356
         828     1.03894     1.16863   0.0103244
         829     1.03913     1.16847   0.0103131
         830     1.03941     1.16832   0.0103018
         831     1.03978     1.16816   0.0102906
         832     1.04024     1.16801   0.0102794
         833     1.04079     1.16786   0.0102682
         834     1.04143      1.1677    0.010257
         835     1.04216     1.16755   0.0102458
         836     1.04297      1.1674   0.0102346
         837     1.04388     1.16726   0.0102235
         838     1.04487     1.16711   0.0102123
         839     1.04595     1.16697   0.0102012
         840     1.04712     1.16682     0.01019
         841     1.04836     1.16668   0.0101789
         842      1.0497     1.16654   0.0101677
         843     1.05111     1.16641   0.0101566
         844      1.0526     1.16627   0.0101454
         845     1.05416     1.16614   0.0101343
         846      1.0558     1.16601   0.0101232
         847     1.05752     1.16588    0.010112
         848      1.0593     1.16576   0.0101009
         849     1.06114     1.16563   0.0100897
         850     1.06305     1.16551   0.0100786
         851     1.06502     1.16539   0.0100674
         852     1.06705     1.16528   0.0100563
         853     1.06913     1.16517   0.0100451
         854     1.07126     1.16506    0.010034
         855     1.07343     1.16495   0.0100228
         856     1.07565     1.16484   0.0100116
         857      1.0779     1.16474   0.0100005
         858     1.08019     1.16464  0.00998929
         859     1.08251     1.16455  0.00997812
         860     1.08486     1.16446  0.00996695
         861     1.08723     1.16437  0.00995578
         862     1.08962     1.16428   0.0099446
         863     1.09202      1.1642  0.00993343
         864     1.09443     1.16411  0.00992226
         865     1.09685     1.16404   0.0099111
         866     1.09927     1.16396  0.00989994
         867     1.10169     1.16389  0.00988878
         868      1.1041     1.16382  0.00987763
         869      1.1065     1.16376  0.00986648
         870     1.10889     1.16369  0.00985534
         871     1.11127     1.16363  0.00984421
         872     1.11362     1.16357  0.00983309
         873     1.11595     1.16352  0.00982197
         874     1.11826     1.16347  0.00981087
         875     1.12054     1.16342  0.00979978
         876     1.12279     1.16337  0.00978871
         877     1.12501     1.16333  0.00977764
         878     1.12719     1.16329  0.00976659
         879     1.12933     1.16325  0.00975556
         880     1.13143     1.16321  0.00974454
         881      1.1335     1.16318  0.00973354
         882     1.13551     1.16315  0.00972255
         883     1.13749     1.16312  0.00971158
         884     1.13941     1.16309  0.00970064
         885     1.14129     1.16307  0.00968971
         886     1.14312     1.16305  0.00967879
         887     1.14489     1.16302   0.0096679
         888     1.14662     1.16301  0.00965704
         889     1.14829     1.16299  0.00964619
         890      1.1499     1.16297  0.00963536
         891     1.15146     1.16296  0.00962455
         892     1.15297     1.16295  0.00961377
         893     1.15442     1.16294  0.00960301
         894     1.15581     1.16293  0.00959227
         895     1.15715     1.16293  0.00958156
         896     1.15843     1.16292  0.00957086
         897     1.15965     1.16292  0.00956019
         898     1.16081     1.16292  0.00954955
         899     1.16192     1.16291  0.00953893
         900     1.16298     1.16291  0.00952833
         901     1.16398     1.16292  0.00951775
         902     1.16492     1.16292   0.0095072
         903      1.1658     1.16292  0.00949667
         904     1.16663     1.16293  0.00948617
         905      1.1674     1.16293  0.00947569
         906     1.16812     1.16294  0.00946523
         907     1.16878     1.16294   0.0094548
         908     1.16939     1.16295  0.00944439
         909     1.16994     1.16296    0.009434
         910     1.17044     1.16297  0.00942364
         911     1.17089     1.16297   0.0094133
         912     1.17129     1.16298  0.00940298
         913     1.17164     1.16299  0.00939268
         914     1.17194       1.163  0.00938241
         915     1.17219     1.16301  0.00937216
         916      1.1724     1.16302  0.00936194
         917     1.17256     1.16303  0.00935174
         918     1.17267     1.16304  0.00934155
         919     1.17274     1.16305   0.0093314
         920     1.17277     1.16306  0.00932126
         921     1.17276     1.16308  0.00931114
         922     1.17271     1.16309  0.00930105
         923     1.17262      1.1631  0.00929098
         924     1.17249     1.16311  0.00928093
         925     1.17232     1.16312   0.0092709
         926     1.17212     1.16313  0.00926089
         927     1.17189     1.16314  0.00925091
         928     1.17163     1.16314  0.00924095
         929     1.17134     1.16315    0.009231
         930     1.17101     1.16316  0.00922108
         931     1.17067     1.16317  0.00921118
         932      1.1703     1.16318   0.0092013
         933      1.1699     1.16318  0.00919144
         934     1.16949     1.16319   0.0091816
         935     1.16905      1.1632  0.00917178
         936      1.1686      1.1632  0.00916199
         937     1.16813     1.16321  0.00915221
         938     1.16764     1.16321  0.00914245
         939     1.16714     1.16322  0.00913272
         940     1.16663     1.16322    0.009123
         941     1.16611     1.16322  0.00911331
         942     1.16558     1.16323  0.00910364
         943     1.16504     1.16323  0.00909398
         944     1.16449     1.16323  0.00908435
         945     1.16393     1.16323  0.00907474
         946     1.16338     1.16323  0.00906514
         947     1.16282     1.16323  0.00905557
         948     1.16225     1.16323  0.00904602
         949     1.16169     1.16323  0.00903649
         950     1.16113     1.16323  0.00902697
         951     1.16057     1.16322  0.00901748
         952     1.16001     1.16322  0.00900801
         953     1.15945     1.16322  0.00899856
         954      1.1589     1.16321  0.00898913
         955     1.15836     1.16321  0.00897972
         956     1.15782      1.1632  0.00897033
         957     1.15728     1.16319  0.00896095
         958     1.15675     1.16319   0.0089516
         959     1.15623     1.16318  0.00894227
         960     1.15571     1.16317  0.00893296
         961     1.15519     1.16316  0.00892367
         962     1.15468     1.16316   0.0089144
         963     1.15418     1.16315  0.00890515
         964     1.15368     1.16314  0.00889591
         965     1.15319     1.16313   0.0088867
         966      1.1527     1.16312  0.00887751
         967     1.15222      1.1631  0.00886833
         968     1.15174     1.16309  0.00885918
         969     1.15127     1.16308  0.00885005
         970      1.1508     1.16307  0.00884093
         971     1.15034     1.16305  0.00883184
         972     1.14988     1.16304  0.00882276
         973     1.14942     1.16303   0.0088137
         974     1.14897     1.16301  0.00880467
         975     1.14852       1.163  0.00879565
         976     1.14807     1.16298  0.00878665
         977     1.14762     1.16297  0.00877767
         978     1.14717     1.16295  0.00876871
         979     1.14673     1.16293  0.00875977
         980     1.14628     1.16292  0.00875085
         981     1.14584      1.1629  0.00874194
         982     1.14539     1.16288  0.00873306
         983     1.14495     1.16286  0.00872419
         984      1.1445     1.16284  0.00871535
         985     1.14405     1.16283  0.00870652
         986     1.14361     1.16281  0.00869771
         987     1.14316     1.16279  0.00868892
         988     1.14271     1.16277  0.00868015
         989     1.14226     1.16274   0.0086714
         990     1.14181     1.16272  0.00866267
         991     1.14136      1.1627  0.00865395
         992      1.1409     1.16268  0.00864526
         993     1.14045     1.16266  0.00863658
         994        1.14     1.16264  0.00862792
         995     1.13955     1.16261  0.00861928
         996     1.13911     1.16259  0.00861066
         997     1.13866     1.16256  0.00860206
         998     1.13822     1.16254  0.00859347
         999     1.13777     1.16252  0.00858491
        1000     1.13734     1.16249  0.00857636
        1001     1.13691     1.16246  0.00856783
        1002     1.13649     1.16244  0.00855932
        1003     1.13607     1.16241  0.00855082
        1004     1.13566     1.16239  0.00854235
        1005     1.13526     1.16236  0.00853389
        1006     1.13486     1.16233  0.00852545
        1007     1.13448      1.1623  0.00851703
        1008     1.13411     1.16228  0.00850863
        1009     1.13375     1.16225  0.00850024
        1010     1.13341     1.16222  0.00849187
        1011     1.13308     1.16219  0.00848352
        1012     1.13276     1.16216  0.00847519
        1013     1.13247     1.16213  0.00846687
        1014     1.13219      1.1621  0.00845858
        1015     1.13193     1.16207  0.00845029
        1016     1.13169     1.16204  0.00844203
        1017     1.13148     1.16201  0.00843378
        1018     1.13129     1.16198  0.00842555
        1019     1.13112     1.16195  0.00841734
        1020     1.13099     1.16192  0.00840914
        1021     1.13088     1.16189  0.00840096
        1022     1.13081     1.16186  0.00839279
        1023     1.13077     1.16183  0.00838464
        1024     1.13076      1.1618  0.00837651
        1025     1.13078     1.16177  0.00836839
        1026     1.13084     1.16174  0.00836029
        1027     1.13094     1.16171  0.00835221
        1028     1.13107     1.16168  0.00834413
        1029     1.13125     1.16165  0.00833608
        1030     1.13147     1.16162  0.00832804
        1031     1.13173     1.16159  0.00832001
        1032     1.13203     1.16156    0.008312
        1033     1.13238     1.16153    0.008304
        1034     1.13276     1.16151  0.00829601
        1035     1.13319     1.16148  0.00828804
        1036     1.13367     1.16145  0.00828009
        1037     1.13419     1.16143  0.00827214
        1038     1.13475      1.1614  0.00826421
        1039     1.13535     1.16138   0.0082563
        1040       1.136     1.16135  0.00824839
        1041     1.13669     1.16133  0.00824051
        1042     1.13742      1.1613  0.00823263
        1043      1.1382     1.16128  0.00822477
        1044     1.13901     1.16126  0.00821691
        1045     1.13986     1.16124  0.00820908
        1046     1.14075     1.16122  0.00820125
        1047     1.14167      1.1612  0.00819344
        1048     1.14263     1.16118  0.00818564
        1049     1.14362     1.16117  0.00817786
        1050     1.14464     1.16115  0.00817008
        1051     1.14569     1.16114  0.00816232
        1052     1.14676     1.16112  0.00815457
        1053     1.14785     1.16111  0.00814684
        1054     1.14897      1.1611  0.00813912
        1055      1.1501     1.16109  0.00813141
        1056     1.15125     1.16108  0.00812372
        1057     1.15241     1.16107  0.00811603
        1058     1.15357     1.16106  0.00810837
        1059     1.15474     1.16106  0.00810071
        1060     1.15592     1.16105  0.00809307
        1061     1.15709     1.16105  0.00808544
        1062     1.15826     1.16105  0.00807783
        1063     1.15943     1.16105  0.00807023
        1064     1.16058     1.16105  0.00806265
        1065     1.16172     1.16105  0.00805508
        1066     1.16285     1.16105  0.00804752
        1067     1.16396     1.16105  0.00803998
        1068     1.16504     1.16105  0.00803245
        1069      1.1661     1.16106  0.00802494
        1070     1.16714     1.16106  0.00801744
        1071     1.16813     1.16107  0.00800996
        1072      1.1691     1.16108  0.00800249
        1073     1.17002     1.16109  0.00799504
        1074     1.17091      1.1611   0.0079876
        1075     1.17175     1.16111  0.00798017
        1076     1.17255     1.16112  0.00797276
        1077      1.1733     1.16113  0.00796537
        1078     1.17401     1.16114  0.00795799
        1079     1.17466     1.16115  0.00795062
        1080     1.17525     1.16117  0.00794327
        1081     1.17579     1.16118  0.00793594
        1082     1.17627     1.16119  0.00792861
        1083     1.17669     1.16121  0.00792131
        1084     1.17705     1.16122  0.00791401
        1085     1.17735     1.16124  0.00790673
        1086     1.17759     1.16125  0.00789946
        1087     1.17776     1.16127  0.00789221
        1088     1.17786     1.16128  0.00788497
        1089     1.17789      1.1613  0.00787775
        1090     1.17786     1.16131  0.00787053
        1091     1.17775     1.16133  0.00786334
        1092     1.17757     1.16134  0.00785615
        1093     1.17733     1.16136  0.00784897
        1094     1.17701     1.16137  0.00784181
        1095     1.17662     1.16139  0.00783466
        1096     1.17616      1.1614  0.00782753
        1097     1.17563     1.16141   0.0078204
        1098     1.17503     1.16142  0.00781329
        1099     1.17436     1.16144  0.00780619
        1100     1.17362     1.16145   0.0077991
        1101     1.17281     1.16146  0.00779202
        1102     1.17193     1.16147  0.00778496
        1103     1.17099     1.16148  0.00777791
        1104     1.16997     1.16148  0.00777086
        1105      1.1689     1.16149  0.00776383
        1106     1.16775      1.1615  0.00775682
        1107     1.16655      1.1615  0.00774981
        1108     1.16529      1.1615  0.00774282
        1109     1.16396     1.16151  0.00773584
        1110     1.16259     1.16151  0.00772887
        1111     1.16115     1.16151  0.00772191
        1112     1.15966     1.16151  0.00771497
        1113     1.15812      1.1615  0.00770803
        1114     1.15654      1.1615  0.00770112
        1115      1.1549     1.16149  0.00769421
        1116     1.15323     1.16148  0.00768732
        1117     1.15151     1.16148  0.00768044
        1118     1.14976     1.16147  0.00767358
        1119     1.14797     1.16145  0.00766673
        1120     1.14616     1.16144   0.0076599
        1121     1.14431     1.16142  0.00765308
        1122     1.14245     1.16141  0.00764628
        1123     1.14056     1.16139  0.00763949
        1124     1.13866     1.16137  0.00763272
        1125     1.13675     1.16135  0.00762597
        1126     1.13482     1.16132  0.00761923
        1127     1.13289      1.1613  0.00761252
        1128     1.13096     1.16127  0.00760581
        1129     1.12903     1.16124  0.00759913
        1130     1.12711     1.16121  0.00759247
        1131     1.12519     1.16118  0.00758582
        1132     1.12329     1.16115  0.00757919
        1133     1.12141     1.16111  0.00757258
        1134     1.11956     1.16108    0.007566
        1135     1.11773     1.16104  0.00755943
        1136     1.11594       1.161  0.00755288
        1137     1.11418     1.16096  0.00754635
        1138     1.11246     1.16091  0.00753983
        1139     1.11079     1.16087  0.00753334
        1140     1.10916     1.16082  0.00752687
        1141     1.10759     1.16078  0.00752042
        1142     1.10607     1.16073  0.00751399
        1143     1.10462     1.16068  0.00750757
        1144     1.10322     1.16063  0.00750118
        1145      1.1019     1.16058   0.0074948
        1146     1.10065     1.16053  0.00748845
        1147     1.09947     1.16047  0.00748211
        1148     1.09837     1.16042  0.00747578
        1149     1.09735     1.16036  0.00746948
        1150     1.09641     1.16031  0.00746319
        1151     1.09556     1.16025  0.00745692
        1152      1.0948      1.1602  0.00745066
        1153     1.09414     1.16014  0.00744442
        1154     1.09357     1.16008  0.00743819
        1155      1.0931     1.16002  0.00743198
        1156     1.09273     1.15996  0.00742578
        1157     1.09246     1.15991  0.00741959
        1158      1.0923     1.15985  0.00741341
        1159     1.09224     1.15979  0.00740724
        1160     1.09228     1.15973  0.00740109
        1161     1.09244     1.15967  0.00739494
        1162      1.0927     1.15962   0.0073888
        1163     1.09307     1.15956  0.00738267
        1164     1.09355      1.1595  0.00737654
        1165     1.09414     1.15945  0.00737043
        1166     1.09484     1.15939  0.00736431
        1167     1.09564     1.15934   0.0073582
        1168     1.09656     1.15928   0.0073521
        1169     1.09759     1.15923    0.007346
        1170     1.09872     1.15918   0.0073399
        1171     1.09996     1.15913  0.00733381
        1172      1.1013     1.15908  0.00732772
        1173     1.10275     1.15903  0.00732163
        1174      1.1043     1.15898  0.00731554
        1175     1.10594     1.15894  0.00730945
        1176     1.10769     1.15889  0.00730337
        1177     1.10953     1.15885  0.00729728
        1178     1.11147     1.15881   0.0072912
        1179      1.1135     1.15877  0.00728512
        1180     1.11562     1.15874  0.00727904
        1181     1.11782      1.1587  0.00727295
        1182      1.1201     1.15867  0.00726688
        1183     1.12246     1.15864   0.0072608
        1184      1.1249     1.15861  0.00725472
        1185      1.1274     1.15858  0.00724865
        1186     1.12998     1.15856  0.00724257
        1187     1.13262     1.15854  0.00723651
        1188     1.13531     1.15852  0.00723044
        1189     1.13806      1.1585  0.00722438
        1190     1.14086     1.15849  0.00721832
        1191     1.14371     1.15847  0.00721227
        1192      1.1466     1.15846  0.00720623
        1193     1.14953     1.15846  0.00720019
        1194      1.1525     1.15845  0.00719417
        1195     1.15549     1.15845  0.00718815
        1196     1.15851     1.15845  0.00718214
        1197     1.16155     1.15845  0.00717614
        1198     1.16461     1.15846  0.00717015
        1199     1.16768     1.15846  0.00716417
        1200     1.17076     1.15847  0.00715821
        1201     1.17384     1.15849  0.00715226
        1202     1.17692      1.1585  0.00714633
        1203     1.17999     1.15852  0.00714041
        1204     1.18306     1.15854  0.00713451
        1205      1.1861     1.15856  0.00712862
        1206     1.18913     1.15859  0.00712276
        1207     1.19214     1.15862  0.00711691
        1208     1.19512     1.15865  0.00711108
        1209     1.19807     1.15868  0.00710528
        1210     1.20098     1.15872  0.00709949
        1211     1.20386     1.15875  0.00709372
        1212     1.20669     1.15879  0.00708798
        1213     1.20948     1.15883  0.00708226
        1214     1.21221     1.15888  0.00707656
        1215      1.2149     1.15892  0.00707089
        1216     1.21753     1.15897  0.00706524
        1217      1.2201     1.15902  0.00705961
        1218      1.2226     1.15907  0.00705401
        1219     1.22504     1.15913  0.00704843
        1220      1.2274     1.15918  0.00704288
        1221      1.2297     1.15924  0.00703734
        1222     1.23192      1.1593  0.00703184
        1223     1.23407     1.15936  0.00702635
        1224     1.23613     1.15943  0.00702089
        1225     1.23812     1.15949  0.00701545
        1226     1.24003     1.15956  0.00701004
        1227     1.24185     1.15962  0.00700465
        1228     1.24358     1.15969  0.00699928
        1229     1.24523     1.15976  0.00699393
        1230     1.24679     1.15983   0.0069886
        1231     1.24826      1.1599  0.00698329
        1232     1.24964     1.15998    0.006978
        1233     1.25093     1.16005  0.00697273
        1234     1.25213     1.16012  0.00696748
        1235     1.25325      1.1602  0.00696225
        1236     1.25428     1.16028  0.00695703
        1237     1.25521     1.16035  0.00695183
        1238     1.25606     1.16043  0.00694665
        1239     1.25681     1.16051  0.00694147
        1240     1.25748     1.16059  0.00693632
        1241     1.25807     1.16066  0.00693117
        1242     1.25857     1.16074  0.00692604
        1243     1.25898     1.16082  0.00692092
        1244     1.25932      1.1609  0.00691581
        1245     1.25957     1.16098  0.00691071
        1246     1.25974     1.16106  0.00690562
        1247     1.25985     1.16114  0.00690053
        1248     1.25987     1.16122  0.00689546
        1249     1.25983      1.1613  0.00689039
        1250     1.25972     1.16138  0.00688533
        1251     1.25954     1.16145  0.00688027
        1252      1.2593     1.16153  0.00687522
        1253       1.259     1.16161  0.00687017
        1254     1.25865     1.16169  0.00686513
        1255     1.25825     1.16176  0.00686009
        1256      1.2578     1.16184  0.00685505
        1257      1.2573     1.16192  0.00685002
        1258     1.25677     1.16199  0.00684499
        1259     1.25619     1.16207  0.00683996
        1260     1.25559     1.16214  0.00683494
        1261     1.25495     1.16222  0.00682991
        1262     1.25429     1.16229  0.00682489
        1263     1.25361     1.16236  0.00681987
        1264     1.25291     1.16243  0.00681485
        1265     1.25219      1.1625  0.00680983
        1266     1.25147     1.16257  0.00680482
        1267     1.25074     1.16264   0.0067998
        1268        1.25     1.16271  0.00679479
        1269     1.24928     1.16278  0.00678977
        1270     1.24855     1.16285  0.00678476
        1271     1.24784     1.16291  0.00677976
        1272     1.24714     1.16298  0.00677475
        1273     1.24645     1.16305  0.00676974
        1274     1.24579     1.16311  0.00676474
        1275     1.24514     1.16318  0.00675974
        1276     1.24453     1.16324  0.00675475
        1277     1.24393      1.1633  0.00674975
        1278     1.24337     1.16337  0.00674476
        1279     1.24285     1.16343  0.00673977
        1280     1.24236     1.16349  0.00673479
        1281     1.24192     1.16355  0.00672981
        1282     1.24151     1.16361  0.00672484
        1283     1.24116     1.16367  0.00671987
        1284     1.24085     1.16373   0.0067149
        1285     1.24059     1.16379  0.00670994
        1286     1.24038     1.16385  0.00670499
        1287     1.24022     1.16391  0.00670004
        1288     1.24012     1.16397   0.0066951
        1289     1.24008     1.16403  0.00669017
        1290     1.24009     1.16409  0.00668524
        1291     1.24016     1.16415  0.00668032
        1292     1.24028     1.16421  0.00667541
        1293     1.24046     1.16426  0.00667051
        1294     1.24071     1.16432  0.00666562
        1295     1.24101     1.16438  0.00666073
        1296     1.24137     1.16444  0.00665586
        1297     1.24179      1.1645  0.00665099
        1298     1.24227     1.16456  0.00664614
        1299      1.2428     1.16462   0.0066413
        1300      1.2434     1.16468  0.00663646
        1301     1.24405     1.16474  0.00663164
        1302     1.24476      1.1648  0.00662683
        1303     1.24553     1.16487  0.00662204
        1304     1.24635     1.16493  0.00661725
        1305     1.24722     1.16499  0.00661248
        1306     1.24814     1.16506  0.00660773
        1307      1.2491     1.16512  0.00660298
        1308     1.25011     1.16519  0.00659826
        1309     1.25116     1.16525  0.00659354
        1310     1.25225     1.16532  0.00658884
        1311     1.25338     1.16538  0.00658416
        1312     1.25455     1.16545  0.00657949
        1313     1.25574     1.16552  0.00657484
        1314     1.25696     1.16559  0.00657021
        1315      1.2582     1.16566  0.00656559
        1316     1.25947     1.16573  0.00656098
        1317     1.26075      1.1658   0.0065564
        1318     1.26204     1.16588  0.00655183
        1319     1.26334     1.16595  0.00654728
        1320     1.26464     1.16603  0.00654275
        1321     1.26595      1.1661  0.00653823
        1322     1.26725     1.16618  0.00653373
        1323     1.26855     1.16626  0.00652925
        1324     1.26984     1.16633  0.00652479
        1325     1.27112     1.16641  0.00652035
        1326     1.27237     1.16649  0.00651592
        1327     1.27361     1.16657  0.00651151
        1328     1.27482     1.16666  0.00650711
        1329       1.276     1.16674  0.00650274
        1330     1.27714     1.16682  0.00649838
        1331     1.27825      1.1669  0.00649404
        1332     1.27932     1.16699  0.00648971
        1333     1.28034     1.16707   0.0064854
        1334     1.28131     1.16716   0.0064811
        1335     1.28224     1.16725  0.00647682
        1336     1.28311     1.16733  0.00647255
        1337     1.28392     1.16742   0.0064683
        1338     1.28467     1.16751  0.00646406
        1339     1.28536      1.1676  0.00645983
        1340     1.28599     1.16768  0.00645561
        1341     1.28655     1.16777  0.00645141
        1342     1.28704     1.16786  0.00644721
        1343     1.28745     1.16795  0.00644303
        1344     1.28779     1.16804  0.00643885
        1345     1.28806     1.16813  0.00643468
        1346     1.28824     1.16822  0.00643052
        1347     1.28835     1.16831  0.00642636
        1348     1.28838      1.1684  0.00642221
        1349     1.28832     1.16848  0.00641807
        1350     1.28819     1.16857  0.00641393
        1351     1.28796     1.16866  0.00640979
        1352     1.28766     1.16875  0.00640565
        1353     1.28726     1.16884  0.00640151
        1354     1.28678     1.16892  0.00639738
        1355     1.28622     1.16901  0.00639324
        1356     1.28556      1.1691  0.00638911
        1357     1.28482     1.16918  0.00638497
        1358     1.28399     1.16927  0.00638083
        1359     1.28308     1.16935  0.00637668
        1360     1.28207     1.16943  0.00637253
        1361     1.28098     1.16952  0.00636837
        1362      1.2798      1.1696  0.00636421
        1363     1.27854     1.16968  0.00636005
        1364     1.27719     1.16976  0.00635587
        1365     1.27576     1.16983  0.00635169
        1366     1.27425     1.16991   0.0063475
        1367     1.27265     1.16998   0.0063433
        1368     1.27097     1.17006  0.00633909
        1369     1.26921     1.17013  0.00633488
        1370     1.26738      1.1702  0.00633065
        1371     1.26547     1.17027  0.00632642
        1372     1.26349     1.17034  0.00632217
        1373     1.26143     1.17041  0.00631791
        1374     1.25931     1.17047  0.00631365
        1375     1.25711     1.17053  0.00630937
        1376     1.25484     1.17059  0.00630508
        1377     1.25251     1.17065  0.00630078
        1378     1.25011     1.17071  0.00629647
        1379     1.24765     1.17077  0.00629215
        1380     1.24514     1.17082  0.00628783
        1381     1.24256     1.17087  0.00628349
        1382     1.23993     1.17092  0.00627914
        1383     1.23724     1.17097  0.00627478
        1384      1.2345     1.17102  0.00627042
        1385     1.23171     1.17106  0.00626604
        1386     1.22887      1.1711  0.00626166
        1387     1.22599     1.17114  0.00625727
        1388     1.22306     1.17118  0.00625287
        1389     1.22009     1.17121  0.00624847
        1390     1.21708     1.17125  0.00624406
        1391     1.21404     1.17128  0.00623965
        1392     1.21096     1.17131  0.00623523
        1393     1.20785     1.17133  0.00623081
        1394     1.20471     1.17136  0.00622639
        1395     1.20155     1.17138  0.00622196
        1396     1.19836      1.1714  0.00621754
        1397     1.19515     1.17142  0.00621311
        1398     1.19191     1.17143  0.00620868
        1399     1.18866     1.17144  0.00620426
        1400     1.18539     1.17145  0.00619983
        1401     1.18211     1.17146  0.00619541
        1402     1.17882     1.17147  0.00619099
        1403     1.17552     1.17147  0.00618658
        1404     1.17221     1.17147  0.00618218
        1405      1.1689     1.17147  0.00617778
        1406     1.16558     1.17146  0.00617338
        1407     1.16226     1.17146    0.006169
        1408     1.15895     1.17145  0.00616462
        1409     1.15563     1.17144  0.00616026
        1410     1.15232     1.17142  0.00615591
        1411     1.14902     1.17141  0.00615156
        1412     1.14573     1.17139  0.00614723
        1413     1.14245     1.17137  0.00614292
        1414     1.13918     1.17134  0.00613861
        1415     1.13593     1.17132  0.00613433
        1416     1.13269     1.17129  0.00613006
        1417     1.12948     1.17126   0.0061258
        1418     1.12628     1.17123  0.00612156
        1419     1.12311      1.1712  0.00611734
        1420     1.11997     1.17116  0.00611314
        1421     1.11685     1.17112  0.00610896
        1422     1.11376     1.17108   0.0061048
        1423      1.1107     1.17104  0.00610065
        1424     1.10768       1.171  0.00609653
        1425      1.1047     1.17095  0.00609243
        1426     1.10175      1.1709  0.00608835
        1427     1.09885     1.17085  0.00608429
        1428     1.09598      1.1708  0.00608026
        1429     1.09316     1.17074  0.00607625
        1430     1.09039     1.17069  0.00607226
        1431     1.08766     1.17063  0.00606829
        1432     1.08499     1.17057  0.00606435
        1433     1.08237     1.17051  0.00606043
        1434      1.0798     1.17044  0.00605653
        1435     1.07729     1.17038  0.00605266
        1436     1.07484     1.17031  0.00604881
        1437     1.07245     1.17025  0.00604499
        1438     1.07012     1.17018  0.00604118
        1439     1.06785      1.1701   0.0060374
        1440     1.06566     1.17003  0.00603365
        1441     1.06353     1.16996  0.00602991
        1442     1.06147     1.16988   0.0060262
        1443     1.05948     1.16981  0.00602251
        1444     1.05757     1.16973  0.00601884
        1445     1.05573     1.16965  0.00601519
        1446     1.05398     1.16957  0.00601156
        1447      1.0523     1.16949  0.00600796
        1448      1.0507     1.16941  0.00600437
        1449     1.04918     1.16932   0.0060008
        1450     1.04775     1.16924  0.00599724
        1451     1.04641     1.16916  0.00599371
        1452     1.04515     1.16907  0.00599019
        1453     1.04397     1.16898  0.00598668
        1454     1.04289      1.1689  0.00598319
        1455      1.0419     1.16881  0.00597972
        1456       1.041     1.16872  0.00597626
        1457     1.04019     1.16863  0.00597281
        1458     1.03947     1.16855  0.00596937
        1459     1.03885     1.16846  0.00596594
        1460     1.03831     1.16837  0.00596252
        1461     1.03788     1.16828   0.0059591
        1462     1.03753     1.16819   0.0059557
        1463     1.03728      1.1681   0.0059523
        1464     1.03712     1.16801  0.00594891
        1465     1.03706     1.16792  0.00594552
        1466     1.03709     1.16783  0.00594213
        1467     1.03721     1.16774  0.00593875
        1468     1.03742     1.16765  0.00593537
        1469     1.03772     1.16756  0.00593198
        1470     1.03812     1.16748   0.0059286
        1471      1.0386     1.16739  0.00592522
        1472     1.03918      1.1673  0.00592183
        1473     1.03983     1.16722  0.00591845
        1474     1.04058     1.16713  0.00591505
        1475      1.0414     1.16704  0.00591166
        1476     1.04232     1.16696  0.00590826
        1477     1.04331     1.16688  0.00590485
        1478     1.04438     1.16679  0.00590144
        1479     1.04553     1.16671  0.00589802
        1480     1.04675     1.16663  0.00589459
        1481     1.04805     1.16655  0.00589115
        1482     1.04943     1.16647  0.00588771
        1483     1.05087     1.16639  0.00588425
        1484     1.05238     1.16632  0.00588079
        1485     1.05395     1.16624  0.00587732
        1486     1.05559     1.16617  0.00587383
        1487     1.05729     1.16609  0.00587034
        1488     1.05905     1.16602  0.00586683
        1489     1.06086     1.16595  0.00586332
        1490     1.06273     1.16588  0.00585979
        1491     1.06465     1.16581  0.00585626
        1492     1.06662     1.16575  0.00585271
        1493     1.06864     1.16568  0.00584915
        1494     1.07071     1.16562  0.00584558
        1495     1.07282     1.16556    0.005842
        1496     1.07497      1.1655  0.00583841
        1497     1.07715     1.16544  0.00583481
        1498     1.07938     1.16538  0.00583119
        1499     1.08164     1.16532  0.00582757
        1500     1.08393     1.16527  0.00582394
        1501     1.08626     1.16522   0.0058203
        1502     1.08862     1.16517  0.00581665
        1503       1.091     1.16512  0.00581298
        1504     1.09341     1.16507  0.00580932
        1505     1.09584     1.16502  0.00580564
        1506      1.0983     1.16498  0.00580195
        1507     1.10077     1.16494  0.00579826
        1508     1.10327     1.16489  0.00579456
        1509     1.10579     1.16486  0.00579085
        1510     1.10832     1.16482  0.00578714
        1511     1.11087     1.16478  0.00578342
        1512     1.11343     1.16475  0.00577969
        1513       1.116     1.16472  0.00577596
        1514     1.11859     1.16469  0.00577223
        1515     1.12118     1.16466  0.00576849
        1516     1.12379     1.16463  0.00576474
        1517      1.1264      1.1646    0.005761
        1518     1.12902     1.16458  0.00575725
        1519     1.13165     1.16456   0.0057535
        1520     1.13427     1.16454  0.00574975
        1521      1.1369     1.16452    0.005746
        1522     1.13954      1.1645  0.00574225
        1523     1.14217     1.16449   0.0057385
        1524      1.1448     1.16448  0.00573475
        1525     1.14742     1.16447    0.005731
        1526     1.15005     1.16446  0.00572725
        1527     1.15266     1.16445   0.0057235
        1528     1.15527     1.16444  0.00571976
        1529     1.15786     1.16444  0.00571602
        1530     1.16045     1.16444  0.00571229
        1531     1.16302     1.16443  0.00570856
        1532     1.16557     1.16444  0.00570483
        1533     1.16811     1.16444  0.00570111
        1534     1.17063     1.16444  0.00569739
        1535     1.17313     1.16445  0.00569368
        1536      1.1756     1.16446  0.00568998
        1537     1.17805     1.16446  0.00568629
        1538     1.18048     1.16447   0.0056826
        1539     1.18287     1.16449  0.00567892
        1540     1.18524      1.1645  0.00567525
        1541     1.18756     1.16451  0.00567158
        1542     1.18986     1.16453  0.00566793
        1543     1.19211     1.16455  0.00566429
        1544     1.19432     1.16457  0.00566065
        1545     1.19649     1.16459  0.00565702
        1546     1.19861     1.16461  0.00565341
        1547     1.20069     1.16463   0.0056498
        1548     1.20272     1.16466   0.0056462
        1549      1.2047     1.16468  0.00564262
        1550     1.20662     1.16471  0.00563904
        1551      1.2085     1.16474  0.00563548
        1552     1.21032     1.16477  0.00563192
        1553     1.21208      1.1648  0.00562838
        1554     1.21378     1.16483  0.00562485
        1555     1.21542     1.16486  0.00562132
        1556       1.217      1.1649  0.00561781
        1557     1.21851     1.16493  0.00561431
        1558     1.21995     1.16497  0.00561081
        1559     1.22133       1.165  0.00560733
        1560     1.22265     1.16504  0.00560386
        1561     1.22389     1.16508   0.0056004
        1562     1.22506     1.16512  0.00559694
        1563     1.22616     1.16516   0.0055935
        1564     1.22718      1.1652  0.00559006
        1565     1.22813     1.16524  0.00558664
        1566     1.22901     1.16528  0.00558322
        1567     1.22981     1.16532   0.0055798
        1568     1.23053     1.16536   0.0055764
        1569     1.23118      1.1654  0.00557301
        1570     1.23175     1.16544  0.00556962
        1571     1.23224     1.16549  0.00556623
        1572     1.23265     1.16553  0.00556286
        1573     1.23298     1.16557  0.00555948
        1574     1.23323     1.16561  0.00555612
        1575     1.23341     1.16566  0.00555276
        1576      1.2335      1.1657   0.0055494
        1577     1.23352     1.16574  0.00554605
        1578     1.23346     1.16579   0.0055427
        1579     1.23333     1.16583  0.00553936
        1580     1.23312     1.16587  0.00553601
        1581     1.23283     1.16591  0.00553267
        1582     1.23247     1.16596  0.00552934
        1583     1.23203       1.166    0.005526
        1584     1.23152     1.16604  0.00552267
        1585     1.23094     1.16608  0.00551933
        1586     1.23028     1.16612    0.005516
        1587     1.22956     1.16616  0.00551267
        1588     1.22876      1.1662  0.00550934
        1589      1.2279     1.16624  0.00550601
        1590     1.22697     1.16628  0.00550268
        1591     1.22598     1.16631  0.00549935
        1592     1.22492     1.16635  0.00549602
        1593      1.2238     1.16639  0.00549269
        1594     1.22262     1.16642  0.00548935
        1595     1.22139     1.16646  0.00548602
        1596      1.2201     1.16649  0.00548269
        1597     1.21876     1.16652  0.00547935
        1598     1.21736     1.16656  0.00547601
        1599     1.21592     1.16659  0.00547268
        1600     1.21443     1.16662  0.00546934
        1601     1.21289     1.16664    0.005466
        1602     1.21131     1.16667  0.00546266
        1603     1.20969      1.1667  0.00545932
        1604     1.20803     1.16673  0.00545597
        1605     1.20633     1.16675  0.00545263
        1606     1.20459     1.16677  0.00544929
        1607     1.20283      1.1668  0.00544594
        1608     1.20103     1.16682   0.0054426
        1609     1.19921     1.16684  0.00543925
        1610     1.19737     1.16686   0.0054359
        1611      1.1955     1.16687  0.00543256
        1612     1.19362     1.16689  0.00542921
        1613     1.19171     1.16691  0.00542587
        1614      1.1898     1.16692  0.00542253
        1615     1.18787     1.16693  0.00541919
        1616     1.18594     1.16695  0.00541584
        1617       1.184     1.16696  0.00541251
        1618     1.18206     1.16696  0.00540917
        1619     1.18012     1.16697  0.00540583
        1620     1.17819     1.16698   0.0054025
        1621     1.17626     1.16699  0.00539917
        1622     1.17434     1.16699  0.00539584
        1623     1.17242     1.16699  0.00539252
        1624     1.17052       1.167   0.0053892
        1625     1.16864       1.167  0.00538588
        1626     1.16677       1.167  0.00538257
        1627     1.16492       1.167  0.00537926
        1628     1.16309     1.16699  0.00537596
        1629     1.16128     1.16699  0.00537266
        1630      1.1595     1.16698  0.00536937
        1631     1.15775     1.16698  0.00536608
        1632     1.15603     1.16697  0.00536279
        1633     1.15434     1.16696  0.00535952
        1634     1.15268     1.16696  0.00535624
        1635     1.15106     1.16695  0.00535298
        1636     1.14948     1.16694  0.00534971
        1637     1.14793     1.16692  0.00534646
        1638     1.14643     1.16691  0.00534321
        1639     1.14498      1.1669  0.00533997
        1640     1.14356     1.16688  0.00533673
        1641      1.1422     1.16687   0.0053335
        1642     1.14089     1.16685  0.00533027
        1643     1.13962     1.16684  0.00532705
        1644     1.13841     1.16682  0.00532384
        1645     1.13726      1.1668  0.00532064
        1646     1.13616     1.16678  0.00531744
        1647     1.13511     1.16676  0.00531424
        1648     1.13413     1.16674  0.00531106
        1649      1.1332     1.16672  0.00530787
        1650     1.13234      1.1667   0.0053047
        1651     1.13154     1.16668  0.00530153
        1652     1.13081     1.16666  0.00529836
        1653     1.13014     1.16664   0.0052952
        1654     1.12954     1.16661  0.00529205
        1655       1.129     1.16659   0.0052889
        1656     1.12853     1.16657  0.00528576
        1657     1.12814     1.16655  0.00528262
        1658     1.12781     1.16652  0.00527948
        1659     1.12755      1.1665  0.00527635
        1660     1.12736     1.16648  0.00527323
        1661     1.12725     1.16645  0.00527011
        1662      1.1272     1.16643  0.00526699
        1663     1.12723      1.1664  0.00526387
        1664     1.12733     1.16638  0.00526076
        1665      1.1275     1.16636  0.00525765
        1666     1.12774     1.16633  0.00525455
        1667     1.12805     1.16631  0.00525145
        1668     1.12843     1.16629  0.00524835
        1669     1.12888     1.16627  0.00524525
        1670      1.1294     1.16624  0.00524216
        1671     1.12999     1.16622  0.00523906
        1672     1.13064      1.1662  0.00523597
        1673     1.13135     1.16618  0.00523289
        1674     1.13213     1.16616   0.0052298
        1675     1.13297     1.16614  0.00522672
        1676     1.13388     1.16612  0.00522363
        1677     1.13484      1.1661  0.00522055
        1678     1.13586     1.16608  0.00521747
        1679     1.13693     1.16607  0.00521439
        1680     1.13805     1.16605  0.00521131
        1681     1.13923     1.16603  0.00520824
        1682     1.14045     1.16602  0.00520516
        1683     1.14172       1.166  0.00520209
        1684     1.14302     1.16599  0.00519902
        1685     1.14437     1.16598  0.00519595
        1686     1.14574     1.16597  0.00519288
        1687     1.14715     1.16596  0.00518982
        1688     1.14859     1.16595  0.00518675
        1689     1.15006     1.16594  0.00518369
        1690     1.15155     1.16593  0.00518063
        1691     1.15306     1.16592  0.00517757
        1692     1.15459     1.16591  0.00517452
        1693     1.15613     1.16591  0.00517146
        1694     1.15769      1.1659  0.00516841
        1695     1.15925      1.1659  0.00516536
        1696     1.16082      1.1659  0.00516232
        1697     1.16239     1.16589  0.00515928
        1698     1.16395     1.16589  0.00515624
        1699     1.16552     1.16589  0.00515321
        1700     1.16707     1.16589  0.00515017
        1701     1.16862     1.16589  0.00514715
        1702     1.17014      1.1659  0.00514412
        1703     1.17166      1.1659   0.0051411
        1704     1.17315      1.1659  0.00513809
        1705     1.17463     1.16591  0.00513508
        1706     1.17608     1.16592  0.00513207
        1707     1.17751     1.16592  0.00512907
        1708     1.17891     1.16593  0.00512607
        1709     1.18027     1.16594  0.00512308
        1710     1.18161     1.16595  0.00512009
        1711     1.18291     1.16596  0.00511711
        1712     1.18417     1.16597  0.00511413
        1713      1.1854     1.16598  0.00511116
        1714     1.18659     1.16599  0.00510819
        1715     1.18774       1.166  0.00510523
        1716     1.18885     1.16602  0.00510227
        1717     1.18992     1.16603  0.00509932
        1718     1.19095     1.16605  0.00509637
        1719     1.19193     1.16606  0.00509343
        1720     1.19287     1.16608  0.00509049
        1721     1.19376     1.16609  0.00508756
        1722     1.19461     1.16611  0.00508463
        1723     1.19541     1.16613  0.00508171
        1724     1.19617     1.16614  0.00507879
        1725     1.19688     1.16616  0.00507588
        1726     1.19755     1.16618  0.00507297
        1727     1.19818      1.1662  0.00507006
        1728     1.19876     1.16622  0.00506716
        1729     1.19931     1.16624  0.00506427
        1730     1.19981     1.16626  0.00506138
        1731     1.20027     1.16627  0.00505849
        1732     1.20069     1.16629  0.00505561
        1733     1.20107     1.16631  0.00505273
        1734     1.20141     1.16634  0.00504986
        1735     1.20172     1.16636  0.00504699
        1736     1.20199     1.16638  0.00504413
        1737     1.20223      1.1664  0.00504126
        1738     1.20244     1.16642  0.00503841
        1739     1.20261     1.16644  0.00503555
        1740     1.20276     1.16646   0.0050327
        1741     1.20288     1.16648  0.00502985
        1742     1.20297      1.1665  0.00502701
        1743     1.20303     1.16652  0.00502417
        1744     1.20308     1.16654  0.00502133
        1745      1.2031     1.16656   0.0050185
        1746      1.2031     1.16658  0.00501567
        1747     1.20308     1.16661  0.00501284
        1748     1.20305     1.16663  0.00501002
        1749       1.203     1.16665   0.0050072
        1750     1.20294     1.16667  0.00500438
        1751     1.20286     1.16669  0.00500156
        1752     1.20277     1.16671  0.00499875
        1753     1.20268     1.16673  0.00499594
        1754     1.20257     1.16675  0.00499313
        1755     1.20245     1.16677  0.00499033
        1756     1.20234     1.16679  0.00498753
        1757     1.20221     1.16681  0.00498473
        1758     1.20208     1.16683  0.00498194
        1759     1.20195     1.16685  0.00497914
        1760     1.20181     1.16687  0.00497635
        1761     1.20167     1.16689  0.00497357
        1762     1.20153     1.16691  0.00497078
        1763     1.20139     1.16693    0.004968
        1764     1.20125     1.16695  0.00496522
        1765     1.20111     1.16697  0.00496245
        1766     1.20097     1.16699  0.00495968
        1767     1.20084     1.16701  0.00495691
        1768     1.20071     1.16703  0.00495414
        1769     1.20058     1.16705  0.00495138
        1770     1.20045     1.16706  0.00494861
        1771     1.20033     1.16708  0.00494586
        1772     1.20021      1.1671   0.0049431
        1773     1.20009     1.16712  0.00494035
        1774     1.19997     1.16714   0.0049376
        1775     1.19986     1.16716  0.00493485
        1776     1.19975     1.16718   0.0049321
        1777     1.19964     1.16719  0.00492936
        1778     1.19954     1.16721  0.00492662
        1779     1.19944     1.16723  0.00492389
        1780     1.19934     1.16725  0.00492116
        1781     1.19924     1.16727  0.00491842
        1782     1.19914     1.16728   0.0049157
        1783     1.19905      1.1673  0.00491297
        1784     1.19895     1.16732  0.00491025
        1785     1.19885     1.16734  0.00490753
        1786     1.19875     1.16735  0.00490482
        1787     1.19865     1.16737   0.0049021
        1788     1.19854     1.16739  0.00489939
        1789     1.19843     1.16741  0.00489668
        1790     1.19832     1.16742  0.00489398
        1791     1.19821     1.16744  0.00489128
        1792     1.19808     1.16746  0.00488858
        1793     1.19796     1.16748  0.00488588
        1794     1.19783     1.16749  0.00488319
        1795     1.19769     1.16751  0.00488049
        1796     1.19755     1.16753   0.0048778
        1797      1.1974     1.16754  0.00487512
        1798     1.19724     1.16756  0.00487244
        1799     1.19707     1.16758  0.00486975
        1800     1.19689     1.16759  0.00486708
        1801     1.19671     1.16761   0.0048644
        1802     1.19651     1.16762  0.00486173
        1803     1.19631     1.16764  0.00485906
        1804      1.1961     1.16766  0.00485639
        1805     1.19587     1.16767  0.00485372
        1806     1.19564     1.16769  0.00485106
        1807     1.19539      1.1677   0.0048484
        1808     1.19513     1.16772  0.00484574
        1809     1.19485     1.16773  0.00484309
        1810     1.19456     1.16775  0.00484043
        1811     1.19425     1.16776  0.00483778
        1812     1.19394     1.16778  0.00483514
        1813      1.1936     1.16779  0.00483249
        1814     1.19325      1.1678  0.00482985
        1815     1.19288     1.16782   0.0048272
        1816      1.1925     1.16783  0.00482457
        1817      1.1921     1.16785  0.00482193
        1818     1.19168     1.16786  0.00481929
        1819     1.19124     1.16787  0.00481666
        1820     1.19079     1.16788  0.00481403
        1821     1.19032      1.1679   0.0048114
        1822     1.18983     1.16791  0.00480878
        1823     1.18932     1.16792  0.00480615
        1824     1.18879     1.16793  0.00480353
        1825     1.18824     1.16794  0.00480091
        1826     1.18767     1.16795   0.0047983
        1827     1.18707     1.16796  0.00479568
        1828     1.18646     1.16797  0.00479307
        1829     1.18582     1.16798  0.00479046
        1830     1.18517     1.16799  0.00478785
        1831     1.18449       1.168  0.00478524
        1832     1.18379     1.16801  0.00478264
        1833     1.18306     1.16802  0.00478004
        1834     1.18232     1.16803  0.00477744
        1835     1.18155     1.16803  0.00477484
        1836     1.18075     1.16804  0.00477224
        1837     1.17994     1.16805  0.00476965
        1838      1.1791     1.16805  0.00476706
        1839     1.17824     1.16806  0.00476447
        1840     1.17736     1.16806  0.00476188
        1841     1.17646     1.16807   0.0047593
        1842     1.17553     1.16807  0.00475672
        1843     1.17457     1.16808  0.00475414
        1844      1.1736     1.16808  0.00475156
        1845      1.1726     1.16808  0.00474899
        1846     1.17157     1.16808  0.00474641
        1847     1.17053     1.16808  0.00474384
        1848     1.16946     1.16809  0.00474128
        1849     1.16836     1.16809  0.00473871
        1850     1.16725     1.16809  0.00473615
        1851      1.1661     1.16808  0.00473359
        1852     1.16494     1.16808  0.00473104
        1853     1.16375     1.16808  0.00472848
        1854     1.16254     1.16808  0.00472594
        1855     1.16131     1.16807  0.00472339
        1856     1.16005     1.16807  0.00472085
        1857     1.15877     1.16806  0.00471831
        1858     1.15746     1.16806  0.00471577
        1859     1.15614     1.16805  0.00471324
        1860     1.15479     1.16804  0.00471071
        1861     1.15343     1.16804  0.00470818
        1862     1.15204     1.16803  0.00470566
        1863     1.15063     1.16802  0.00470315
        1864      1.1492     1.16801  0.00470063
        1865     1.14776       1.168  0.00469813
        1866     1.14629     1.16799  0.00469562
        1867     1.14481     1.16797  0.00469313
        1868     1.14331     1.16796  0.00469063
        1869      1.1418     1.16795  0.00468814
        1870     1.14027     1.16793  0.00468566
        1871     1.13873     1.16792  0.00468318
        1872     1.13717      1.1679  0.00468071
        1873      1.1356     1.16788  0.00467824
        1874     1.13403     1.16786  0.00467578
        1875     1.13244     1.16785  0.00467332
        1876     1.13085     1.16783  0.00467087
        1877     1.12925     1.16781  0.00466843
        1878     1.12765     1.16778  0.00466599
        1879     1.12605     1.16776  0.00466356
        1880     1.12444     1.16774  0.00466114
        1881     1.12284     1.16772  0.00465872
        1882     1.12123     1.16769  0.00465631
        1883     1.11964     1.16766  0.00465391
        1884     1.11804     1.16764  0.00465151
        1885     1.11646     1.16761  0.00464913
        1886     1.11488     1.16758  0.00464674
        1887     1.11332     1.16755  0.00464437
        1888     1.11177     1.16753  0.00464201
        1889     1.11024     1.16749  0.00463965
        1890     1.10873     1.16746   0.0046373
        1891     1.10724     1.16743  0.00463495
        1892     1.10577      1.1674  0.00463262
        1893     1.10432     1.16737  0.00463029
        1894      1.1029     1.16733  0.00462797
        1895     1.10152      1.1673  0.00462566
        1896     1.10016     1.16726  0.00462335
        1897     1.09885     1.16723  0.00462106
        1898     1.09757     1.16719  0.00461877
        1899     1.09633     1.16715  0.00461649
        1900     1.09513     1.16711  0.00461421
        1901     1.09397     1.16708  0.00461195
        1902     1.09287     1.16704  0.00460969
        1903     1.09181       1.167  0.00460743
        1904      1.0908     1.16696  0.00460519
        1905     1.08984     1.16692  0.00460295
        1906     1.08894     1.16688  0.00460072
        1907      1.0881     1.16683  0.00459849
        1908     1.08731     1.16679  0.00459627
        1909     1.08658     1.16675  0.00459405
        1910     1.08591     1.16671  0.00459184
        1911     1.08531     1.16667  0.00458964
        1912     1.08477     1.16662  0.00458744
        1913      1.0843     1.16658  0.00458524
        1914     1.08389     1.16654  0.00458305
        1915     1.08356     1.16649  0.00458086
        1916     1.08329     1.16645  0.00457867
        1917     1.08309     1.16641  0.00457649
        1918     1.08296     1.16636  0.00457431
        1919     1.08291     1.16632  0.00457214
        1920     1.08292     1.16628  0.00456996
        1921     1.08301     1.16623  0.00456779
        1922     1.08316     1.16619  0.00456562
        1923     1.08339     1.16615  0.00456344
        1924     1.08368      1.1661  0.00456127
        1925     1.08405     1.16606   0.0045591
        1926      1.0845     1.16602  0.00455693
        1927     1.08501     1.16598  0.00455476
        1928     1.08559     1.16593  0.00455259
        1929     1.08623     1.16589  0.00455042
        1930     1.08695     1.16585  0.00454824
        1931     1.08772     1.16581  0.00454607
        1932     1.08857     1.16577  0.00454389
        1933     1.08947     1.16573  0.00454171
        1934     1.09043     1.16569  0.00453953
        1935     1.09146     1.16566  0.00453735
        1936     1.09254     1.16562  0.00453516
        1937     1.09368     1.16558  0.00453297
        1938     1.09487     1.16554  0.00453078
        1939      1.0961     1.16551  0.00452858
        1940     1.09739     1.16547  0.00452639
        1941     1.09871     1.16544  0.00452418
        1942     1.10008      1.1654  0.00452198
        1943     1.10149     1.16537  0.00451977
        1944     1.10293     1.16534  0.00451756
        1945     1.10441     1.16531  0.00451535
        1946     1.10592     1.16528  0.00451313
        1947     1.10745     1.16525  0.00451091
        1948     1.10901     1.16522  0.00450869
        1949     1.11059     1.16519  0.00450646
        1950     1.11218     1.16516  0.00450423
        1951     1.11379     1.16514    0.004502
        1952     1.11541     1.16511  0.00449976
        1953     1.11703     1.16509  0.00449753
        1954     1.11866     1.16506  0.00449529
        1955     1.12029     1.16504  0.00449305
        1956     1.12191     1.16502  0.00449081
        1957     1.12353       1.165  0.00448856
        1958     1.12514     1.16498  0.00448631
        1959     1.12673     1.16496  0.00448407
        1960     1.12831     1.16494  0.00448182
        1961     1.12986     1.16492  0.00447957
        1962      1.1314      1.1649  0.00447732
        1963      1.1329     1.16489  0.00447507
        1964     1.13437     1.16487  0.00447281
        1965     1.13582     1.16486  0.00447056
        1966     1.13722     1.16484  0.00446831
        1967     1.13859     1.16483  0.00446606
        1968     1.13991     1.16482  0.00446381
        1969      1.1412     1.16481  0.00446156
        1970     1.14244     1.16479  0.00445931
        1971     1.14363     1.16478  0.00445706
        1972     1.14477     1.16477  0.00445481
        1973     1.14586     1.16476  0.00445256
        1974      1.1469     1.16475  0.00445031
        1975     1.14789     1.16475  0.00444807
        1976     1.14882     1.16474  0.00444583
        1977      1.1497     1.16473  0.00444358
        1978     1.15052     1.16472  0.00444134
        1979     1.15129     1.16472   0.0044391
        1980       1.152     1.16471  0.00443687
        1981     1.15265      1.1647  0.00443463
        1982     1.15325      1.1647   0.0044324
        1983     1.15379     1.16469  0.00443017
        1984     1.15427     1.16469  0.00442794
        1985      1.1547     1.16468  0.00442571
        1986     1.15508     1.16468  0.00442348
        1987     1.15541     1.16467  0.00442126
        1988     1.15569     1.16467  0.00441904
        1989     1.15592     1.16466  0.00441682
        1990      1.1561     1.16466   0.0044146
        1991     1.15624     1.16466  0.00441238
        1992     1.15635     1.16465  0.00441017
        1993     1.15641     1.16465  0.00440796
        1994     1.15644     1.16464  0.00440575
        1995     1.15644     1.16464  0.00440355
        1996     1.15641     1.16463  0.00440134
        1997     1.15636     1.16463  0.00439914
        1998     1.15629     1.16463  0.00439694
        1999      1.1562     1.16462  0.00439474
        2000      1.1561     1.16462  0.00439255
