           1     3.91511     3.91511           0
           2     3.91874     3.91692  0.00128384
           3     3.92457     3.91947  0.00225115
           4     3.93261     3.92276  0.00330694
           5     3.94283     3.92677  0.00446075
           6     3.95525     3.93152  0.00570896
           7     3.96985     3.93699  0.00704622
           8     3.98663      3.9432  0.00846736
           9     4.00558     3.95013  0.00996772
          10      4.0274     3.95786   0.0115851
          11     4.05067     3.96629   0.0132532
          12     4.07892     3.97568   0.0151108
          13     4.10718      3.9858   0.0170004
          14      4.1397     3.99679   0.0190109
          15     4.17504     4.00867   0.0211336
          16      4.2146     4.02154    0.023406
          17     4.25626     4.03535   0.0257819
          18     4.30001     4.05005   0.0282326
          19     4.34372     4.06551   0.0306873
          20     4.39092     4.08178   0.0331873
          21      4.4423     4.09895   0.0357727
          22     4.49642     4.11701   0.0384392
          23     4.54905      4.1358   0.0411022
          24     4.60441     4.15532   0.0437824
          25     4.66178     4.17558   0.0464821
          26     4.71903     4.19648   0.0491698
          27     4.78108     4.21814   0.0518974
          28     4.84298     4.24045   0.0546316
          29     4.90754     4.26345   0.0573865
          30     4.97261     4.28709   0.0601454
          31     5.04029     4.31139   0.0629217
          32     5.11057     4.33636   0.0657251
          33       5.182     4.36199   0.0685472
          34     5.25387     4.38822    0.071374
          35     5.32544       4.415   0.0741881
          36     5.40021     4.44237   0.0770097
          37     5.47675     4.47032   0.0798417
          38     5.55644      4.4989   0.0826985
          39     5.63853     4.52813   0.0855851
          40       5.723       4.558   0.0885051
          41     5.80698     4.58846   0.0914389
          42     5.89328     4.61953    0.094392
          43     5.98043     4.65118   0.0973582
          44     6.06839     4.68339    0.100332
          45     6.15714     4.71614    0.103309
          46     6.24874     4.74945      0.1063
          47     6.34244     4.78335    0.109309
          48     6.43607     4.81778    0.112323
          49     6.53171     4.85276    0.115349
          50      6.6279     4.88826    0.118379
          51     6.72598     4.92429    0.121419
          52     6.82521     4.96085    0.124465
          53     6.92551     4.99792    0.127517
          54     7.02543     5.03547    0.130567
          55     7.12561     5.07347    0.133609
          56      7.2281     5.11194    0.136651
          57     7.33213     5.15089    0.139694
          58     7.43622      5.1903    0.142735
          59       7.541     5.23014     0.14577
          60     7.64712     5.27042    0.148803
          61     7.75379     5.31113     0.15183
          62     7.85881     5.35222    0.154842
          63     7.96424     5.39369    0.157837
          64      8.0707     5.43551    0.160818
          65      8.1788     5.47772    0.163788
          66     8.28706     5.52028    0.166746
          67     8.39469     5.56319    0.169687
          68     8.50301     5.60642    0.172611
          69     8.61053     5.64996    0.175514
          70     8.71787     5.69378    0.178395
          71     8.82422     5.73787    0.181249
          72     8.93092     5.78222    0.184077
          73     9.03646      5.8268    0.186876
          74     9.14288     5.87161    0.189647
          75     9.24795     5.91663    0.192387
          76     9.35089     5.96182     0.19509
          77     9.45301     6.00716    0.197755
          78     9.55424     6.05263     0.20038
          79     9.65518     6.09823    0.202967
          80     9.75362     6.14393    0.205508
          81      9.8516      6.1897    0.208006
          82     9.94832     6.23554     0.21046
          83     10.0451     6.28144     0.21287
          84     10.1391     6.32736    0.215233
          85     10.2315     6.37329    0.217546
          86     10.3231     6.41922    0.219811
          87     10.4123     6.46512    0.222025
          88     10.4997     6.51096    0.224186
          89     10.5854     6.55675    0.226293
          90     10.6699     6.60245    0.228347
          91     10.7517     6.64804    0.230345
          92     10.8315     6.69351    0.232286
          93     10.9099     6.73885    0.234171
          94     10.9862     6.78404    0.235999
          95     11.0597     6.82904    0.237767
          96     11.1323     6.87387    0.239479
          97     11.2019     6.91849     0.24113
          98     11.2692     6.96288    0.242722
          99     11.3334     7.00703    0.244252
         100     11.3952     7.05091     0.24572
         101     11.4547     7.09451    0.247125
         102     11.5102      7.1378    0.248465
         103     11.5654     7.18079    0.249744
         104     11.6167     7.22344    0.250959
         105     11.6663     7.26576     0.25211
         106      11.714     7.30772      0.2532
         107     11.7585     7.34932    0.254228
         108     11.8005     7.39053    0.255193
         109     11.8393     7.43135    0.256095
         110      11.877     7.47176    0.256936
         111     11.9115     7.51176    0.257715
         112     11.9442     7.55133    0.258435
         113     11.9738     7.59047    0.259095
         114     12.0017     7.62917    0.259695
         115     12.0271     7.66741    0.260238
         116     12.0494     7.70518    0.260722
         117     12.0695     7.74249    0.261148
         118     12.0864      7.7793    0.261517
         119     12.1018     7.81562    0.261829
         120     12.1143     7.85145    0.262087
         121     12.1253     7.88677     0.26229
         122     12.1341     7.92158     0.26244
         123     12.1415     7.95589     0.26254
         124     12.1462     7.98968    0.262588
         125     12.1488     8.02296    0.262587
         126     12.1495     8.05571    0.262538
         127     12.1483     8.08793    0.262441
         128     12.1453     8.11963    0.262298
         129     12.1405      8.1508     0.26211
         130     12.1346     8.18144    0.261879
         131     12.1263     8.21156    0.261605
         132      12.115     8.24113     0.26129
         133     12.1022     8.27016    0.260933
         134     12.0893     8.29866    0.260537
         135     12.0749     8.32663    0.260105
         136     12.0598     8.35408    0.259636
         137     12.0427     8.38101    0.259134
         138     12.0237      8.4074    0.258597
         139     12.0041     8.43328    0.258028
         140     11.9834     8.45864    0.257428
         141     11.9623     8.48348    0.256798
         142     11.9402     8.50783    0.256141
         143     11.9171     8.53167    0.255457
         144     11.8924     8.55501    0.254747
         145     11.8682     8.57786    0.254013
         146     11.8412     8.60021    0.253254
         147     11.8154     8.62208    0.252474
         148     11.7876     8.64347    0.251673
         149     11.7591     8.66438    0.250851
         150     11.7308     8.68482     0.25001
         151     11.7026     8.70481    0.249152
         152     11.6718     8.72433    0.248276
         153     11.6412     8.74339    0.247384
         154     11.6103     8.76201    0.246477
         155      11.579     8.78018    0.245556
         156     11.5473     8.79792    0.244622
         157      11.514     8.81522    0.243675
         158     11.4819      8.8321    0.242717
         159     11.4496     8.84856    0.241748
         160     11.4171     8.86461    0.240769
         161     11.3846     8.88027    0.239782
         162     11.3526     8.89553    0.238787
         163     11.3192      8.9104    0.237785
         164     11.2858     8.92488    0.236775
         165     11.2525     8.93899     0.23576
         166     11.2199     8.95273     0.23474
         167      11.188     8.96611    0.233716
         168     11.1549     8.97914    0.232687
         169     11.1227     8.99183    0.231656
         170      11.092     9.00418    0.230622
         171     11.0594      9.0162    0.229587
         172      11.027     9.02789    0.228549
         173     10.9955     9.03926    0.227511
         174      10.965     9.05033    0.226473
         175     10.9348      9.0611    0.225434
         176     10.9035     9.07157    0.224396
         177     10.8726     9.08174    0.223359
         178     10.8426     9.09164    0.222323
         179     10.8131     9.10125    0.221289
         180     10.7846      9.1106    0.220257
         181     10.7558     9.11969    0.219228
         182     10.7281     9.12853    0.218201
         183     10.7001     9.13712    0.217178
         184     10.6711     9.14545    0.216158
         185     10.6426     9.15355    0.215141
         186      10.616     9.16141    0.214128
         187     10.5891     9.16905    0.213119
         188     10.5634     9.17646    0.212114
         189      10.539     9.18367    0.211114
         190     10.5129     9.19067    0.210119
         191     10.4894     9.19747    0.209129
         192     10.4672     9.20408    0.208144
         193     10.4434      9.2105    0.207165
         194     10.4208     9.21674    0.206191
         195     10.3988      9.2228    0.205222
         196     10.3766     9.22869     0.20426
         197      10.355     9.23441    0.203303
         198     10.3347     9.23996    0.202352
         199     10.3157     9.24537    0.201408
         200     10.2966     9.25062    0.200469
         201     10.2773     9.25573    0.199537
         202     10.2594      9.2607    0.198611
         203     10.2428     9.26554    0.197691
         204     10.2275     9.27025    0.196778
         205       10.21     9.27484    0.195872
         206     10.1938      9.2793    0.194972
         207      10.179     9.28365    0.194078
         208     10.1647     9.28788    0.193192
         209     10.1512     9.29201    0.192311
         210     10.1382     9.29604    0.191438
         211     10.1252     9.29997    0.190571
         212     10.1135     9.30381    0.189711
         213     10.1018     9.30756    0.188857
         214     10.0914     9.31122     0.18801
         215     10.0817      9.3148     0.18717
         216     10.0719     9.31831    0.186336
         217     10.0627     9.32174    0.185509
         218     10.0563     9.32511    0.184688
         219     10.0499     9.32842    0.183875
         220     10.0426     9.33166    0.183068
         221     10.0389     9.33486    0.182267
         222     10.0336     9.33801    0.181473
         223     10.0303     9.34111    0.180686
         224     10.0263     9.34417    0.179905
         225     10.0243      9.3472    0.179131
         226     10.0214     9.35018    0.178363
         227     10.0185     9.35312    0.177602
         228     10.0175     9.35604    0.176847
         229     10.0164     9.35892    0.176098
         230     10.0166     9.36178    0.175356
         231     10.0167     9.36462     0.17462
         232     10.0158     9.36742    0.173889
         233     10.0162     9.37021    0.173165
         234     10.0185     9.37298    0.172448
         235     10.0213     9.37574    0.171736
         236     10.0239     9.37848     0.17103
         237     10.0262     9.38122     0.17033
         238     10.0297     9.38394    0.169636
         239     10.0344     9.38666    0.168948
         240     10.0387     9.38938    0.168266
         241     10.0455      9.3921     0.16759
         242     10.0506     9.39482     0.16692
         243      10.056     9.39754    0.166255
         244     10.0625     9.40027    0.165596
         245     10.0714     9.40301    0.164943
         246     10.0777     9.40575    0.164295
         247     10.0815     9.40849    0.163653
         248     10.0883     9.41123    0.163016
         249     10.0953     9.41398    0.162384
         250     10.1033     9.41673    0.161758
         251     10.1093     9.41949    0.161137
         252     10.1175     9.42226    0.160521
         253     10.1251     9.42504    0.159911
         254     10.1321     9.42782    0.159306
         255     10.1399     9.43062    0.158705
         256     10.1478     9.43342     0.15811
         257     10.1549     9.43622     0.15752
         258      10.162     9.43904    0.156935
         259     10.1691     9.44186    0.156354
         260     10.1769     9.44468    0.155778
         261     10.1846     9.44752    0.155207
         262     10.1914     9.45036    0.154641
         263     10.1996     9.45321    0.154079
         264     10.2068     9.45606    0.153522
         265      10.214     9.45892    0.152969
         266     10.2188     9.46178    0.152421
         267     10.2255     9.46464    0.151877
         268      10.232      9.4675    0.151337
         269     10.2382     9.47037    0.150801
         270     10.2442     9.47323     0.15027
         271     10.2499      9.4761    0.149743
         272     10.2546     9.47896     0.14922
         273     10.2604     9.48182    0.148701
         274     10.2659     9.48468    0.148185
         275     10.2703     9.48754    0.147674
         276     10.2736     9.49039    0.147167
         277     10.2773     9.49323    0.146663
         278     10.2814     9.49607    0.146162
         279      10.285     9.49889    0.145666
         280     10.2875     9.50171    0.145173
         281      10.289     9.50451    0.144683
         282     10.2907      9.5073    0.144197
         283      10.292     9.51007    0.143714
         284     10.2937     9.51283    0.143235
         285     10.2941     9.51557    0.142758
         286     10.2942      9.5183    0.142285
         287     10.2938       9.521    0.141815
         288     10.2937     9.52368    0.141348
         289     10.2932     9.52634    0.140884
         290     10.2922     9.52898    0.140423
         291     10.2902      9.5316    0.139965
         292     10.2876     9.53419    0.139509
         293     10.2854     9.53675    0.139057
         294     10.2827     9.53929    0.138607
         295      10.279      9.5418     0.13816
         296     10.2748     9.54427    0.137715
         297     10.2716     9.54672    0.137273
         298     10.2659     9.54914    0.136834
         299     10.2598     9.55151    0.136397
         300      10.254     9.55385    0.135962
         301     10.2472     9.55616     0.13553
         302     10.2406     9.55842      0.1351
         303     10.2331     9.56065    0.134673
         304     10.2258     9.56284    0.134248
         305     10.2183     9.56499    0.133825
         306     10.2104      9.5671    0.133404
         307     10.2014     9.56916    0.132985
         308     10.1929     9.57119    0.132569
         309     10.1841     9.57317    0.132155
         310      10.175     9.57511    0.131743
         311     10.1657     9.57701    0.131333
         312      10.156     9.57887    0.130925
         313     10.1447     9.58068    0.130519
         314     10.1346     9.58244    0.130115
         315     10.1243     9.58416    0.129714
         316     10.1145     9.58584    0.129314
         317     10.1038     9.58747    0.128916
         318     10.0936     9.58906    0.128521
         319     10.0826     9.59061    0.128127
         320     10.0714     9.59211    0.127736
         321       10.06     9.59357    0.127346
         322     10.0479     9.59498    0.126958
         323      10.035     9.59634    0.126573
         324     10.0233     9.59766    0.126189
         325     10.0116     9.59894    0.125807
         326     9.99991     9.60017    0.125427
         327     9.98954     9.60136    0.125049
         328     9.97704      9.6025    0.124673
         329     9.96524      9.6036    0.124299
         330     9.95345     9.60467    0.123927
         331     9.94027     9.60568    0.123557
         332     9.92715     9.60665    0.123188
         333     9.91479     9.60757    0.122822
         334      9.9018     9.60845    0.122457
         335     9.88961     9.60929    0.122095
         336     9.87965      9.6101    0.121734
         337      9.8684     9.61086    0.121375
         338      9.8573     9.61159    0.121018
         339     9.84778     9.61229    0.120663
         340     9.83631     9.61295     0.12031
         341     9.82503     9.61357    0.119959
         342     9.81467     9.61416     0.11961
         343     9.80453     9.61471    0.119262
         344     9.79391     9.61523    0.118917
         345     9.78496     9.61573    0.118573
         346     9.77486     9.61619    0.118231
         347     9.76645     9.61662    0.117891
         348      9.7562     9.61702    0.117553
         349     9.74767     9.61739    0.117217
         350     9.74016     9.61775    0.116883
         351     9.73297     9.61807     0.11655
         352     9.72328     9.61837    0.116219
         353     9.71533     9.61865     0.11589
         354     9.70843      9.6189    0.115563
         355     9.70259     9.61914    0.115238
         356     9.69639     9.61935    0.114915
         357     9.69196     9.61956    0.114593
         358     9.68506     9.61974    0.114273
         359     9.67922     9.61991    0.113955
         360     9.67515     9.62006    0.113638
         361     9.66932      9.6202    0.113324
         362     9.66312     9.62031    0.113011
         363     9.65798     9.62042    0.112699
         364     9.65599     9.62052     0.11239
         365     9.65363     9.62061    0.112082
         366     9.65018     9.62069    0.111776
         367     9.64845     9.62076    0.111471
         368     9.64419     9.62083    0.111168
         369     9.64234     9.62088    0.110867
         370     9.64216     9.62094    0.110567
         371     9.64082       9.621    0.110269
         372     9.63971     9.62105    0.109973
         373     9.63952      9.6211    0.109678
         374     9.63953     9.62115    0.109385
         375      9.6383     9.62119    0.109093
         376     9.63933     9.62124    0.108803
         377     9.63766     9.62128    0.108514
         378     9.63821     9.62133    0.108227
         379     9.63813     9.62137    0.107942
         380     9.63881     9.62142    0.107658
         381     9.63881     9.62146    0.107375
         382     9.63881     9.62151    0.107094
         383     9.63877     9.62155    0.106815
         384     9.63939      9.6216    0.106536
         385     9.63921     9.62165     0.10626
         386     9.64033     9.62169    0.105984
         387      9.6406     9.62174    0.105711
         388     9.64142     9.62179    0.105438
         389     9.63993     9.62184    0.105167
         390     9.63894     9.62188    0.104897
         391      9.6377     9.62192    0.104629
         392     9.63479     9.62196    0.104362
         393     9.63301     9.62199    0.104097
         394     9.63375     9.62202    0.103832
         395     9.63134     9.62204     0.10357
         396     9.62789     9.62205    0.103308
         397     9.62551     9.62206    0.103048
         398     9.62063     9.62206    0.102789
         399      9.6168     9.62205    0.102531
         400     9.61046     9.62202    0.102275
         401     9.60584     9.62198     0.10202
         402     9.59942     9.62192    0.101766
         403     9.59612     9.62186    0.101514
         404     9.59101     9.62178    0.101262
         405     9.58409     9.62169    0.101012
         406     9.57678     9.62158    0.100764
         407     9.56837     9.62145    0.100516
         408     9.55959     9.62129     0.10027
         409     9.55114     9.62112    0.100025
         410     9.54162     9.62093   0.0997812
         411     9.53317     9.62072   0.0995386
         412     9.52439     9.62048   0.0992973
         413     9.51671     9.62023   0.0990572
         414     9.50661     9.61996   0.0988183
         415     9.49694     9.61966   0.0985806
         416     9.48702     9.61934   0.0983442
         417     9.47827       9.619   0.0981089
         418     9.46719     9.61864   0.0978749
         419     9.45803     9.61826   0.0976421
         420     9.44799     9.61785   0.0974104
         421      9.4371     9.61742     0.09718
         422     9.42608     9.61697   0.0969508
         423     9.41497     9.61649   0.0967227
         424     9.40519     9.61599   0.0964959
         425     9.39676     9.61548   0.0962702
         426     9.38547     9.61494   0.0960458
         427     9.37417     9.61437   0.0958225
         428     9.36289     9.61378   0.0956004
         429     9.35233     9.61317   0.0953795
         430     9.34042     9.61254   0.0951598
         431     9.32858     9.61188   0.0949413
         432     9.31613      9.6112    0.094724
         433     9.30307     9.61049   0.0945079
         434     9.29156     9.60975    0.094293
         435     9.28089     9.60899   0.0940793
         436     9.27037     9.60822   0.0938667
         437     9.26004     9.60742   0.0936553
         438     9.25059     9.60661    0.093445
         439     9.24064     9.60577   0.0932358
         440      9.2302     9.60492   0.0930279
         441     9.22139     9.60405    0.092821
         442     9.21352     9.60317   0.0926152
         443     9.20519     9.60227   0.0924105
         444     9.19782     9.60136   0.0922068
         445      9.1893     9.60043   0.0920043
         446     9.18176     9.59949   0.0918028
         447     9.17308     9.59854   0.0916023
         448     9.16681     9.59757   0.0914029
         449     9.16011      9.5966   0.0912046
         450     9.15371     9.59562   0.0910072
         451     9.14831     9.59462   0.0908108
         452     9.14111     9.59362   0.0906155
         453     9.13492     9.59261   0.0904211
         454     9.12975     9.59159   0.0902277
         455     9.12348     9.59056   0.0900352
         456     9.11683     9.58952   0.0898438
         457     9.11331     9.58848   0.0896532
         458     9.11013     9.58743   0.0894635
         459     9.10656     9.58639   0.0892748
         460     9.10332     9.58534   0.0890869
         461     9.09899     9.58428   0.0888999
         462     9.09429     9.58322   0.0887138
         463     9.09062     9.58216   0.0885285
         464     9.08729     9.58109   0.0883442
         465     9.08499     9.58002   0.0881606
         466     9.08373     9.57896   0.0879779
         467      9.0828      9.5779   0.0877959
         468     9.08009     9.57683   0.0876148
         469     9.08053     9.57577   0.0874343
         470     9.07989     9.57472   0.0872547
         471     9.07959     9.57367   0.0870757
         472      9.0782     9.57262   0.0868976
         473     9.07855     9.57157   0.0867201
         474     9.07781     9.57053   0.0865435
         475     9.07881      9.5695   0.0863674
         476     9.08083     9.56847   0.0861921
         477     9.08389     9.56745   0.0860174
         478     9.08725     9.56645   0.0858433
         479     9.08952     9.56545   0.0856699
         480     9.09139     9.56447   0.0854971
         481     9.09357     9.56349   0.0853249
         482     9.09534     9.56252   0.0851534
         483     9.09811     9.56155   0.0849826
         484     9.10118      9.5606   0.0848123
         485     9.10453     9.55966   0.0846427
         486     9.10886     9.55874   0.0844736
         487     9.11346     9.55782   0.0843051
         488     9.11903     9.55692   0.0841371
         489     9.12415     9.55604   0.0839697
         490     9.12881     9.55517   0.0838029
         491      9.1344     9.55431   0.0836366
         492     9.14022     9.55347   0.0834708
         493     9.14696     9.55264   0.0833056
         494     9.15461     9.55184   0.0831408
         495     9.16103     9.55105   0.0829766
         496     9.16552     9.55027    0.082813
         497     9.17298     9.54951   0.0826498
         498      9.1806     9.54877   0.0824872
         499     9.18764     9.54805    0.082325
         500      9.1948     9.54734   0.0821634
         501     9.20276     9.54665   0.0820023
         502      9.2094     9.54598   0.0818417
         503     9.21682     9.54533   0.0816816
         504     9.22429     9.54469    0.081522
         505     9.23178     9.54407    0.081363
         506      9.2393     9.54347   0.0812044
         507      9.2454     9.54288   0.0810463
         508     9.25077      9.5423   0.0808888
         509     9.25892     9.54175   0.0807318
         510      9.2663     9.54121   0.0805754
         511      9.2736     9.54068   0.0804194
         512     9.28151     9.54018   0.0802639
         513     9.28788     9.53969   0.0801089
         514     9.29482     9.53921   0.0799545
         515      9.3016     9.53875   0.0798006
         516      9.3089      9.5383   0.0796472
         517     9.31459     9.53787   0.0794943
         518     9.32218     9.53745   0.0793419
         519     9.32741     9.53705   0.0791901
         520     9.33238     9.53665   0.0790388
         521      9.3385     9.53627    0.078888
         522     9.34433     9.53591   0.0787377
         523     9.35055     9.53555    0.078588
         524     9.35574     9.53521   0.0784387
         525     9.35988     9.53488     0.07829
         526     9.36438     9.53455   0.0781419
         527     9.36779     9.53423   0.0779942
         528     9.37083     9.53393   0.0778471
         529     9.37348     9.53362   0.0777006
         530      9.3743     9.53332   0.0775545
         531     9.37612     9.53303    0.077409
         532     9.37681     9.53273   0.0772641
         533     9.37777     9.53244   0.0771197
         534     9.37829     9.53215   0.0769758
         535     9.37766     9.53186   0.0768325
         536     9.37799     9.53158   0.0766897
         537     9.37715     9.53129   0.0765474
         538     9.37655       9.531   0.0764056
         539     9.37338     9.53071   0.0762645
         540     9.37115     9.53041   0.0761238
         541     9.36846     9.53011   0.0759837
         542     9.36602     9.52981   0.0758441
         543     9.36312      9.5295    0.075705
         544     9.35836     9.52919   0.0755665
         545     9.35455     9.52887   0.0754285
         546      9.3496     9.52854   0.0752911
         547     9.34279      9.5282   0.0751542
         548     9.33767     9.52785   0.0750179
         549     9.33143      9.5275   0.0748821
         550     9.32548     9.52713   0.0747469
         551     9.31701     9.52675   0.0746122
         552     9.30814     9.52635   0.0744781
         553     9.30032     9.52594   0.0743445
         554     9.29072     9.52552   0.0742115
         555     9.28218     9.52508   0.0740791
         556     9.27188     9.52462   0.0739473
         557     9.26268     9.52415    0.073816
         558     9.25317     9.52367   0.0736853
         559     9.24266     9.52317   0.0735552
         560     9.23188     9.52264   0.0734257
         561     9.22225     9.52211   0.0732968
         562     9.21097     9.52156   0.0731684
         563     9.19876     9.52098   0.0730407
         564     9.18633     9.52039   0.0729136
         565     9.17584     9.51978   0.0727871
         566     9.16446     9.51915   0.0726612
         567     9.15222      9.5185    0.072536
         568     9.14125     9.51784   0.0724113
         569     9.13015     9.51716   0.0722872
         570     9.11684     9.51646   0.0721638
         571     9.10625     9.51574    0.072041
         572     9.09418       9.515   0.0719189
         573     9.08206     9.51425   0.0717973
         574      9.0713     9.51347   0.0716764
         575     9.05982     9.51268   0.0715561
         576     9.04833     9.51188   0.0714364
         577     9.03543     9.51105   0.0713173
         578     9.02326     9.51021   0.0711989
         579     9.00971     9.50934   0.0710812
         580     8.99903     9.50846   0.0709641
         581      8.9863     9.50757   0.0708477
         582     8.97505     9.50665   0.0707318
         583     8.96458     9.50572   0.0706166
         584     8.95281     9.50477   0.0705021
         585     8.94115     9.50381   0.0703881
         586     8.93031     9.50283   0.0702748
         587     8.91678     9.50183   0.0701622
         588     8.90339     9.50082   0.0700502
         589     8.89157     9.49978   0.0699389
         590     8.88131     9.49873   0.0698283
         591      8.8691     9.49767   0.0697182
         592     8.85989     9.49659   0.0696088
         593     8.85016      9.4955   0.0694999
         594     8.84132      9.4944   0.0693917
         595     8.83266     9.49329    0.069284
         596     8.82351     9.49216   0.0691768
         597     8.81385     9.49103   0.0690703
         598     8.80511     9.48988   0.0689643
         599     8.79588     9.48872   0.0688589
         600     8.78687     9.48755   0.0687541
         601     8.77878     9.48637   0.0686498
         602     8.77092     9.48518    0.068546
         603     8.76258     9.48399   0.0684428
         604     8.75588     9.48278   0.0683401
         605      8.7473     9.48156    0.068238
         606     8.73824     9.48034   0.0681364
         607     8.73153      9.4791   0.0680353
         608     8.72577     9.47787   0.0679347
         609     8.71954     9.47662   0.0678346
         610     8.71214     9.47537   0.0677349
         611     8.70497     9.47411   0.0676358
         612     8.69875     9.47284   0.0675371
         613     8.69277     9.47157    0.067439
         614     8.68704     9.47029   0.0673412
         615     8.67872       9.469    0.067244
         616     8.67418     9.46771   0.0671472
         617     8.66847     9.46642   0.0670509
         618     8.66511     9.46512    0.066955
         619     8.65847     9.46382   0.0668595
         620     8.65207     9.46251   0.0667644
         621     8.64733     9.46119   0.0666698
         622     8.64424     9.45988   0.0665756
         623      8.6407     9.45857   0.0664817
         624     8.63881     9.45725   0.0663881
         625     8.63505     9.45594    0.066295
         626     8.63012     9.45462   0.0662022
         627     8.62827      9.4533   0.0661097
         628     8.62667     9.45198   0.0660175
         629     8.62531     9.45067   0.0659257
         630     8.62279     9.44936   0.0658341
         631     8.62052     9.44804   0.0657429
         632     8.61921     9.44673   0.0656519
         633     8.61674     9.44542   0.0655613
         634     8.61593     9.44411    0.065471
         635     8.61538     9.44281   0.0653809
         636     8.61649     9.44151    0.065291
         637     8.61645     9.44021   0.0652013
         638     8.61596     9.43892   0.0651119
         639     8.61501     9.43763   0.0650228
         640     8.61504     9.43634   0.0649339
         641     8.61532     9.43506   0.0648452
         642     8.61868     9.43379   0.0647567
         643      8.6209     9.43253   0.0646683
         644     8.62197     9.43127   0.0645801
         645      8.6233     9.43002   0.0644922
         646     8.62632     9.42877   0.0644043
         647     8.62889     9.42754   0.0643167
         648     8.63174     9.42631   0.0642291
         649     8.63628     9.42509   0.0641417
         650     8.63896     9.42388   0.0640544
         651     8.64333     9.42268   0.0639672
         652     8.64727     9.42149   0.0638802
         653     8.65288     9.42032   0.0637932
         654     8.65666     9.41915   0.0637064
         655        8.66     9.41799   0.0636196
         656     8.66502     9.41684    0.063533
         657     8.66962      9.4157   0.0634465
         658     8.67873     9.41458   0.0633599
         659     8.68528     9.41348   0.0632735
         660     8.68999     9.41238   0.0631871
         661     8.69709      9.4113   0.0631008
         662     8.70304     9.41023   0.0630145
         663     8.71068     9.40917   0.0629283
         664     8.71717     9.40813   0.0628422
         665     8.72392      9.4071   0.0627561
         666     8.73163     9.40609     0.06267
         667     8.74101     9.40509    0.062584
         668     8.75064     9.40411    0.062498
         669     8.76052     9.40315    0.062412
         670     8.76852      9.4022    0.062326
         671     8.77817     9.40127   0.0622401
         672     8.78804     9.40036   0.0621541
         673     8.79814     9.39947   0.0620682
         674     8.80775     9.39859   0.0619823
         675     8.82039     9.39773   0.0618964
         676     8.82899     9.39689   0.0618106
         677     8.83919     9.39607   0.0617248
         678     8.85027     9.39526    0.061639
         679     8.86012     9.39447   0.0615533
         680     8.86942      9.3937   0.0614676
         681     8.88029     9.39295   0.0613819
         682      8.8913     9.39221   0.0612963
         683     8.90244     9.39149   0.0612108
         684     8.91369      9.3908   0.0611253
         685     8.92576     9.39012   0.0610398
         686      8.9358     9.38945   0.0609544
         687     8.94805     9.38881   0.0608691
         688     8.95895     9.38819   0.0607838
         689     8.97062     9.38758   0.0606986
         690     8.98375       9.387   0.0606135
         691     8.99549     9.38643   0.0605284
         692     9.00724     9.38588   0.0604434
         693      9.0183     9.38535   0.0603585
         694     9.03006     9.38484   0.0602737
         695      9.0411     9.38434    0.060189
         696     9.05352     9.38387   0.0601044
         697     9.06448     9.38341     0.06002
         698      9.0761     9.38297   0.0599356
         699     9.08624     9.38255   0.0598513
         700     9.09772     9.38214   0.0597672
         701     9.11193     9.38175   0.0596832
         702     9.12464     9.38139   0.0595993
         703     9.13583     9.38104   0.0595155
         704      9.1455      9.3807    0.059432
         705     9.15717     9.38039   0.0593485
         706     9.16729     9.38008   0.0592652
         707     9.17729      9.3798   0.0591821
         708     9.18785     9.37953   0.0590991
         709     9.19756     9.37927   0.0590163
         710     9.20783     9.37903   0.0589337
         711     9.21936      9.3788   0.0588512
         712     9.22861     9.37859   0.0587689
         713     9.23912      9.3784   0.0586868
         714     9.24877     9.37822   0.0586049
         715     9.25827     9.37805   0.0585232
         716     9.26761     9.37789   0.0584417
         717     9.27609     9.37775   0.0583603
         718     9.28442     9.37762   0.0582792
         719     9.29331      9.3775   0.0581983
         720     9.30275      9.3774   0.0581175
         721     9.31064     9.37731    0.058037
         722      9.3191     9.37723   0.0579567
         723     9.32742     9.37716   0.0578765
         724     9.33562      9.3771   0.0577966
         725      9.3437     9.37706   0.0577169
         726     9.35166     9.37702   0.0576374
         727     9.35882       9.377   0.0575582
         728     9.36869     9.37698   0.0574791
         729     9.37918     9.37699   0.0574002
         730     9.38677       9.377   0.0573216
         731     9.39428     9.37702   0.0572432
         732     9.40243     9.37706    0.057165
         733     9.40982      9.3771    0.057087
         734     9.41645     9.37716   0.0570093
         735     9.42305     9.37722   0.0569318
         736     9.43033     9.37729   0.0568545
         737     9.43758     9.37737   0.0567774
         738     9.44411     9.37746   0.0567005
         739     9.45134     9.37756   0.0566239
         740     9.45858     9.37767   0.0565475
         741     9.46513     9.37779   0.0564713
         742      9.4724     9.37792   0.0563953
         743      9.4797     9.37806   0.0563196
         744     9.48845      9.3782   0.0562441
         745     9.49583     9.37836   0.0561688
         746     9.50326     9.37853   0.0560938
         747     9.51074     9.37871   0.0560189
         748     9.51828     9.37889   0.0559444
         749      9.5266     9.37909     0.05587
         750     9.53428      9.3793   0.0557959
         751     9.54344     9.37952    0.055722
         752     9.55198     9.37974   0.0556484
         753     9.56061     9.37998    0.055575
         754      9.5672     9.38023   0.0555019
         755     9.57458     9.38049    0.055429
         756     9.58347     9.38076   0.0553563
         757     9.59174     9.38104   0.0552839
         758     9.60081     9.38133   0.0552117
         759     9.60927     9.38163   0.0551398
         760     9.61853     9.38194   0.0550681
         761     9.62717     9.38226   0.0549967
         762      9.6359     9.38259   0.0549255
         763     9.64543     9.38294   0.0548546
         764     9.65434     9.38329    0.054784
         765     9.66263     9.38366   0.0547136
         766      9.6717     9.38404   0.0546434
         767     9.68086     9.38442   0.0545736
         768      9.6915     9.38482    0.054504
         769      9.7015     9.38523   0.0544346
         770     9.71016     9.38566   0.0543656
         771     9.71958     9.38609   0.0542968
         772     9.72905     9.38653   0.0542283
         773     9.73856     9.38699     0.05416
         774     9.74812     9.38746   0.0540921
         775     9.75771     9.38793   0.0540244
         776     9.76661     9.38842    0.053957
         777     9.77765     9.38892   0.0538898
         778     9.78728     9.38943    0.053823
         779     9.79691     9.38996   0.0537565
         780     9.80724     9.39049   0.0536902
         781     9.81542     9.39104   0.0536242
         782     9.82428     9.39159   0.0535585
         783     9.83381     9.39216   0.0534931
         784      9.8433     9.39273   0.0534279
         785     9.85201     9.39332   0.0533631
         786     9.86278     9.39391   0.0532985
         787     9.87205     9.39452   0.0532343
         788     9.88124     9.39514   0.0531703
         789     9.88891     9.39576   0.0531066
         790     9.89788      9.3964   0.0530432
         791     9.90602     9.39704     0.05298
         792     9.91403      9.3977   0.0529172
         793      9.9226     9.39836   0.0528546
         794      9.9296     9.39903   0.0527922
         795     9.93785     9.39971   0.0527302
         796     9.94663     9.40039   0.0526684
         797     9.95309     9.40109   0.0526069
         798     9.96148     9.40179   0.0525457
         799     9.96824      9.4025   0.0524847
         800     9.97549     9.40321    0.052424
         801     9.98322     9.40394   0.0523635
         802        9.99     9.40467   0.0523033
         803     9.99582      9.4054   0.0522434
         804     10.0028     9.40615   0.0521837
         805     10.0095      9.4069   0.0521242
         806     10.0152     9.40765    0.052065
         807     10.0213     9.40841   0.0520061
         808     10.0264     9.40918   0.0519473
         809     10.0305     9.40995   0.0518888
         810     10.0343     9.41072   0.0518304
         811     10.0357     9.41149   0.0517723
         812     10.0402     9.41226   0.0517143
         813     10.0437     9.41304   0.0516565
         814     10.0461     9.41382   0.0515989
         815     10.0481     9.41459   0.0515415
         816     10.0512     9.41537   0.0514842
         817     10.0532     9.41615   0.0514271
         818     10.0549     9.41694   0.0513702
         819     10.0561     9.41772   0.0513134
         820     10.0562     9.41849   0.0512567
         821      10.056     9.41927   0.0512002
         822     10.0553     9.42004   0.0511437
         823     10.0535     9.42081   0.0510874
         824     10.0521     9.42158   0.0510311
         825     10.0509     9.42234    0.050975
         826     10.0493      9.4231   0.0509189
         827     10.0486     9.42386   0.0508629
         828     10.0455     9.42461    0.050807
         829     10.0419     9.42535   0.0507512
         830     10.0386     9.42609   0.0506954
         831     10.0349     9.42683   0.0506397
         832     10.0308     9.42755   0.0505841
         833     10.0248     9.42827   0.0505284
         834     10.0213     9.42898   0.0504728
         835     10.0145     9.42968   0.0504173
         836     10.0087     9.43037   0.0503617
         837     10.0025     9.43106   0.0503062
         838     9.99597     9.43173   0.0502507
         839     9.98829     9.43239   0.0501952
         840     9.98024     9.43305   0.0501396
         841     9.97393     9.43369   0.0500841
         842     9.96725     9.43432   0.0500287
         843     9.95881     9.43495   0.0499732
         844     9.95003     9.43556   0.0499177
         845      9.9395     9.43615   0.0498622
         846     9.92936     9.43674   0.0498067
         847     9.91891      9.4373   0.0497511
         848     9.90818     9.43786   0.0496956
         849     9.89999      9.4384     0.04964
         850     9.88942     9.43893   0.0495844
         851     9.87931     9.43945   0.0495289
         852     9.86896     9.43996   0.0494733
         853      9.8577     9.44045   0.0494177
         854     9.84484     9.44092   0.0493621
         855     9.83391     9.44138   0.0493065
         856     9.82353     9.44183    0.049251
         857     9.81088     9.44226   0.0491954
         858     9.79812     9.44267   0.0491398
         859     9.78736     9.44307   0.0490842
         860     9.77511     9.44346   0.0490287
         861      9.7628     9.44383   0.0489731
         862     9.75043     9.44418   0.0489176
         863     9.74015     9.44453   0.0488621
         864     9.72775     9.44486   0.0488067
         865     9.71464     9.44517   0.0487512
         866     9.70156     9.44546   0.0486958
         867     9.68922     9.44574   0.0486405
         868     9.67836     9.44601   0.0485852
         869     9.66546     9.44627   0.0485299
         870     9.65335      9.4465   0.0484747
         871     9.64065     9.44673   0.0484196
         872     9.62877     9.44694   0.0483645
         873     9.61633     9.44713   0.0483095
         874     9.60332     9.44731   0.0482546
         875      9.5919     9.44747   0.0481997
         876     9.58206     9.44763   0.0481449
         877      9.5724     9.44777   0.0480902
         878     9.56224      9.4479   0.0480356
         879     9.55088     9.44802   0.0479811
         880     9.53903     9.44812   0.0479267
         881     9.52881     9.44821   0.0478724
         882     9.51883     9.44829   0.0478182
         883      9.5084     9.44836   0.0477641
         884     9.50033     9.44842   0.0477101
         885      9.4897     9.44847   0.0476562
         886     9.47933      9.4485   0.0476024
         887     9.47134     9.44853   0.0475488
         888     9.46293     9.44854   0.0474952
         889      9.4548     9.44855   0.0474418
         890     9.44696     9.44855   0.0473885
         891     9.44081     9.44854   0.0473353
         892     9.43495     9.44852   0.0472822
         893     9.42797      9.4485   0.0472293
         894     9.42199     9.44847   0.0471765
         895      9.4156     9.44843   0.0471238
         896      9.4088     9.44839   0.0470712
         897     9.40301     9.44834   0.0470188
         898      9.3975     9.44828   0.0469664
         899      9.3923     9.44822   0.0469142
         900     9.38598     9.44815   0.0468622
         901     9.37924     9.44807   0.0468102
         902     9.37492     9.44799   0.0467584
         903      9.3709     9.44791   0.0467067
         904     9.36646     9.44782   0.0466551
         905     9.36372     9.44772   0.0466036
         906     9.36056     9.44763   0.0465523
         907     9.35911     9.44753   0.0465011
         908     9.35651     9.44743     0.04645
         909     9.35561     9.44733    0.046399
         910     9.35287     9.44723   0.0463481
         911      9.3511     9.44712   0.0462974
         912      9.3503     9.44701   0.0462467
         913     9.35118     9.44691   0.0461962
         914     9.34948      9.4468   0.0461458
         915     9.34945      9.4467   0.0460955
         916     9.34826     9.44659   0.0460453
         917     9.34801     9.44648   0.0459952
         918     9.34658     9.44637   0.0459452
         919     9.34751     9.44627   0.0458953
         920     9.34795     9.44616   0.0458456
         921     9.34719     9.44605   0.0457959
         922     9.34876     9.44595   0.0457464
         923     9.34984     9.44584   0.0456969
         924      9.3504     9.44574   0.0456476
         925     9.35398     9.44564   0.0455983
         926     9.35491     9.44554   0.0455492
         927     9.35602     9.44544   0.0455002
         928     9.35871     9.44535   0.0454512
         929     9.36085     9.44526   0.0454024
         930     9.36455     9.44517   0.0453537
         931     9.36769     9.44509    0.045305
         932     9.37026     9.44501   0.0452565
         933     9.37225     9.44493    0.045208
         934     9.37507     9.44486   0.0451597
         935     9.37801     9.44479   0.0451115
         936     9.38105     9.44472   0.0450633
         937     9.38277     9.44465   0.0450153
         938     9.38669     9.44459   0.0449673
         939     9.38999     9.44453   0.0449195
         940     9.39267     9.44448   0.0448717
         941     9.39611     9.44442   0.0448241
         942     9.39962     9.44438   0.0447765
         943     9.40318     9.44433    0.044729
         944     9.40749     9.44429   0.0446817
         945     9.41043     9.44426   0.0446344
         946      9.4134     9.44423   0.0445872
         947     9.41711      9.4442   0.0445402
         948     9.42013     9.44417   0.0444932
         949     9.42529     9.44415   0.0444463
         950     9.42834     9.44414   0.0443995
         951     9.43282     9.44412   0.0443528
         952     9.43799     9.44412   0.0443063
         953     9.44034     9.44411   0.0442598
         954     9.44551     9.44411   0.0442134
         955     9.44996     9.44412   0.0441671
         956      9.4537     9.44413   0.0441209
         957     9.45883     9.44415   0.0440748
         958     9.46325     9.44417   0.0440288
         959     9.46764     9.44419   0.0439829
         960     9.47131     9.44422   0.0439371
         961     9.47425     9.44425   0.0438914
         962     9.47717     9.44428   0.0438457
         963     9.48147     9.44432   0.0438002
         964     9.48646     9.44437   0.0437548
         965     9.49283     9.44442   0.0437095
         966     9.49635     9.44447   0.0436643
         967     9.49985     9.44453   0.0436192
         968     9.50331     9.44459   0.0435741
         969     9.50534     9.44465   0.0435292
         970     9.50804     9.44472   0.0434844
         971     9.51284     9.44479   0.0434397
         972     9.51479     9.44486    0.043395
         973     9.51883     9.44493   0.0433505
         974     9.52072     9.44501   0.0433061
         975     9.52471     9.44509   0.0432617
         976     9.52796     9.44518   0.0432175
         977      9.5312     9.44527   0.0431733
         978     9.53511     9.44536   0.0431293
         979     9.53829     9.44545   0.0430853
         980     9.53933     9.44555   0.0430415
         981     9.54246     9.44565   0.0429977
         982     9.54557     9.44575   0.0429541
         983     9.54865     9.44585   0.0429105
         984     9.55241     9.44596    0.042867
         985     9.55686     9.44608   0.0428236
         986     9.55986     9.44619   0.0427804
         987     9.56213     9.44631   0.0427372
         988     9.56508     9.44643   0.0426941
         989     9.56799     9.44655   0.0426511
         990     9.57088     9.44668   0.0426082
         991     9.57514     9.44681   0.0425654
         992     9.57937     9.44694   0.0425227
         993     9.58356     9.44708   0.0424801
         994     9.58629     9.44722   0.0424376
         995     9.58899     9.44736   0.0423952
         996     9.59164     9.44751   0.0423529
         997     9.59353     9.44765   0.0423107
         998     9.59679      9.4478   0.0422685
         999     9.59786     9.44795   0.0422265
        1000     9.59959      9.4481   0.0421845
        1001     9.60266     9.44826   0.0421427
        1002     9.60496     9.44841   0.0421009
        1003      9.6072     9.44857   0.0420592
        1004     9.60935     9.44873   0.0420176
        1005     9.61284      9.4489   0.0419761
        1006     9.61554     9.44906   0.0419347
        1007     9.61604     9.44923   0.0418934
        1008     9.61715     9.44939   0.0418522
        1009     9.61816     9.44956   0.0418111
        1010     9.62048     9.44973     0.04177
        1011     9.62269      9.4499    0.041729
        1012     9.62478     9.45007   0.0416882
        1013     9.62676     9.45025   0.0416474
        1014     9.62862     9.45042   0.0416067
        1015     9.62893      9.4506    0.041566
        1016     9.63051     9.45078   0.0415255
        1017     9.63196     9.45096   0.0414851
        1018     9.63184     9.45113   0.0414447
        1019     9.63086     9.45131   0.0414044
        1020     9.63114     9.45149   0.0413642
        1021     9.63125     9.45166    0.041324
        1022     9.63049     9.45184    0.041284
        1023     9.63025     9.45201    0.041244
        1024     9.62984     9.45219   0.0412041
        1025     9.63066     9.45236   0.0411642
        1026     9.62847     9.45253   0.0411245
        1027     9.62819      9.4527   0.0410848
        1028     9.62702     9.45287   0.0410452
        1029     9.62565     9.45304   0.0410056
        1030     9.62408     9.45321   0.0409662
        1031      9.6216     9.45337   0.0409267
        1032      9.6182     9.45353   0.0408874
        1033     9.61602     9.45369   0.0408481
        1034     9.61292     9.45384   0.0408089
        1035     9.61103     9.45399   0.0407698
        1036     9.60752     9.45414   0.0407307
        1037     9.60311     9.45428   0.0406917
        1038     9.59849     9.45442   0.0406527
        1039     9.59509     9.45456   0.0406138
        1040     9.59079     9.45469   0.0405749
        1041       9.587     9.45482   0.0405362
        1042     9.58374     9.45494   0.0404975
        1043     9.57889     9.45506   0.0404588
        1044     9.57528     9.45517   0.0404202
        1045      9.5708     9.45528   0.0403817
        1046     9.56617     9.45539   0.0403432
        1047     9.56139     9.45549   0.0403048
        1048     9.55577     9.45559   0.0402665
        1049     9.55002     9.45568   0.0402282
        1050     9.54345     9.45576     0.04019
        1051      9.5389     9.45584   0.0401518
        1052     9.53354     9.45591   0.0401137
        1053      9.5267     9.45598   0.0400757
        1054      9.5212     9.45604   0.0400377
        1055     9.51565      9.4561   0.0399998
        1056     9.51077     9.45615   0.0399619
        1057     9.50587      9.4562   0.0399242
        1058     9.50095     9.45624   0.0398864
        1059     9.49462     9.45628   0.0398488
        1060     9.48973     9.45631   0.0398112
        1061     9.48487     9.45634   0.0397737
        1062     9.48005     9.45636   0.0397362
        1063     9.47319     9.45637   0.0396989
        1064      9.4671     9.45638   0.0396616
        1065     9.46534     9.45639   0.0396243
        1066     9.45944     9.45639   0.0395872
        1067     9.45438     9.45639     0.03955
        1068     9.44803     9.45638    0.039513
        1069     9.44254     9.45637   0.0394761
        1070     9.43792     9.45635   0.0394392
        1071     9.43418     9.45633   0.0394023
        1072     9.43063     9.45631   0.0393656
        1073     9.42445     9.45628   0.0393289
        1074     9.41919     9.45625   0.0392923
        1075     9.41486     9.45621   0.0392558
        1076     9.41217     9.45617   0.0392193
        1077     9.40972     9.45612   0.0391829
        1078     9.40753     9.45608   0.0391466
        1079     9.40489     9.45603   0.0391104
        1080     9.40394     9.45598   0.0390742
        1081     9.40186     9.45593   0.0390381
        1082     9.40218     9.45588    0.039002
        1083     9.39998     9.45583    0.038966
        1084     9.39949     9.45578   0.0389301
        1085     9.39788     9.45573   0.0388943
        1086      9.3973     9.45567   0.0388585
        1087     9.39633     9.45562   0.0388228
        1088     9.39639     9.45556   0.0387871
        1089     9.39748     9.45551   0.0387516
        1090     9.39748     9.45546   0.0387161
        1091     9.39782      9.4554   0.0386806
        1092     9.39849     9.45535   0.0386452
        1093     9.40231      9.4553   0.0386099
        1094     9.40364     9.45526   0.0385746
        1095     9.40742     9.45521   0.0385394
        1096     9.41154     9.45517   0.0385043
        1097     9.41457     9.45514   0.0384692
        1098     9.41722      9.4551   0.0384342
        1099     9.41738     9.45507   0.0383992
        1100     9.41926     9.45503   0.0383643
        1101     9.42428     9.45501   0.0383295
        1102     9.43032     9.45498   0.0382947
        1103     9.43455     9.45496     0.03826
        1104     9.43979     9.45495   0.0382253
        1105     9.44532     9.45494   0.0381908
        1106     9.45042     9.45494   0.0381562
        1107     9.45792     9.45494   0.0381218
        1108     9.46498     9.45495   0.0380874
        1109     9.47159     9.45497    0.038053
        1110     9.47704     9.45498   0.0380187
        1111     9.48484     9.45501   0.0379845
        1112     9.49217     9.45505   0.0379504
        1113       9.499     9.45508   0.0379163
        1114     9.50603     9.45513   0.0378823
        1115     9.51396     9.45518   0.0378484
        1116     9.52065     9.45524   0.0378145
        1117     9.53102     9.45531   0.0377807
        1118     9.54084     9.45539    0.037747
        1119     9.54936     9.45547   0.0377133
        1120      9.5573     9.45556   0.0376798
        1121     9.56674     9.45566   0.0376463
        1122     9.57627     9.45577   0.0376129
        1123     9.58303     9.45588   0.0375796
        1124     9.59196       9.456   0.0375463
        1125     9.60162     9.45613   0.0375132
        1126     9.61059     9.45627   0.0374801
        1127     9.61955     9.45641   0.0374471
        1128     9.62849     9.45657   0.0374143
        1129     9.63879     9.45673   0.0373815
        1130     9.64762      9.4569   0.0373488
        1131     9.65566     9.45707   0.0373162
        1132       9.665     9.45726   0.0372836
        1133      9.6714     9.45745   0.0372512
        1134     9.67977     9.45764   0.0372189
        1135     9.68798     9.45784   0.0371866
        1136     9.69813     9.45806   0.0371545
        1137     9.70526     9.45827   0.0371225
        1138     9.71288      9.4585   0.0370905
        1139     9.71885     9.45873   0.0370587
        1140     9.72526     9.45896   0.0370269
        1141     9.73211      9.4592   0.0369952
        1142     9.73797     9.45944   0.0369636
        1143     9.74352     9.45969   0.0369321
        1144     9.74874     9.45994   0.0369007
        1145     9.75433      9.4602   0.0368694
        1146     9.76027     9.46046   0.0368381
        1147     9.76513     9.46073    0.036807
        1148      9.7689       9.461   0.0367759
        1149     9.77227     9.46127   0.0367449
        1150     9.77453     9.46154   0.0367139
        1151     9.77776     9.46181   0.0366831
        1152     9.78056     9.46209   0.0366523
        1153     9.78432     9.46237   0.0366215
        1154     9.78621     9.46265   0.0365909
        1155     9.78693     9.46293   0.0365603
        1156     9.78928     9.46321   0.0365297
        1157     9.79045      9.4635   0.0364993
        1158     9.79042     9.46378   0.0364688
        1159     9.78989     9.46406   0.0364385
        1160     9.78886     9.46434   0.0364081
        1161     9.78733     9.46462   0.0363778
        1162       9.786      9.4649   0.0363476
        1163     9.78415     9.46517   0.0363174
        1164      9.7818     9.46544   0.0362872
        1165     9.77823     9.46571    0.036257
        1166     9.77416     9.46598   0.0362269
        1167     9.76957     9.46624   0.0361968
        1168     9.76378     9.46649   0.0361667
        1169     9.75891     9.46674   0.0361366
        1170     9.75495     9.46699   0.0361066
        1171     9.74839     9.46723   0.0360765
        1172     9.74134     9.46746   0.0360465
        1173     9.73313     9.46769   0.0360165
        1174     9.72515     9.46791   0.0359865
        1175      9.7139     9.46812   0.0359565
        1176     9.70502     9.46832   0.0359264
        1177     9.69501     9.46851   0.0358964
        1178     9.68599     9.46869   0.0358664
        1179     9.67516     9.46887   0.0358364
        1180     9.66393     9.46904   0.0358065
        1181     9.65232     9.46919   0.0357765
        1182     9.63965     9.46933   0.0357465
        1183     9.62876     9.46947   0.0357165
        1184     9.61541     9.46959   0.0356866
        1185     9.60387     9.46971   0.0356566
        1186     9.59133     9.46981   0.0356267
        1187     9.57781      9.4699   0.0355968
        1188     9.56615     9.46998    0.035567
        1189     9.55355     9.47005   0.0355371
        1190     9.54072     9.47011   0.0355073
        1191      9.5277     9.47016   0.0354775
        1192     9.51307     9.47019   0.0354478
        1193     9.49829     9.47022   0.0354181
        1194     9.48407     9.47023   0.0353884
        1195     9.46903     9.47023   0.0353588
        1196     9.45529     9.47022   0.0353292
        1197     9.44148     9.47019   0.0352997
        1198     9.42902     9.47016   0.0352703
        1199     9.41157     9.47011   0.0352409
        1200     9.39693     9.47005   0.0352116
        1201     9.38158     9.46997   0.0351823
        1202     9.36695     9.46989   0.0351532
        1203     9.35166     9.46979   0.0351241
        1204     9.33714     9.46968   0.0350951
        1205     9.32269     9.46956   0.0350662
        1206     9.30694     9.46942   0.0350374
        1207     9.29341     9.46928   0.0350086
        1208     9.28073     9.46912     0.03498
        1209     9.26609     9.46895   0.0349515
        1210     9.25302     9.46878    0.034923
        1211     9.23944     9.46859   0.0348947
        1212     9.22465     9.46838   0.0348665
        1213     9.21149     9.46817   0.0348384
        1214     9.19998     9.46795   0.0348104
        1215     9.18731     9.46772   0.0347825
        1216     9.17561     9.46748   0.0347548
        1217     9.16349     9.46723   0.0347271
        1218     9.15167     9.46697   0.0346996
        1219     9.14086      9.4667   0.0346721
        1220     9.13037     9.46643   0.0346448
        1221      9.1188     9.46614   0.0346176
        1222     9.10758     9.46585   0.0345905
        1223     9.09741     9.46555   0.0345635
        1224      9.0883     9.46524   0.0345367
        1225     9.07816     9.46493   0.0345099
        1226     9.06768      9.4646   0.0344833
        1227     9.05971     9.46427   0.0344568
        1228     9.05142     9.46393   0.0344303
        1229     9.04282     9.46359    0.034404
        1230     9.03533     9.46324   0.0343778
        1231     9.02754     9.46289   0.0343517
        1232     9.02014     9.46253   0.0343257
        1233     9.01385     9.46217   0.0342998
        1234     9.00585      9.4618    0.034274
        1235     9.00108     9.46142   0.0342483
        1236     8.99671     9.46105   0.0342226
        1237     8.99064     9.46067   0.0341971
        1238     8.98708     9.46029   0.0341716
        1239     8.98321      9.4599   0.0341462
        1240     8.97902     9.45951   0.0341209
        1241     8.97521     9.45912   0.0340956
        1242     8.96966     9.45873   0.0340704
        1243     8.96731     9.45833   0.0340453
        1244     8.96462     9.45794   0.0340203
        1245     8.96298     9.45754   0.0339952
        1246     8.96097     9.45714   0.0339703
        1247     8.96001     9.45674   0.0339454
        1248     8.95936     9.45634   0.0339205
        1249     8.95903     9.45594   0.0338957
        1250     8.95898     9.45555   0.0338709
        1251     8.95852     9.45515   0.0338462
        1252     8.95973     9.45475   0.0338215
        1253     8.95837     9.45436   0.0337968
        1254     8.95724     9.45396   0.0337722
        1255     8.95634     9.45356   0.0337476
        1256     8.95634     9.45317    0.033723
        1257     8.95795     9.45277   0.0336985
        1258     8.95761     9.45238    0.033674
        1259     8.96096     9.45199   0.0336495
        1260     8.96303      9.4516   0.0336251
        1261     8.96453     9.45122   0.0336006
        1262     8.96612     9.45083   0.0335762
        1263     8.96993     9.45045   0.0335518
        1264     8.97309     9.45007   0.0335274
        1265     8.97561      9.4497   0.0335029
        1266     8.97745     9.44933   0.0334786
        1267     8.98002     9.44896   0.0334542
        1268     8.98117     9.44859   0.0334298
        1269     8.98443     9.44822   0.0334055
        1270     8.98695     9.44786   0.0333812
        1271     8.99084      9.4475   0.0333568
        1272     8.99184     9.44714   0.0333325
        1273     8.99418     9.44678   0.0333082
        1274     8.99573     9.44643    0.033284
        1275     8.99858     9.44608   0.0332597
        1276     9.00062     9.44573   0.0332355
        1277      9.0004     9.44538   0.0332113
        1278     9.00286     9.44503   0.0331871
        1279     9.00517     9.44469    0.033163
        1280     9.00872     9.44435   0.0331388
        1281     9.00926     9.44401   0.0331147
        1282     9.01103     9.44367   0.0330906
        1283     9.01118     9.44334   0.0330665
        1284     9.01325       9.443   0.0330424
        1285      9.0151     9.44267   0.0330184
        1286     9.01319     9.44233   0.0329944
        1287     9.01388       9.442   0.0329705
        1288     9.01504     9.44167   0.0329465
        1289     9.01455     9.44134   0.0329226
        1290     9.01311     9.44101   0.0328988
        1291     9.01213     9.44067    0.032875
        1292     9.01019     9.44034   0.0328512
        1293     9.00871     9.44001   0.0328275
        1294     9.00557     9.43967   0.0328039
        1295     9.00358     9.43933   0.0327802
        1296     9.00064       9.439   0.0327567
        1297     8.99744     9.43865   0.0327332
        1298      8.9947     9.43831   0.0327098
        1299     8.99243     9.43797   0.0326864
        1300      8.9885     9.43762   0.0326631
        1301     8.98575     9.43728   0.0326398
        1302     8.98489     9.43693   0.0326166
        1303     8.98311     9.43658   0.0325934
        1304     8.97757     9.43623   0.0325703
        1305     8.97537     9.43588   0.0325473
        1306     8.97086     9.43552   0.0325243
        1307     8.96617     9.43516   0.0325014
        1308      8.9613      9.4348   0.0324786
        1309     8.95699     9.43443   0.0324558
        1310     8.95182     9.43406   0.0324331
        1311     8.94651     9.43369   0.0324105
        1312      8.9411     9.43332    0.032388
        1313     8.93557     9.43294   0.0323656
        1314     8.92996     9.43256   0.0323432
        1315     8.92428     9.43217   0.0323209
        1316     8.91854     9.43178   0.0322987
        1317     8.91277     9.43138   0.0322766
        1318     8.90697     9.43099   0.0322546
        1319     8.89976     9.43058   0.0322326
        1320     8.89467     9.43018   0.0322107
        1321      8.8875     9.42977    0.032189
        1322     8.88179     9.42935   0.0321673
        1323     8.87826     9.42894   0.0321457
        1324      8.8741     9.42852   0.0321241
        1325     8.86793     9.42809   0.0321027
        1326     8.86258     9.42767   0.0320813
        1327     8.85666     9.42724     0.03206
        1328      8.8516      9.4268   0.0320388
        1329     8.84741     9.42637   0.0320177
        1330     8.84271     9.42593   0.0319966
        1331      8.8375     9.42549   0.0319756
        1332      8.8318     9.42504   0.0319547
        1333     8.82704     9.42459   0.0319339
        1334     8.82323     9.42414   0.0319131
        1335      8.8211     9.42369   0.0318924
        1336     8.81783     9.42324   0.0318718
        1337     8.81697     9.42278   0.0318512
        1338     8.81712     9.42233   0.0318306
        1339     8.81616     9.42188     0.03181
        1340     8.81412     9.42142   0.0317895
        1341      8.8117     9.42097   0.0317691
        1342     8.81034     9.42051   0.0317486
        1343     8.80933     9.42006   0.0317283
        1344      8.8094     9.41961   0.0317079
        1345     8.80983     9.41915   0.0316876
        1346     8.81064      9.4187   0.0316673
        1347     8.81042     9.41825    0.031647
        1348     8.80919      9.4178   0.0316267
        1349     8.81047     9.41735   0.0316065
        1350     8.81285      9.4169   0.0315862
        1351     8.81564     9.41645    0.031566
        1352     8.81813     9.41601   0.0315457
        1353     8.82244     9.41557   0.0315255
        1354     8.82646     9.41514   0.0315052
        1355     8.82948      9.4147   0.0314849
        1356     8.83291     9.41428   0.0314646
        1357     8.83747     9.41385   0.0314443
        1358     8.84103     9.41343    0.031424
        1359     8.84642     9.41301   0.0314036
        1360     8.85292      9.4126   0.0313832
        1361     8.85701     9.41219   0.0313628
        1362     8.86433     9.41179   0.0313424
        1363     8.87135     9.41139   0.0313219
        1364     8.87735       9.411   0.0313014
        1365     8.88445     9.41062   0.0312808
        1366     8.89265     9.41024   0.0312602
        1367     8.90194     9.40986   0.0312396
        1368     8.90949      9.4095   0.0312189
        1369     8.92023     9.40914   0.0311981
        1370     8.92993     9.40879   0.0311773
        1371     8.94069     9.40845   0.0311564
        1372     8.95039     9.40812   0.0311355
        1373     8.96184     9.40779   0.0311145
        1374     8.97222     9.40747   0.0310935
        1375     8.98293     9.40717   0.0310724
        1376     8.99678     9.40687   0.0310513
        1377     9.01093     9.40658   0.0310301
        1378     9.02398      9.4063   0.0310088
        1379     9.03661     9.40603   0.0309874
        1380     9.04952     9.40578   0.0309661
        1381       9.062     9.40553   0.0309446
        1382     9.07544     9.40529   0.0309232
        1383     9.08844     9.40506   0.0309017
        1384     9.10309     9.40484   0.0308801
        1385     9.11656     9.40463   0.0308585
        1386     9.13025     9.40443   0.0308369
        1387     9.14486     9.40425   0.0308152
        1388     9.15825     9.40407   0.0307935
        1389     9.17324      9.4039   0.0307718
        1390     9.18983     9.40375   0.0307501
        1391     9.20516     9.40361   0.0307283
        1392     9.21853     9.40347   0.0307065
        1393     9.23346     9.40335   0.0306847
        1394     9.25205     9.40324   0.0306629
        1395     9.26865     9.40315    0.030641
        1396     9.28535     9.40306   0.0306192
        1397     9.30146     9.40299   0.0305974
        1398     9.31765     9.40293   0.0305756
        1399     9.33532     9.40288   0.0305537
        1400     9.35166     9.40284   0.0305319
        1401     9.36734     9.40282   0.0305102
        1402     9.38518     9.40281   0.0304884
        1403     9.40094      9.4028   0.0304667
        1404     9.41743     9.40282    0.030445
        1405     9.43394     9.40284   0.0304233
        1406     9.45327     9.40287   0.0304017
        1407     9.47118     9.40292   0.0303801
        1408     9.48765     9.40298   0.0303586
        1409     9.50339     9.40305   0.0303371
        1410     9.51768     9.40313   0.0303157
        1411     9.53474     9.40323   0.0302944
        1412     9.55104     9.40333   0.0302731
        1413     9.56797     9.40345   0.0302519
        1414     9.58482     9.40358   0.0302308
        1415     9.60087     9.40372   0.0302097
        1416     9.61681     9.40387   0.0301888
        1417     9.63335     9.40403   0.0301679
        1418     9.64906      9.4042   0.0301471
        1419     9.66534     9.40439   0.0301265
        1420     9.68148     9.40458   0.0301059
        1421     9.69676     9.40479   0.0300854
        1422     9.71186       9.405    0.030065
        1423     9.72891     9.40523   0.0300447
        1424     9.74366     9.40547   0.0300246
        1425     9.75821     9.40572   0.0300045
        1426     9.77255     9.40597   0.0299846
        1427     9.78739     9.40624   0.0299648
        1428     9.80129     9.40652   0.0299451
        1429     9.81495      9.4068   0.0299255
        1430     9.82837      9.4071    0.029906
        1431     9.84364      9.4074   0.0298867
        1432     9.85724     9.40772   0.0298674
        1433     9.87056     9.40804   0.0298483
        1434     9.88288     9.40837   0.0298294
        1435     9.89491     9.40871   0.0298105
        1436     9.90593     9.40906   0.0297918
        1437     9.91593     9.40941   0.0297731
        1438     9.92771     9.40977   0.0297546
        1439     9.93775     9.41014   0.0297362
        1440     9.94745     9.41051   0.0297179
        1441      9.9575     9.41089   0.0296997
        1442     9.96789     9.41127   0.0296816
        1443      9.9772     9.41167   0.0296636
        1444     9.98613     9.41206   0.0296457
        1445     9.99398     9.41247   0.0296279
        1446     10.0021     9.41288   0.0296103
        1447     10.0092     9.41329   0.0295927
        1448     10.0172      9.4137   0.0295752
        1449     10.0234     9.41413   0.0295577
        1450     10.0306     9.41455   0.0295404
        1451     10.0353     9.41498   0.0295232
        1452     10.0402     9.41541    0.029506
        1453     10.0461     9.41584   0.0294889
        1454     10.0509     9.41628   0.0294718
        1455     10.0559     9.41672   0.0294548
        1456     10.0598     9.41716   0.0294379
        1457      10.061      9.4176    0.029421
        1458     10.0647     9.41805   0.0294042
        1459     10.0686     9.41849   0.0293874
        1460     10.0699     9.41894   0.0293707
        1461     10.0708     9.41938    0.029354
        1462     10.0712     9.41983   0.0293373
        1463     10.0725     9.42028   0.0293206
        1464      10.072     9.42072    0.029304
        1465     10.0725     9.42117   0.0292873
        1466     10.0717     9.42161   0.0292707
        1467     10.0713     9.42205   0.0292541
        1468     10.0704      9.4225   0.0292375
        1469      10.069     9.42294   0.0292209
        1470     10.0665     9.42337   0.0292043
        1471     10.0636     9.42381   0.0291877
        1472     10.0603     9.42424   0.0291711
        1473     10.0565     9.42467   0.0291545
        1474     10.0516      9.4251   0.0291378
        1475     10.0449     9.42552    0.029121
        1476     10.0392     9.42593   0.0291043
        1477     10.0338     9.42634   0.0290875
        1478     10.0288     9.42675   0.0290707
        1479     10.0226     9.42715   0.0290538
        1480     10.0161     9.42755   0.0290369
        1481     10.0093     9.42794   0.0290199
        1482     10.0028     9.42833    0.029003
        1483     9.99386     9.42871   0.0289859
        1484      9.9853     9.42909   0.0289688
        1485     9.97714     9.42946   0.0289516
        1486     9.96938     9.42982   0.0289344
        1487     9.96063     9.43018   0.0289172
        1488     9.95089     9.43053   0.0288999
        1489     9.94159     9.43087   0.0288825
        1490     9.93274     9.43121   0.0288651
        1491     9.92151     9.43154   0.0288476
        1492     9.91076     9.43186     0.02883
        1493     9.90048     9.43217   0.0288124
        1494     9.88999     9.43248   0.0287948
        1495     9.87929     9.43278   0.0287771
        1496      9.8684     9.43307   0.0287593
        1497     9.85732     9.43335   0.0287415
        1498     9.84678     9.43363   0.0287236
        1499     9.83606      9.4339   0.0287057
        1500     9.82378     9.43416   0.0286878
        1501     9.81205     9.43441   0.0286698
        1502     9.80019     9.43465   0.0286517
        1503      9.7882     9.43489   0.0286336
        1504     9.77608     9.43511   0.0286155
        1505     9.76315     9.43533   0.0285973
        1506     9.75153     9.43554   0.0285791
        1507     9.73839     9.43574   0.0285608
        1508     9.72658     9.43594   0.0285425
        1509     9.71328     9.43612   0.0285242
        1510     9.70202     9.43629   0.0285059
        1511     9.68858     9.43646   0.0284875
        1512     9.67579     9.43662   0.0284691
        1513     9.66295     9.43677   0.0284507
        1514     9.64936     9.43691   0.0284322
        1515     9.63714     9.43704   0.0284137
        1516     9.62278     9.43716   0.0283953
        1517     9.60911     9.43728   0.0283768
        1518     9.59753     9.43738   0.0283583
        1519     9.58384     9.43748   0.0283398
        1520     9.57085     9.43757   0.0283213
        1521     9.55787     9.43765   0.0283028
        1522     9.54561     9.43772   0.0282843
        1523     9.53337     9.43778   0.0282658
        1524     9.52047     9.43784   0.0282473
        1525     9.50831     9.43788   0.0282288
        1526     9.49761     9.43792   0.0282103
        1527     9.48626     9.43795   0.0281918
        1528     9.47427     9.43798   0.0281734
        1529     9.46166     9.43799    0.028155
        1530     9.45054       9.438   0.0281366
        1531     9.43528       9.438   0.0281182
        1532     9.42223     9.43799   0.0280998
        1533     9.41071     9.43797   0.0280815
        1534      9.3986     9.43794   0.0280632
        1535     9.38733     9.43791    0.028045
        1536     9.37619     9.43787   0.0280267
        1537     9.36591     9.43782   0.0280085
        1538     9.35438     9.43777   0.0279904
        1539     9.34302     9.43771   0.0279723
        1540     9.33114     9.43764   0.0279542
        1541     9.32015     9.43756   0.0279362
        1542     9.31007     9.43748   0.0279182
        1543     9.29879     9.43739   0.0279002
        1544     9.28914     9.43729   0.0278823
        1545       9.279     9.43719   0.0278644
        1546     9.26982     9.43708   0.0278466
        1547     9.26017     9.43697   0.0278289
        1548     9.25149     9.43685   0.0278111
        1549     9.24377     9.43672   0.0277935
        1550     9.23491     9.43659   0.0277758
        1551     9.22845     9.43646   0.0277583
        1552     9.21946     9.43632   0.0277407
        1553     9.21077     9.43618   0.0277232
        1554      9.2038     9.43603   0.0277058
        1555     9.19644     9.43587   0.0276884
        1556     9.18868     9.43571   0.0276711
        1557     9.17985     9.43555   0.0276538
        1558     9.17205     9.43538   0.0276366
        1559     9.16388     9.43521   0.0276194
        1560     9.15817     9.43503   0.0276023
        1561     9.15282     9.43485   0.0275852
        1562     9.14783     9.43466   0.0275681
        1563     9.14389     9.43448   0.0275511
        1564     9.14033     9.43429   0.0275341
        1565     9.13713      9.4341   0.0275172
        1566     9.13359     9.43391   0.0275003
        1567     9.13113     9.43371   0.0274834
        1568     9.12764     9.43352   0.0274666
        1569     9.12593     9.43332   0.0274498
        1570     9.12461     9.43313    0.027433
        1571     9.12296     9.43293   0.0274162
        1572     9.12099     9.43273   0.0273995
        1573     9.12011     9.43253   0.0273828
        1574      9.1196     9.43233   0.0273661
        1575      9.1216     9.43214   0.0273495
        1576     9.11973     9.43194   0.0273328
        1577     9.12035     9.43174   0.0273162
        1578     9.12135     9.43154   0.0272996
        1579     9.12201     9.43135    0.027283
        1580     9.12304     9.43115   0.0272665
        1581     9.12513     9.43096   0.0272499
        1582      9.1283     9.43077   0.0272334
        1583     9.12829     9.43058   0.0272168
        1584     9.13074     9.43039   0.0272003
        1585     9.13354      9.4302   0.0271838
        1586     9.13669     9.43001   0.0271673
        1587     9.13946     9.42983   0.0271508
        1588     9.14184     9.42965   0.0271343
        1589     9.14526     9.42947   0.0271178
        1590     9.15039      9.4293   0.0271013
        1591     9.15583     9.42912   0.0270848
        1592     9.16157     9.42896   0.0270683
        1593     9.16618     9.42879   0.0270518
        1594     9.17248     9.42863   0.0270353
        1595     9.18046     9.42847   0.0270188
        1596     9.18587     9.42832   0.0270023
        1597     9.19224     9.42817   0.0269858
        1598     9.19955     9.42803   0.0269693
        1599     9.20568     9.42789   0.0269528
        1600     9.21344     9.42776   0.0269363
        1601     9.22141     9.42763   0.0269198
        1602     9.22888      9.4275   0.0269033
        1603     9.23653     9.42739   0.0268868
        1604     9.24647     9.42727   0.0268702
        1605     9.25517     9.42717   0.0268537
        1606     9.26401     9.42706   0.0268372
        1607      9.2737     9.42697   0.0268206
        1608      9.2814     9.42688   0.0268041
        1609     9.29203     9.42679   0.0267876
        1610     9.30136     9.42672   0.0267711
        1611     9.31078     9.42664   0.0267545
        1612     9.32027     9.42658    0.026738
        1613     9.33124     9.42652   0.0267215
        1614     9.34226     9.42647    0.026705
        1615     9.35191     9.42642   0.0266885
        1616     9.35947     9.42638    0.026672
        1617     9.36916     9.42634   0.0266556
        1618     9.37603     9.42631   0.0266391
        1619     9.38429     9.42629   0.0266227
        1620     9.39677     9.42627   0.0266062
        1621     9.40569     9.42626   0.0265898
        1622     9.41526     9.42625   0.0265734
        1623     9.42549     9.42625   0.0265571
        1624     9.43635     9.42626   0.0265407
        1625     9.44572     9.42627   0.0265244
        1626     9.45642     9.42629   0.0265081
        1627      9.4656     9.42631   0.0264918
        1628     9.47537     9.42634   0.0264755
        1629     9.48361     9.42638   0.0264593
        1630     9.49242     9.42642   0.0264431
        1631     9.49897     9.42646   0.0264269
        1632     9.50819     9.42651   0.0264108
        1633     9.51654     9.42657   0.0263947
        1634     9.52543     9.42663   0.0263786
        1635      9.5313     9.42669   0.0263625
        1636      9.5384     9.42676   0.0263465
        1637       9.546     9.42683   0.0263305
        1638     9.55339     9.42691   0.0263145
        1639     9.56056     9.42699   0.0262986
        1640      9.5668     9.42708   0.0262827
        1641     9.57421     9.42716   0.0262669
        1642     9.58068     9.42726    0.026251
        1643      9.5876     9.42736   0.0262352
        1644     9.59426     9.42746   0.0262195
        1645     9.60065     9.42756   0.0262037
        1646     9.60536     9.42767    0.026188
        1647      9.6112     9.42778   0.0261724
        1648     9.61675      9.4279   0.0261568
        1649      9.6206     9.42801   0.0261412
        1650     9.62698     9.42813   0.0261256
        1651     9.63093     9.42826   0.0261101
        1652     9.63528     9.42838   0.0260945
        1653      9.6379     9.42851   0.0260791
        1654      9.6395     9.42864   0.0260636
        1655     9.64148     9.42877   0.0260482
        1656     9.64454      9.4289   0.0260328
        1657     9.64728     9.42903   0.0260174
        1658     9.64969     9.42916    0.026002
        1659     9.65106     9.42929   0.0259867
        1660      9.6528     9.42943   0.0259714
        1661     9.65208     9.42956   0.0259561
        1662     9.65174      9.4297   0.0259409
        1663     9.65247     9.42983   0.0259256
        1664     9.65216     9.42996   0.0259104
        1665     9.65081      9.4301   0.0258951
        1666     9.64984     9.43023   0.0258799
        1667     9.64642     9.43036   0.0258647
        1668      9.6448     9.43049   0.0258495
        1669     9.64285     9.43061   0.0258344
        1670     9.63988     9.43074   0.0258192
        1671      9.6366     9.43086    0.025804
        1672     9.63372     9.43098   0.0257889
        1673     9.63125      9.4311   0.0257738
        1674     9.62708     9.43122   0.0257586
        1675     9.62121     9.43133   0.0257435
        1676     9.61788     9.43145   0.0257284
        1677     9.61429     9.43155   0.0257133
        1678     9.60903     9.43166   0.0256982
        1679     9.60423     9.43176   0.0256831
        1680      9.5992     9.43186    0.025668
        1681     9.59323     9.43196   0.0256529
        1682     9.58776     9.43205   0.0256378
        1683     9.58209     9.43214   0.0256227
        1684     9.57624     9.43223   0.0256076
        1685     9.57021     9.43231   0.0255926
        1686     9.56402     9.43239   0.0255775
        1687     9.55839     9.43246   0.0255625
        1688     9.55262     9.43253   0.0255474
        1689     9.54533      9.4326   0.0255324
        1690     9.53863     9.43266   0.0255174
        1691     9.53042     9.43272   0.0255023
        1692     9.52426     9.43277   0.0254873
        1693     9.51732     9.43282   0.0254723
        1694     9.51033     9.43287   0.0254573
        1695     9.50331     9.43291   0.0254423
        1696     9.49767     9.43295   0.0254274
        1697     9.49061     9.43298   0.0254124
        1698     9.48356     9.43301   0.0253974
        1699     9.47652     9.43304   0.0253825
        1700     9.46952     9.43306   0.0253676
        1701     9.46185     9.43308   0.0253527
        1702     9.45565     9.43309   0.0253378
        1703     9.44952      9.4331   0.0253229
        1704     9.44346     9.43311   0.0253081
        1705     9.43679     9.43311   0.0252932
        1706      9.4295     9.43311   0.0252784
        1707     9.42303      9.4331   0.0252636
        1708     9.41668     9.43309   0.0252488
        1709     9.41046     9.43308    0.025234
        1710     9.40508     9.43306   0.0252193
        1711     9.40126     9.43304   0.0252045
        1712     9.39687     9.43302   0.0251898
        1713     9.39053       9.433   0.0251751
        1714     9.38505     9.43297   0.0251605
        1715     9.37974     9.43294   0.0251458
        1716      9.3746      9.4329   0.0251312
        1717     9.37105     9.43287   0.0251166
        1718     9.36626     9.43283    0.025102
        1719     9.36166     9.43279   0.0250874
        1720     9.35653     9.43274   0.0250729
        1721     9.35088     9.43269   0.0250583
        1722     9.34683     9.43265   0.0250438
        1723     9.34438     9.43259   0.0250293
        1724      9.3407     9.43254   0.0250149
        1725     9.33721     9.43249   0.0250004
        1726     9.33601     9.43243    0.024986
        1727     9.33428     9.43237   0.0249716
        1728     9.33133     9.43231   0.0249572
        1729     9.32713     9.43225   0.0249429
        1730     9.32451     9.43219   0.0249285
        1731     9.32207     9.43213   0.0249142
        1732     9.31979     9.43206   0.0248999
        1733     9.31696       9.432   0.0248856
        1734     9.31428     9.43193   0.0248714
        1735     9.31316     9.43186   0.0248571
        1736     9.31359     9.43179   0.0248429
        1737     9.31275     9.43172   0.0248287
        1738     9.31275     9.43165   0.0248145
        1739     9.31146     9.43159   0.0248003
        1740     9.31029     9.43152   0.0247862
        1741     9.31064     9.43145    0.024772
        1742     9.30827     9.43138   0.0247579
        1743     9.30741      9.4313   0.0247438
        1744     9.30593     9.43123   0.0247297
        1745     9.30525     9.43116   0.0247157
        1746     9.30323     9.43109   0.0247016
        1747      9.3034     9.43101   0.0246876
        1748     9.30293     9.43094   0.0246736
        1749     9.30323     9.43087   0.0246596
        1750     9.30358      9.4308   0.0246456
        1751     9.30327     9.43072   0.0246316
        1752      9.3037     9.43065   0.0246177
        1753     9.30347     9.43058   0.0246037
        1754     9.30256      9.4305   0.0245898
        1755     9.30379     9.43043   0.0245759
        1756     9.30434     9.43036    0.024562
        1757      9.3042     9.43029   0.0245481
        1758     9.30478     9.43022   0.0245343
        1759     9.30536     9.43015   0.0245204
        1760     9.30455     9.43007   0.0245066
        1761     9.30655        9.43   0.0244928
        1762     9.30644     9.42993    0.024479
        1763      9.3042     9.42986   0.0244652
        1764     9.30337     9.42979   0.0244515
        1765     9.30324     9.42972   0.0244377
        1766     9.30239     9.42965    0.024424
        1767     9.30223     9.42958   0.0244103
        1768     9.30206      9.4295   0.0243966
        1769     9.30118     9.42943   0.0243829
        1770     9.30098     9.42936   0.0243692
        1771     9.30007     9.42929   0.0243556
        1772     9.29985     9.42921   0.0243419
        1773     9.29891     9.42914   0.0243283
        1774     9.29795     9.42906   0.0243147
        1775     9.29699     9.42899   0.0243011
        1776     9.29672     9.42892   0.0242875
        1777     9.29573     9.42884    0.024274
        1778     9.29473     9.42877   0.0242605
        1779     9.29302     9.42869   0.0242469
        1780     9.29271     9.42861   0.0242334
        1781      9.2924     9.42854     0.02422
        1782      9.2928     9.42846   0.0242065
        1783      9.2932     9.42838    0.024193
        1784      9.2936     9.42831   0.0241796
        1785     9.29401     9.42823   0.0241662
        1786     9.29302     9.42816   0.0241527
        1787     9.29203     9.42808   0.0241393
        1788     9.29036       9.428    0.024126
        1789     9.28941     9.42793   0.0241126
        1790     9.28918     9.42785   0.0240993
        1791     9.28968     9.42777   0.0240859
        1792      9.2888     9.42769   0.0240726
        1793     9.28864     9.42762   0.0240593
        1794     9.28781     9.42754    0.024046
        1795      9.2856     9.42746   0.0240328
        1796     9.28625     9.42738   0.0240195
        1797     9.28624      9.4273   0.0240063
        1798     9.28556     9.42722    0.023993
        1799     9.28703     9.42715   0.0239798
        1800     9.28715     9.42707   0.0239666
        1801      9.2859     9.42699   0.0239535
        1802     9.28681     9.42691   0.0239403
        1803      9.2892     9.42684   0.0239271
        1804     9.28811     9.42676    0.023914
        1805      9.2892     9.42668   0.0239009
        1806     9.28965     9.42661   0.0238878
        1807     9.28804     9.42653   0.0238747
        1808     9.28862     9.42645   0.0238616
        1809     9.28927     9.42638   0.0238485
        1810        9.29      9.4263   0.0238355
        1811     9.29221     9.42623   0.0238224
        1812     9.29168     9.42615   0.0238094
        1813     9.29334     9.42608   0.0237964
        1814     9.29438     9.42601   0.0237833
        1815      9.2948     9.42594   0.0237704
        1816     9.29601     9.42586   0.0237574
        1817     9.29661     9.42579   0.0237444
        1818       9.298     9.42572   0.0237314
        1819      9.3009     9.42565   0.0237185
        1820      9.3046     9.42559   0.0237056
        1821     9.30416     9.42552   0.0236926
        1822     9.30523     9.42546   0.0236797
        1823     9.30711     9.42539   0.0236668
        1824     9.30909     9.42533   0.0236539
        1825     9.31118     9.42526   0.0236411
        1826     9.31338      9.4252   0.0236282
        1827     9.31568     9.42514   0.0236153
        1828      9.3188     9.42508   0.0236025
        1829     9.32203     9.42503   0.0235896
        1830     9.32113     9.42497   0.0235768
        1831     9.32529     9.42492    0.023564
        1832     9.32886     9.42486   0.0235512
        1833     9.33184     9.42481   0.0235384
        1834     9.33564     9.42477   0.0235256
        1835     9.33815     9.42472   0.0235129
        1836     9.34077     9.42467   0.0235001
        1837     9.34422     9.42463   0.0234873
        1838     9.34849     9.42459   0.0234746
        1839     9.35288     9.42455   0.0234619
        1840     9.35598     9.42451   0.0234491
        1841     9.36061     9.42448   0.0234364
        1842     9.36466     9.42444   0.0234237
        1843     9.36812     9.42441    0.023411
        1844     9.37241     9.42439   0.0233984
        1845     9.37753     9.42436   0.0233857
        1846     9.38136     9.42434    0.023373
        1847     9.38672     9.42432   0.0233604
        1848      9.3929      9.4243   0.0233478
        1849      9.3978     9.42428   0.0233351
        1850     9.40422     9.42427   0.0233225
        1851     9.41147     9.42427   0.0233099
        1852     9.41743     9.42426   0.0232973
        1853      9.4235     9.42426   0.0232848
        1854     9.42899     9.42427   0.0232722
        1855     9.43459     9.42427   0.0232597
        1856      9.4403     9.42428   0.0232471
        1857     9.44612     9.42429   0.0232346
        1858     9.45135     9.42431   0.0232221
        1859      9.4588     9.42432   0.0232096
        1860     9.46565     9.42435   0.0231972
        1861      9.4726     9.42437   0.0231847
        1862     9.47894      9.4244   0.0231723
        1863     9.48609     9.42444   0.0231599
        1864     9.49262     9.42447   0.0231475
        1865     9.50065     9.42451   0.0231351
        1866     9.50736     9.42456   0.0231227
        1867     9.51415     9.42461   0.0231104
        1868     9.52172     9.42466   0.0230981
        1869     9.52865     9.42471   0.0230858
        1870     9.53707     9.42477   0.0230735
        1871     9.54484     9.42484   0.0230613
        1872     9.55197      9.4249   0.0230491
        1873     9.55914     9.42498   0.0230369
        1874     9.56635     9.42505   0.0230247
        1875     9.57361     9.42513   0.0230126
        1876      9.5816     9.42521   0.0230005
        1877      9.5875      9.4253   0.0229884
        1878     9.59553     9.42539   0.0229763
        1879     9.60216     9.42549   0.0229643
        1880     9.60949     9.42558   0.0229523
        1881     9.61683     9.42569   0.0229403
        1882     9.62485     9.42579   0.0229283
        1883     9.63214      9.4259   0.0229164
        1884      9.6387     9.42601   0.0229045
        1885     9.64663     9.42613   0.0228927
        1886      9.6538     9.42625   0.0228809
        1887     9.66021     9.42638   0.0228691
        1888     9.66725      9.4265   0.0228573
        1889     9.67422     9.42663   0.0228456
        1890     9.67969     9.42677   0.0228339
        1891     9.68576      9.4269   0.0228222
        1892     9.69243     9.42705   0.0228106
        1893     9.69686     9.42719    0.022799
        1894     9.70258     9.42733   0.0227874
        1895     9.70957     9.42748   0.0227759
        1896     9.71499     9.42763   0.0227644
        1897     9.71955     9.42779   0.0227529
        1898     9.72535     9.42794   0.0227414
        1899     9.73238      9.4281     0.02273
        1900      9.7364     9.42827   0.0227187
        1901     9.74092     9.42843   0.0227073
        1902     9.74453      9.4286    0.022696
        1903     9.74933     9.42877   0.0226847
        1904      9.7532     9.42894   0.0226734
        1905     9.75684     9.42911   0.0226621
        1906     9.76023     9.42928   0.0226509
        1907     9.76408     9.42946   0.0226397
        1908     9.76838     9.42964   0.0226286
        1909      9.7724     9.42982   0.0226174
        1910     9.77545        9.43   0.0226063
        1911     9.77964     9.43018   0.0225952
        1912     9.78071     9.43036   0.0225841
        1913     9.78432     9.43055   0.0225731
        1914     9.78622     9.43073   0.0225621
        1915     9.78782     9.43092    0.022551
        1916     9.78771     9.43111     0.02254
        1917     9.79011     9.43129   0.0225291
        1918      9.7908     9.43148   0.0225181
        1919     9.79189     9.43167   0.0225071
        1920     9.79196     9.43186   0.0224962
        1921     9.79244     9.43204   0.0224853
        1922      9.7926     9.43223   0.0224744
        1923     9.79174     9.43242   0.0224635
        1924     9.79341     9.43261   0.0224526
        1925     9.79123     9.43279   0.0224417
        1926     9.78946     9.43298   0.0224308
        1927     9.78739     9.43316   0.0224199
        1928     9.78503     9.43334    0.022409
        1929     9.78097     9.43352   0.0223981
        1930     9.77804      9.4337   0.0223872
        1931     9.77412     9.43388   0.0223763
        1932     9.77135     9.43405   0.0223654
        1933      9.7676     9.43423   0.0223545
        1934      9.7636      9.4344   0.0223436
        1935     9.76076     9.43457   0.0223327
        1936     9.75627     9.43473   0.0223218
        1937     9.75226      9.4349   0.0223109
        1938     9.74733     9.43506   0.0222999
        1939     9.74148     9.43521    0.022289
        1940     9.73544     9.43537    0.022278
        1941     9.72992     9.43552   0.0222671
        1942     9.72423     9.43567   0.0222561
        1943     9.71838     9.43582   0.0222451
        1944     9.71238     9.43596   0.0222341
        1945     9.70624      9.4361   0.0222231
        1946     9.69927     9.43623   0.0222121
        1947     9.69291     9.43636   0.0222011
        1948     9.68715     9.43649   0.0221901
        1949     9.67991     9.43662   0.0221791
        1950      9.6733     9.43674    0.022168
        1951     9.66594     9.43686    0.022157
        1952     9.65924     9.43697   0.0221459
        1953     9.65182     9.43708   0.0221348
        1954      9.6451     9.43719   0.0221238
        1955     9.63838     9.43729   0.0221127
        1956     9.63239     9.43739   0.0221016
        1957     9.62644     9.43749   0.0220905
        1958     9.61912     9.43758   0.0220794
        1959     9.61187     9.43767   0.0220684
        1960     9.60681     9.43775   0.0220573
        1961     9.60043     9.43784   0.0220462
        1962     9.59416     9.43792   0.0220351
        1963     9.59012     9.43799    0.022024
        1964     9.58409     9.43807   0.0220129
        1965     9.57679     9.43814   0.0220018
        1966     9.57035     9.43821   0.0219907
        1967     9.56478     9.43827   0.0219796
        1968     9.55725     9.43833   0.0219685
        1969     9.55273     9.43839   0.0219575
        1970     9.54841     9.43844   0.0219464
        1971     9.54357      9.4385   0.0219353
        1972     9.53894     9.43855   0.0219243
        1973     9.53522      9.4386   0.0219132
        1974     9.53101     9.43864   0.0219022
        1975     9.52631     9.43869   0.0218911
        1976     9.52254     9.43873   0.0218801
        1977      9.5197     9.43877    0.021869
        1978     9.51708     9.43881    0.021858
        1979     9.51399     9.43885    0.021847
        1980     9.51395     9.43889    0.021836
        1981     9.50989     9.43892    0.021825
        1982     9.50817     9.43896    0.021814
        1983     9.50526     9.43899   0.0218031
        1984     9.50398     9.43903   0.0217921
        1985      9.5029     9.43906   0.0217811
        1986     9.50132     9.43909   0.0217702
        1987     9.49993     9.43912   0.0217593
        1988     9.49732     9.43915   0.0217483
        1989       9.497     9.43918   0.0217374
        1990     9.49613     9.43921   0.0217265
        1991     9.49541     9.43923   0.0217156
        1992     9.49484     9.43926   0.0217047
        1993      9.4944     9.43929   0.0216939
        1994     9.49265     9.43932    0.021683
        1995     9.49313     9.43934   0.0216721
        1996     9.49227     9.43937   0.0216613
        1997     9.49149      9.4394   0.0216505
        1998     9.49217     9.43942   0.0216397
        1999     9.49149     9.43945   0.0216288
        2000     9.49223     9.43948    0.021618
