           1         1.5         1.5           0
           2     1.49986     1.49993 5.11191e-05
           3     1.49942     1.49976 0.000141807
           4      1.4987     1.49949 0.000252741
           5     1.49769     1.49913 0.000380786
           6     1.49639     1.49868 0.000523881
           7     1.49481     1.49812 0.000680555
           8     1.49294     1.49748 0.000849686
           9     1.49079     1.49673  0.00103038
          10     1.48835     1.49589   0.0012219
          11     1.48562     1.49496  0.00142359
          12     1.48262     1.49393  0.00163491
          13     1.47933     1.49281  0.00185531
          14     1.47576     1.49159  0.00208433
          15     1.47192     1.49028  0.00232161
          16      1.4678     1.48887  0.00256677
          17      1.4634     1.48738  0.00281944
          18     1.45873     1.48578  0.00307928
          19     1.45379      1.4841  0.00334604
          20     1.44858     1.48233  0.00361952
          21      1.4431     1.48046  0.00389955
          22     1.43734      1.4785  0.00418592
          23     1.43132     1.47645  0.00447843
          24     1.42503      1.4743  0.00477691
          25     1.41847     1.47207  0.00508124
          26     1.41164     1.46975  0.00539126
          27     1.40454     1.46733  0.00570686
          28     1.39718     1.46483   0.0060279
          29     1.38956     1.46223  0.00635424
          30     1.38168     1.45954  0.00668575
          31     1.37353     1.45677   0.0070223
          32     1.36512     1.45391  0.00736375
          33     1.35646     1.45095  0.00770997
          34     1.34754     1.44791  0.00806081
          35     1.33837     1.44478  0.00841614
          36     1.32895     1.44156  0.00877584
          37     1.31929     1.43826  0.00913977
          38     1.30937     1.43487  0.00950779
          39     1.29922     1.43139  0.00987975
          40     1.28883     1.42783   0.0102555
          41      1.2782     1.42418   0.0106349
          42     1.26735     1.42044   0.0110177
          43     1.25626     1.41662   0.0114039
          44     1.24496     1.41272   0.0117932
          45     1.23344     1.40874   0.0121855
          46     1.22171     1.40467   0.0125807
          47     1.20977     1.40053   0.0129784
          48     1.19763      1.3963   0.0133787
          49     1.18529     1.39199   0.0137813
          50     1.17277     1.38761    0.014186
          51     1.16006     1.38315   0.0145926
          52     1.14718     1.37861    0.015001
          53     1.13412       1.374   0.0154109
          54     1.12091     1.36931   0.0158221
          55     1.10754     1.36455   0.0162346
          56     1.09402     1.35972   0.0166479
          57     1.08036     1.35482    0.017062
          58     1.06658     1.34985   0.0174766
          59     1.05268     1.34481   0.0178915
          60     1.03866     1.33971   0.0183064
          61     1.02454     1.33454   0.0187212
          62     1.01034     1.32931   0.0191356
          63    0.996048     1.32402   0.0195494
          64    0.981688     1.31867   0.0199623
          65    0.967269     1.31327   0.0203741
          66    0.952801     1.30781   0.0207846
          67    0.938297     1.30229   0.0211934
          68    0.923767     1.29672   0.0216004
          69    0.909225     1.29111   0.0220053
          70    0.894681     1.28545   0.0224078
          71    0.880148     1.27974   0.0228078
          72    0.865639     1.27399   0.0232048
          73    0.851166     1.26819   0.0235987
          74    0.836742     1.26236   0.0239893
          75     0.82238      1.2565   0.0243762
          76    0.808094      1.2506   0.0247592
          77    0.793895     1.24467    0.025138
          78    0.779797     1.23871   0.0255124
          79    0.765812     1.23272   0.0258822
          80    0.751955     1.22671   0.0262471
          81    0.738238     1.22068   0.0266068
          82    0.724674     1.21463   0.0269612
          83    0.711276     1.20857   0.0273099
          84    0.698055     1.20249   0.0276527
          85    0.685025      1.1964   0.0279895
          86    0.672197     1.19031     0.02832
          87    0.659583     1.18421   0.0286439
          88    0.647195      1.1781   0.0289612
          89    0.635043       1.172   0.0292715
          90    0.623139      1.1659   0.0295747
          91    0.611492     1.15981   0.0298707
          92    0.600112     1.15373   0.0301591
          93     0.58901     1.14765     0.03044
          94    0.578194      1.1416   0.0307131
          95    0.567673     1.13555   0.0309783
          96    0.557455     1.12953   0.0312354
          97    0.547546     1.12353   0.0314843
          98    0.537955     1.11756    0.031725
          99    0.528687     1.11161   0.0319573
         100    0.519748     1.10569   0.0321812
         101    0.511142      1.0998   0.0323965
         102    0.502875     1.09395   0.0326031
         103    0.494951     1.08814   0.0328012
         104    0.487372     1.08236   0.0329905
         105    0.480142     1.07662   0.0331711
         106    0.473261     1.07093    0.033343
         107    0.466733     1.06529   0.0335061
         108    0.460556     1.05969   0.0336605
         109    0.454731     1.05414   0.0338061
         110    0.449259     1.04864   0.0339431
         111    0.444137     1.04319   0.0340714
         112    0.439365      1.0378    0.034191
         113    0.434939     1.03247   0.0343022
         114    0.430858     1.02719   0.0344048
         115    0.427119     1.02197   0.0344991
         116    0.423718     1.01681    0.034585
         117     0.42065     1.01172   0.0346627
         118    0.417911     1.00669   0.0347324
         119    0.415497     1.00172    0.034794
         120    0.413401    0.996814   0.0348477
         121    0.411618    0.991978   0.0348937
         122    0.410141    0.987209   0.0349321
         123    0.408965    0.982508    0.034963
         124    0.408082    0.977875   0.0349866
         125    0.407485    0.973312    0.035003
         126    0.407167    0.968819   0.0350124
         127     0.40712    0.964396   0.0350149
         128    0.407337    0.960044   0.0350108
         129     0.40781    0.955763   0.0350001
         130     0.40853    0.951554   0.0349831
         131     0.40949    0.947416   0.0349599
         132     0.41068     0.94335   0.0349308
         133    0.412093    0.939355   0.0348958
         134     0.41372    0.935433   0.0348551
         135    0.415554    0.931582    0.034809
         136    0.417583    0.927802   0.0347576
         137    0.419801    0.924094   0.0347012
         138    0.422199    0.920457   0.0346398
         139    0.424768    0.916891   0.0345736
         140      0.4275    0.913396    0.034503
         141    0.430385     0.90997   0.0344279
         142    0.433417    0.906614   0.0343486
         143    0.436586    0.903327   0.0342653
         144    0.439885    0.900109   0.0341782
         145    0.443305    0.896958   0.0340873
         146     0.44684    0.893875    0.033993
         147     0.45048    0.890859   0.0338953
         148    0.454218    0.887909   0.0337945
         149    0.458047    0.885024   0.0336906
         150    0.461959    0.882203   0.0335838
         151    0.465947    0.879447   0.0334743
         152    0.470003    0.876753   0.0333623
         153    0.474123    0.874121   0.0332479
         154    0.478297    0.871551   0.0331312
         155    0.482521    0.869041   0.0330124
         156    0.486788    0.866591   0.0328916
         157    0.491091    0.864199   0.0327689
         158    0.495426    0.861865   0.0326445
         159    0.499786    0.859588   0.0325186
         160    0.504165    0.857367   0.0323911
         161    0.508559      0.8552   0.0322623
         162    0.512962    0.853087   0.0321322
         163    0.517369    0.851028    0.032001
         164    0.521776     0.84902   0.0318688
         165    0.526178    0.847064   0.0317357
         166    0.530572    0.845157   0.0316017
         167    0.534953    0.843299    0.031467
         168    0.539317     0.84149   0.0313317
         169    0.543661    0.839728   0.0311958
         170     0.54798    0.838012   0.0310595
         171    0.552272    0.836341   0.0309228
         172    0.556534    0.834714   0.0307858
         173    0.560761     0.83313   0.0306485
         174    0.564951    0.831589   0.0305111
         175    0.569102    0.830089   0.0303736
         176     0.57321     0.82863   0.0302361
         177    0.577273    0.827209   0.0300986
         178    0.581289    0.825828   0.0299612
         179    0.585255    0.824484   0.0298239
         180     0.58917    0.823177   0.0296869
         181    0.593031    0.821905   0.0295501
         182    0.596836    0.820668   0.0294136
         183    0.600584    0.819466   0.0292774
         184    0.604272    0.818296   0.0291417
         185    0.607901    0.817159   0.0290063
         186    0.611467    0.816053   0.0288714
         187     0.61497    0.814978   0.0287371
         188    0.618406    0.813932   0.0286032
         189    0.621776    0.812915   0.0284699
         190    0.625078    0.811927   0.0283373
         191     0.62831    0.810966   0.0282052
         192    0.631473    0.810031   0.0280738
         193    0.634564    0.809122    0.027943
         194    0.637583    0.808237    0.027813
         195    0.640528    0.807377   0.0276837
         196    0.643399    0.806541   0.0275551
         197    0.646193    0.805727   0.0274272
         198     0.64891    0.804935   0.0273001
         199    0.651549    0.804164   0.0271738
         200     0.65411    0.803414   0.0270483
         201     0.65659    0.802683   0.0269236
         202    0.658989    0.801972   0.0267997
         203    0.661308    0.801279   0.0266766
         204    0.663544    0.800604   0.0265544
         205    0.665697    0.799946    0.026433
         206    0.667767    0.799304   0.0263125
         207    0.669753    0.798678   0.0261928
         208    0.671655    0.798067    0.026074
         209    0.673471    0.797471   0.0259561
         210    0.675203    0.796889    0.025839
         211    0.676849     0.79632   0.0257228
         212    0.678408    0.795764   0.0256075
         213     0.67988     0.79522    0.025493
         214    0.681265    0.794687   0.0253795
         215    0.682562    0.794166   0.0252668
         216    0.683773    0.793655    0.025155
         217    0.684895    0.793154   0.0250441
         218     0.68593    0.792662    0.024934
         219    0.686879    0.792179   0.0248248
         220    0.687741    0.791704   0.0247165
         221    0.688517    0.791237   0.0246091
         222    0.689207    0.790778   0.0245025
         223    0.689812    0.790325   0.0243968
         224    0.690333    0.789878    0.024292
         225     0.69077    0.789438    0.024188
         226    0.691124    0.789003   0.0240849
         227    0.691397    0.788573   0.0239827
         228    0.691589    0.788148   0.0238812
         229    0.691701    0.787726   0.0237807
         230    0.691734    0.787309   0.0236809
         231    0.691691    0.786895    0.023582
         232    0.691572    0.786484    0.023484
         233     0.69138    0.786076   0.0233867
         234    0.691115     0.78567   0.0232903
         235    0.690781    0.785266   0.0231947
         236    0.690379    0.784864   0.0230999
         237    0.689912    0.784464   0.0230059
         238    0.689383    0.784064   0.0229127
         239    0.688793    0.783666   0.0228203
         240    0.688146    0.783268   0.0227287
         241    0.687443     0.78287   0.0226379
         242    0.686688    0.782473   0.0225478
         243    0.685884    0.782075   0.0224585
         244    0.685034    0.781677     0.02237
         245     0.68414    0.781279   0.0222822
         246    0.683206    0.780881   0.0221952
         247    0.682236    0.780481    0.022109
         248    0.681233    0.780081   0.0220234
         249      0.6802     0.77968   0.0219386
         250    0.679141    0.779278   0.0218546
         251     0.67806    0.778874   0.0217712
         252    0.676959     0.77847   0.0216886
         253    0.675843    0.778064   0.0216066
         254    0.674714    0.777657   0.0215254
         255    0.673575    0.777249   0.0214449
         256     0.67243     0.77684    0.021365
         257    0.671284    0.776429   0.0212858
         258     0.67014    0.776017   0.0212073
         259    0.669003    0.775604   0.0211295
         260    0.667874     0.77519   0.0210522
         261    0.666758    0.774774   0.0209757
         262    0.665657    0.774358   0.0208998
         263    0.664575     0.77394   0.0208245
         264    0.663515    0.773522   0.0207498
         265    0.662482    0.773103   0.0206757
         266    0.661477    0.772683   0.0206022
         267    0.660504    0.772263   0.0205294
         268    0.659566    0.771843   0.0204571
         269    0.658664    0.771422   0.0203853
         270    0.657803    0.771001   0.0203142
         271    0.656983     0.77058   0.0202436
         272    0.656208     0.77016   0.0201735
         273    0.655481     0.76974    0.020104
         274    0.654804     0.76932    0.020035
         275    0.654178    0.768902   0.0199665
         276    0.653604    0.768484   0.0198986
         277    0.653086    0.768067   0.0198311
         278    0.652624    0.767652   0.0197641
         279    0.652222    0.767238   0.0196976
         280    0.651879    0.766826   0.0196315
         281    0.651597    0.766416    0.019566
         282    0.651375    0.766008   0.0195008
         283    0.651216    0.765603   0.0194361
         284    0.651119      0.7652   0.0193719
         285    0.651086    0.764799    0.019308
         286    0.651117    0.764402   0.0192446
         287    0.651212    0.764007   0.0191816
         288     0.65137    0.763616    0.019119
         289    0.651594    0.763229   0.0190568
         290    0.651882    0.762845   0.0189949
         291    0.652235    0.762465   0.0189335
         292    0.652651    0.762088   0.0188723
         293    0.653132    0.761717   0.0188116
         294    0.653677    0.761349   0.0187512
         295    0.654285    0.760986   0.0186912
         296    0.654955    0.760628   0.0186314
         297    0.655686    0.760275   0.0185721
         298    0.656477    0.759926    0.018513
         299    0.657327    0.759583   0.0184543
         300    0.658236    0.759245   0.0183958
         301      0.6592    0.758913   0.0183377
         302    0.660219    0.758586   0.0182799
         303    0.661293    0.758265   0.0182224
         304    0.662418     0.75795   0.0181652
         305    0.663595     0.75764   0.0181083
         306     0.66482    0.757337   0.0180516
         307    0.666094     0.75704   0.0179953
         308    0.667414    0.756749   0.0179392
         309    0.668778    0.756464   0.0178834
         310    0.670184    0.756186   0.0178279
         311     0.67163    0.755914   0.0177726
         312    0.673114    0.755649   0.0177177
         313    0.674636     0.75539   0.0176629
         314    0.676192    0.755138   0.0176085
         315    0.677782    0.754892   0.0175543
         316    0.679403    0.754653   0.0175004
         317    0.681052    0.754421   0.0174467
         318    0.682727    0.754195   0.0173933
         319    0.684426    0.753977   0.0173402
         320    0.686147    0.753765   0.0172873
         321    0.687888     0.75356   0.0172346
         322    0.689645    0.753361   0.0171822
         323    0.691417    0.753169   0.0171301
         324    0.693202    0.752984   0.0170782
         325    0.694997    0.752806   0.0170266
         326    0.696799    0.752634   0.0169753
         327    0.698607    0.752469   0.0169242
         328    0.700417     0.75231   0.0168733
         329    0.702229    0.752158   0.0168227
         330    0.704038    0.752012   0.0167724
         331    0.705844    0.751873   0.0167223
         332    0.707643    0.751739   0.0166724
         333    0.709433    0.751612   0.0166228
         334    0.711211    0.751491   0.0165735
         335    0.712976    0.751376   0.0165244
         336    0.714724    0.751267   0.0164756
         337    0.716453    0.751164   0.0164271
         338     0.71816    0.751066   0.0163787
         339    0.719842    0.750974   0.0163307
         340    0.721498    0.750888   0.0162829
         341    0.723124    0.750806   0.0162353
         342    0.724719     0.75073   0.0161881
         343     0.72628    0.750659    0.016141
         344    0.727805    0.750592   0.0160942
         345    0.729291     0.75053   0.0160477
         346    0.730738    0.750473   0.0160014
         347    0.732143     0.75042   0.0159554
         348    0.733502    0.750372   0.0159096
         349    0.734816    0.750327   0.0158641
         350     0.73608    0.750286   0.0158188
         351    0.737295    0.750249   0.0157738
         352    0.738457    0.750216    0.015729
         353    0.739567    0.750186   0.0156845
         354    0.740624    0.750159   0.0156402
         355    0.741625    0.750135   0.0155962
         356     0.74257    0.750113   0.0155524
         357    0.743459    0.750095   0.0155088
         358     0.74429    0.750079   0.0154655
         359    0.745065    0.750065   0.0154224
         360    0.745782    0.750053   0.0153796
         361    0.746442    0.750043    0.015337
         362    0.747045    0.750034   0.0152946
         363    0.747592    0.750028   0.0152525
         364    0.748084    0.750022   0.0152106
         365    0.748521    0.750018   0.0151689
         366    0.748906    0.750015   0.0151275
         367    0.749238    0.750013   0.0150863
         368     0.74952    0.750012   0.0150453
         369    0.749754    0.750011   0.0150045
         370    0.749941    0.750011   0.0149639
         371    0.750084    0.750011   0.0149236
         372    0.750187    0.750012   0.0148835
         373    0.750251    0.750012   0.0148436
         374     0.75028    0.750013   0.0148039
         375    0.750277    0.750014   0.0147644
         376    0.750246    0.750014   0.0147252
         377    0.750189    0.750015   0.0146861
         378    0.750112    0.750015   0.0146472
         379    0.750017    0.750015   0.0146086
         380    0.749909    0.750015   0.0145702
         381    0.749792    0.750014   0.0145319
         382    0.749669    0.750013   0.0144939
         383    0.749544    0.750012    0.014456
         384    0.749423     0.75001   0.0144184
         385    0.749309    0.750009   0.0143809
         386    0.749208    0.750007   0.0143437
         387    0.749124    0.750004   0.0143066
         388    0.749061    0.750002   0.0142697
         389    0.749023    0.749999   0.0142331
         390    0.749014    0.749997   0.0141966
         391    0.749038    0.749994   0.0141603
         392    0.749099    0.749992   0.0141241
         393    0.749201     0.74999   0.0140882
         394    0.749348    0.749988   0.0140524
         395    0.749543    0.749987   0.0140169
         396    0.749788    0.749987   0.0139815
         397    0.750085    0.749987   0.0139462
         398    0.750438    0.749988   0.0139112
         399    0.750849     0.74999   0.0138763
         400    0.751319    0.749994   0.0138416
         401    0.751851    0.749998   0.0138071
         402    0.752445    0.750004   0.0137728
         403    0.753102    0.750012   0.0137386
         404    0.753824    0.750021   0.0137046
         405     0.75461    0.750033   0.0136708
         406    0.755459    0.750046   0.0136371
         407    0.756371    0.750062   0.0136036
         408    0.757345     0.75008   0.0135703
         409     0.75838      0.7501   0.0135371
         410    0.759473    0.750123   0.0135041
         411    0.760624    0.750148   0.0134713
         412     0.76183    0.750177   0.0134386
         413    0.763088    0.750208   0.0134061
         414    0.764397    0.750242   0.0133738
         415    0.765753     0.75028   0.0133416
         416    0.767153     0.75032   0.0133096
         417    0.768594    0.750364   0.0132778
         418    0.770072    0.750411   0.0132461
         419    0.771585    0.750462   0.0132146
         420    0.773129    0.750516   0.0131832
         421      0.7747    0.750573    0.013152
         422    0.776295    0.750634    0.013121
         423    0.777911    0.750698   0.0130901
         424    0.779541    0.750766   0.0130594
         425    0.781185    0.750838   0.0130289
         426    0.782839    0.750913   0.0129985
         427    0.784498    0.750992   0.0129683
         428     0.78616    0.751074   0.0129383
         429     0.78782     0.75116   0.0129084
         430    0.789476    0.751249   0.0128787
         431    0.791124    0.751341   0.0128492
         432    0.792761    0.751437   0.0128198
         433    0.794384    0.751536   0.0127905
         434    0.795991    0.751639   0.0127615
         435    0.797579    0.751744   0.0127326
         436    0.799146    0.751853   0.0127038
         437    0.800689    0.751965   0.0126753
         438    0.802204     0.75208   0.0126468
         439    0.803692    0.752197   0.0126186
         440    0.805148    0.752317   0.0125905
         441    0.806572     0.75244   0.0125625
         442    0.807961    0.752566   0.0125347
         443    0.809314    0.752694   0.0125071
         444    0.810631    0.752825   0.0124796
         445     0.81191    0.752957   0.0124523
         446    0.813149    0.753092   0.0124251
         447    0.814348    0.753229    0.012398
         448    0.815504    0.753368   0.0123711
         449    0.816618    0.753509   0.0123444
         450     0.81769    0.753652   0.0123178
         451    0.818718    0.753796   0.0122913
         452    0.819701    0.753942    0.012265
         453    0.820639    0.754089   0.0122388
         454    0.821529    0.754238   0.0122127
         455    0.822373    0.754388   0.0121868
         456    0.823169    0.754538    0.012161
         457    0.823917     0.75469   0.0121354
         458    0.824619    0.754843   0.0121098
         459    0.825274    0.754996   0.0120844
         460     0.82588     0.75515   0.0120591
         461    0.826438    0.755305    0.012034
         462    0.826947     0.75546   0.0120089
         463    0.827408    0.755616    0.011984
         464    0.827821    0.755771   0.0119592
         465    0.828186    0.755927   0.0119345
         466    0.828502    0.756083   0.0119099
         467     0.82877    0.756238   0.0118854
         468    0.828988    0.756394    0.011861
         469    0.829159    0.756549   0.0118367
         470     0.82928    0.756704   0.0118125
         471    0.829353    0.756858   0.0117885
         472    0.829378    0.757012   0.0117645
         473    0.829354    0.757164   0.0117406
         474    0.829282    0.757317   0.0117168
         475    0.829163    0.757468   0.0116932
         476    0.828997    0.757618   0.0116696
         477    0.828783    0.757767    0.011646
         478    0.828522    0.757915   0.0116226
         479    0.828215    0.758062   0.0115993
         480    0.827862    0.758208    0.011576
         481    0.827464    0.758352   0.0115529
         482    0.827021    0.758494   0.0115298
         483    0.826534    0.758635   0.0115068
         484    0.826002    0.758774   0.0114838
         485    0.825428    0.758911    0.011461
         486    0.824811    0.759047   0.0114382
         487    0.824152    0.759181   0.0114155
         488    0.823453    0.759312   0.0113928
         489    0.822715    0.759442   0.0113703
         490    0.821938     0.75957   0.0113478
         491    0.821125    0.759695   0.0113254
         492    0.820276    0.759818    0.011303
         493    0.819393    0.759939   0.0112807
         494    0.818478    0.760057   0.0112585
         495    0.817533    0.760174   0.0112364
         496    0.816559    0.760287   0.0112143
         497    0.815558    0.760398   0.0111923
         498    0.814533    0.760507   0.0111703
         499    0.813485    0.760613   0.0111485
         500    0.812416    0.760717   0.0111267
         501    0.811329    0.760818   0.0111049
         502    0.810227    0.760916   0.0110832
         503    0.809111    0.761012   0.0110616
         504    0.807983    0.761105     0.01104
         505    0.806846    0.761196   0.0110186
         506    0.805703    0.761284   0.0109971
         507    0.804556    0.761369   0.0109758
         508    0.803408    0.761452   0.0109545
         509    0.802264    0.761532   0.0109332
         510    0.801125     0.76161   0.0109121
         511    0.799994    0.761685    0.010891
         512    0.798874    0.761758     0.01087
         513    0.797767    0.761828    0.010849
         514    0.796677    0.761896   0.0108281
         515    0.795608    0.761961   0.0108073
         516    0.794561    0.762024   0.0107865
         517     0.79354    0.762085   0.0107658
         518    0.792548    0.762144   0.0107452
         519    0.791588    0.762201   0.0107246
         520    0.790662    0.762256   0.0107042
         521    0.789773    0.762308   0.0106837
         522    0.788923    0.762359   0.0106634
         523    0.788115    0.762409   0.0106431
         524    0.787352    0.762456   0.0106229
         525    0.786636    0.762502   0.0106028
         526     0.78597    0.762547   0.0105827
         527    0.785355     0.76259   0.0105627
         528    0.784795    0.762632   0.0105428
         529     0.78429    0.762673    0.010523
         530    0.783843    0.762713   0.0105032
         531    0.783455    0.762752   0.0104835
         532    0.783128     0.76279   0.0104638
         533    0.782863    0.762828   0.0104443
         534    0.782662    0.762865   0.0104248
         535    0.782526    0.762902   0.0104054
         536    0.782455    0.762938    0.010386
         537    0.782451    0.762975   0.0103667
         538    0.782514    0.763011   0.0103475
         539    0.782646    0.763048   0.0103284
         540    0.782846    0.763084   0.0103093
         541    0.783115    0.763121   0.0102903
         542    0.783451    0.763159   0.0102714
         543    0.783855    0.763197   0.0102526
         544    0.784326    0.763236   0.0102338
         545    0.784865    0.763275   0.0102151
         546     0.78547    0.763316   0.0101965
         547     0.78614    0.763358   0.0101779
         548    0.786876    0.763401   0.0101594
         549    0.787676    0.763445    0.010141
         550    0.788537     0.76349   0.0101227
         551     0.78946    0.763538   0.0101044
         552    0.790442    0.763586   0.0100862
         553    0.791482    0.763637   0.0100681
         554    0.792577    0.763689   0.0100501
         555    0.793727    0.763743   0.0100321
         556    0.794928    0.763799   0.0100142
         557    0.796179    0.763857  0.00999644
         558    0.797478    0.763918   0.0099787
         559    0.798823     0.76398  0.00996105
         560     0.80021    0.764045  0.00994347
         561    0.801637    0.764112  0.00992597
         562    0.803101    0.764181  0.00990855
         563    0.804601    0.764253  0.00989121
         564    0.806134    0.764327  0.00987395
         565    0.807698    0.764404  0.00985678
         566     0.80929    0.764483  0.00983968
         567    0.810908    0.764565  0.00982267
         568    0.812547     0.76465  0.00980574
         569    0.814207    0.764737  0.00978889
         570    0.815885    0.764826  0.00977213
         571    0.817579    0.764919  0.00975545
         572    0.819286    0.765014  0.00973886
         573    0.821004    0.765112  0.00972235
         574    0.822729    0.765212  0.00970593
         575     0.82446    0.765315   0.0096896
         576    0.826194    0.765421  0.00967335
         577    0.827929    0.765529   0.0096572
         578    0.829663     0.76564  0.00964113
         579    0.831393    0.765754  0.00962514
         580    0.833118     0.76587  0.00960925
         581    0.834837    0.765988  0.00959344
         582    0.836547     0.76611  0.00957772
         583    0.838247    0.766233   0.0095621
         584    0.839936     0.76636  0.00954655
         585    0.841611    0.766488   0.0095311
         586    0.843269    0.766619  0.00951574
         587    0.844909    0.766753  0.00950046
         588     0.84653    0.766888  0.00948527
         589    0.848132    0.767026  0.00947017
         590    0.849712    0.767166  0.00945516
         591    0.851268    0.767309  0.00944023
         592    0.852801    0.767453  0.00942539
         593    0.854308      0.7676  0.00941063
         594     0.85579    0.767748  0.00939596
         595    0.857246    0.767898  0.00938137
         596    0.858675    0.768051  0.00936687
         597    0.860076    0.768205  0.00935245
         598    0.861447    0.768361  0.00933811
         599    0.862787    0.768518  0.00932385
         600    0.864098    0.768678  0.00930967
         601    0.865376    0.768839  0.00929557
         602    0.866623    0.769001  0.00928155
         603    0.867839    0.769165   0.0092676
         604    0.869023     0.76933  0.00925373
         605    0.870176    0.769497  0.00923994
         606    0.871297    0.769665  0.00922622
         607    0.872385    0.769834  0.00921257
         608     0.87344    0.770005  0.00919899
         609    0.874463    0.770176  0.00918549
         610    0.875453    0.770349  0.00917205
         611    0.876412    0.770522  0.00915868
         612    0.877339    0.770697  0.00914538
         613    0.878233    0.770872  0.00913214
         614    0.879094    0.771049  0.00911897
         615    0.879923    0.771226  0.00910586
         616    0.880719    0.771403  0.00909281
         617    0.881482    0.771582  0.00907983
         618    0.882211    0.771761   0.0090669
         619    0.882908     0.77194  0.00905403
         620    0.883573     0.77212  0.00904122
         621    0.884207    0.772301  0.00902846
         622    0.884809    0.772482  0.00901575
         623    0.885378    0.772663   0.0090031
         624    0.885913    0.772844  0.00899051
         625    0.886416    0.773026  0.00897796
         626    0.886885    0.773208  0.00896546
         627    0.887321     0.77339    0.008953
         628    0.887724    0.773572   0.0089406
         629    0.888094    0.773754  0.00892824
         630     0.88843    0.773936  0.00891592
         631    0.888733    0.774118  0.00890365
         632    0.889002      0.7743  0.00889142
         633    0.889237    0.774481  0.00887922
         634    0.889437    0.774663  0.00886707
         635    0.889604    0.774844  0.00885495
         636    0.889737    0.775024  0.00884287
         637    0.889836    0.775205  0.00883083
         638      0.8899    0.775384  0.00881882
         639     0.88993    0.775564  0.00880684
         640    0.889924    0.775742  0.00879489
         641    0.889885     0.77592  0.00878297
         642     0.88981    0.776098  0.00877108
         643    0.889701    0.776275  0.00875922
         644    0.889557     0.77645  0.00874738
         645    0.889376    0.776626  0.00873557
         646    0.889159      0.7768  0.00872379
         647    0.888905    0.776973  0.00871203
         648    0.888614    0.777145  0.00870028
         649    0.888285    0.777317  0.00868856
         650    0.887918    0.777487  0.00867686
         651    0.887515    0.777656  0.00866518
         652    0.887075    0.777824  0.00865351
         653    0.886596     0.77799  0.00864187
         654     0.88608    0.778155  0.00863023
         655    0.885527    0.778319  0.00861861
         656    0.884936    0.778482  0.00860701
         657    0.884307    0.778643  0.00859541
         658    0.883639    0.778802  0.00858383
         659    0.882933    0.778961  0.00857226
         660    0.882189    0.779117   0.0085607
         661    0.881406    0.779272  0.00854915
         662    0.880586    0.779425   0.0085376
         663    0.879727    0.779576  0.00852607
         664    0.878831    0.779725  0.00851454
         665    0.877896    0.779873  0.00850301
         666    0.876924    0.780019  0.00849149
         667    0.875915    0.780163  0.00847998
         668     0.87487    0.780304  0.00846847
         669    0.873788    0.780444  0.00845696
         670    0.872671    0.780582  0.00844546
         671     0.87152    0.780717  0.00843396
         672    0.870335    0.780851  0.00842247
         673    0.869118    0.780982  0.00841097
         674    0.867868    0.781111  0.00839948
         675    0.866586    0.781237  0.00838799
         676    0.865276    0.781362   0.0083765
         677    0.863938    0.781484  0.00836502
         678    0.862573    0.781603  0.00835354
         679    0.861182     0.78172  0.00834206
         680    0.859767    0.781835  0.00833058
         681    0.858328    0.781948   0.0083191
         682    0.856867    0.782057  0.00830763
         683    0.855386    0.782165  0.00829616
         684    0.853885     0.78227  0.00828469
         685    0.852368    0.782372  0.00827323
         686    0.850836    0.782472  0.00826177
         687    0.849291    0.782569  0.00825032
         688    0.847734    0.782664  0.00823887
         689    0.846167    0.782756  0.00822743
         690    0.844592    0.782845  0.00821599
         691    0.843011    0.782933  0.00820456
         692    0.841427    0.783017  0.00819314
         693    0.839842    0.783099  0.00818173
         694    0.838258    0.783179  0.00817033
         695    0.836675    0.783256  0.00815894
         696    0.835096     0.78333  0.00814755
         697    0.833523    0.783402  0.00813618
         698    0.831956    0.783472  0.00812482
         699    0.830399    0.783539  0.00811348
         700    0.828851    0.783603  0.00810214
         701    0.827316    0.783666  0.00809083
         702    0.825796    0.783726  0.00807952
         703    0.824292    0.783784  0.00806824
         704    0.822805    0.783839  0.00805697
         705    0.821335    0.783892  0.00804571
         706    0.819885    0.783943  0.00803448
         707    0.818455    0.783992  0.00802326
         708    0.817046    0.784039  0.00801207
         709    0.815659    0.784083  0.00800089
         710    0.814296    0.784126  0.00798973
         711    0.812956    0.784166   0.0079786
         712    0.811641    0.784205  0.00796749
         713    0.810349    0.784242   0.0079564
         714    0.809082    0.784276  0.00794533
         715    0.807839    0.784309  0.00793429
         716     0.80662    0.784341  0.00792326
         717    0.805425     0.78437  0.00791227
         718    0.804253    0.784398   0.0079013
         719    0.803105    0.784424  0.00789035
         720    0.801979    0.784448  0.00787943
         721    0.800877    0.784471  0.00786853
         722    0.799795    0.784492  0.00785766
         723    0.798736    0.784512  0.00784682
         724    0.797696     0.78453    0.007836
         725    0.796676    0.784547  0.00782521
         726    0.795673    0.784562  0.00781445
         727    0.794687    0.784576  0.00780371
         728    0.793717    0.784588    0.007793
         729    0.792762      0.7846  0.00778232
         730    0.791821     0.78461  0.00777167
         731    0.790891    0.784618  0.00776104
         732    0.789972    0.784626  0.00775044
         733    0.789062    0.784632  0.00773987
         734     0.78816    0.784636  0.00772933
         735    0.787262     0.78464  0.00771881
         736    0.786369    0.784642  0.00770833
         737    0.785479    0.784643  0.00769787
         738    0.784591    0.784643  0.00768744
         739    0.783703    0.784642  0.00767703
         740    0.782815     0.78464  0.00766666
         741    0.781923    0.784636  0.00765631
         742    0.781027    0.784631    0.007646
         743    0.780126    0.784625  0.00763571
         744    0.779217    0.784618  0.00762545
         745    0.778302    0.784609  0.00761522
         746    0.777377      0.7846  0.00760502
         747    0.776442    0.784589  0.00759484
         748    0.775496    0.784576   0.0075847
         749    0.774539    0.784563  0.00757459
         750    0.773568    0.784548   0.0075645
         751    0.772584    0.784533  0.00755444
         752    0.771586    0.784515  0.00754442
         753    0.770573    0.784497  0.00753442
         754    0.769544    0.784477  0.00752445
         755    0.768499    0.784456  0.00751452
         756    0.767439    0.784433  0.00750461
         757    0.766361    0.784409  0.00749474
         758    0.765266    0.784384  0.00748489
         759    0.764152    0.784357  0.00747508
         760     0.76302    0.784329  0.00746529
         761    0.761872      0.7843  0.00745554
         762    0.760706    0.784269  0.00744582
         763    0.759522    0.784236  0.00743614
         764    0.758321    0.784203  0.00742648
         765    0.757103    0.784167  0.00741686
         766    0.755867     0.78413  0.00740727
         767    0.754615    0.784092  0.00739771
         768    0.753345    0.784052  0.00738818
         769    0.752059     0.78401  0.00737869
         770    0.750758    0.783967  0.00736924
         771    0.749442    0.783922  0.00735982
         772    0.748112    0.783876  0.00735043
         773    0.746769    0.783828  0.00734108
         774    0.745415    0.783778  0.00733176
         775    0.744049    0.783727  0.00732248
         776    0.742672    0.783674  0.00731323
         777    0.741286    0.783619  0.00730402
         778    0.739894    0.783563  0.00729485
         779    0.738494    0.783505  0.00728572
         780    0.737089    0.783446  0.00727662
         781    0.735679    0.783385  0.00726756
         782    0.734267    0.783322  0.00725854
         783    0.732855    0.783257  0.00724955
         784    0.731442    0.783191  0.00724061
         785     0.73003    0.783124   0.0072317
         786    0.728621    0.783054  0.00722283
         787    0.727217    0.782983    0.007214
         788    0.725818    0.782911  0.00720521
         789    0.724427    0.782837  0.00719646
         790    0.723045    0.782761  0.00718775
         791    0.721674    0.782684  0.00717908
         792    0.720314    0.782605  0.00717045
         793     0.71897    0.782525  0.00716185
         794     0.71764    0.782443   0.0071533
         795    0.716328     0.78236  0.00714479
         796    0.715034    0.782275  0.00713631
         797     0.71376    0.782189  0.00712787
         798     0.71251    0.782102  0.00711948
         799    0.711283    0.782013  0.00711112
         800    0.710081    0.781923   0.0071028
         801    0.708907    0.781832  0.00709451
         802    0.707761     0.78174  0.00708627
         803    0.706644    0.781646  0.00707806
         804    0.705559    0.781552  0.00706989
         805    0.704507    0.781456  0.00706176
         806    0.703489    0.781359  0.00705366
         807    0.702507    0.781262  0.00704559
         808    0.701562    0.781163  0.00703756
         809    0.700655    0.781063  0.00702957
         810     0.69979    0.780963  0.00702161
         811    0.698967    0.780862  0.00701368
         812    0.698188     0.78076  0.00700578
         813    0.697454    0.780658  0.00699791
         814    0.696765    0.780555  0.00699007
         815    0.696124    0.780451  0.00698226
         816    0.695534    0.780347  0.00697448
         817    0.694993    0.780243  0.00696673
         818    0.694505    0.780138    0.006959
         819    0.694068    0.780033   0.0069513
         820    0.693684    0.779927  0.00694362
         821    0.693354    0.779822  0.00693596
         822    0.693079    0.779716  0.00692832
         823    0.692861    0.779611  0.00692071
         824    0.692699    0.779505  0.00691311
         825    0.692594      0.7794  0.00690554
         826    0.692547    0.779295  0.00689798
         827    0.692557     0.77919  0.00689043
         828    0.692626    0.779085   0.0068829
         829    0.692754    0.778981  0.00687539
         830    0.692941    0.778878  0.00686789
         831    0.693188    0.778774   0.0068604
         832    0.693494    0.778672  0.00685292
         833    0.693859     0.77857  0.00684545
         834    0.694285    0.778469  0.00683798
         835    0.694771    0.778369  0.00683053
         836    0.695316     0.77827  0.00682308
         837    0.695919    0.778171  0.00681564
         838    0.696581    0.778074   0.0068082
         839    0.697301    0.777978  0.00680077
         840    0.698078    0.777882  0.00679334
         841     0.69891    0.777788  0.00678591
         842    0.699798    0.777696  0.00677848
         843    0.700739    0.777605  0.00677105
         844    0.701733    0.777515  0.00676363
         845    0.702776    0.777426   0.0067562
         846     0.70387    0.777339  0.00674878
         847    0.705011    0.777254  0.00674135
         848    0.706198     0.77717  0.00673392
         849    0.707429    0.777088  0.00672649
         850    0.708702    0.777007  0.00671906
         851    0.710015    0.776929  0.00671162
         852    0.711366    0.776852  0.00670419
         853    0.712753    0.776777  0.00669675
         854    0.714172    0.776703  0.00668931
         855    0.715621    0.776632  0.00668186
         856    0.717099    0.776562  0.00667442
         857    0.718602    0.776495  0.00666698
         858    0.720129    0.776429  0.00665953
         859    0.721676    0.776365  0.00665208
         860    0.723241    0.776304  0.00664463
         861    0.724821    0.776244  0.00663718
         862    0.726412    0.776186  0.00662974
         863    0.728013     0.77613  0.00662229
         864    0.729621    0.776076  0.00661484
         865    0.731232    0.776024   0.0066074
         866    0.732845    0.775975  0.00659996
         867    0.734457    0.775927  0.00659252
         868    0.736066    0.775881  0.00658508
         869    0.737668    0.775837  0.00657765
         870    0.739262    0.775795  0.00657023
         871    0.740845    0.775755  0.00656281
         872    0.742415    0.775716  0.00655539
         873     0.74397     0.77568  0.00654798
         874    0.745508    0.775646  0.00654058
         875    0.747028    0.775613  0.00653319
         876    0.748528    0.775582   0.0065258
         877    0.750005    0.775553  0.00651843
         878    0.751459    0.775525  0.00651106
         879    0.752888      0.7755  0.00650371
         880    0.754289    0.775475  0.00649636
         881    0.755664    0.775453  0.00648902
         882     0.75701    0.775432   0.0064817
         883    0.758326    0.775413  0.00647439
         884    0.759609    0.775395  0.00646709
         885    0.760861    0.775378   0.0064598
         886    0.762079    0.775363  0.00645253
         887    0.763263     0.77535  0.00644527
         888    0.764412    0.775337  0.00643802
         889    0.765526    0.775326  0.00643079
         890    0.766603    0.775317  0.00642357
         891    0.767643    0.775308  0.00641637
         892    0.768646      0.7753  0.00640918
         893    0.769612    0.775294  0.00640201
         894     0.77054    0.775289  0.00639485
         895    0.771432    0.775284   0.0063877
         896    0.772285    0.775281  0.00638058
         897    0.773099    0.775279  0.00637346
         898    0.773877    0.775277  0.00636637
         899    0.774617    0.775276  0.00635928
         900    0.775319    0.775276  0.00635222
         901    0.775983    0.775277  0.00634517
         902    0.776611    0.775279  0.00633813
         903    0.777201    0.775281  0.00633111
         904    0.777753    0.775284  0.00632411
         905    0.778269    0.775287  0.00631713
         906    0.778747    0.775291  0.00631015
         907    0.779188    0.775295   0.0063032
         908    0.779593      0.7753  0.00629626
         909    0.779962    0.775305  0.00628933
         910    0.780297     0.77531  0.00628242
         911    0.780596    0.775316  0.00627553
         912    0.780862    0.775322  0.00626865
         913    0.781094    0.775329  0.00626179
         914    0.781293    0.775335  0.00625494
         915    0.781461    0.775342  0.00624811
         916    0.781598    0.775349  0.00624129
         917    0.781705    0.775356  0.00623449
         918    0.781782    0.775363   0.0062277
         919    0.781829     0.77537  0.00622093
         920    0.781849    0.775377  0.00621417
         921    0.781841    0.775384  0.00620743
         922    0.781806    0.775391   0.0062007
         923    0.781745    0.775397  0.00619399
         924    0.781659    0.775404  0.00618729
         925    0.781548    0.775411   0.0061806
         926    0.781416    0.775417  0.00617393
         927    0.781262    0.775424  0.00616727
         928    0.781086     0.77543  0.00616063
         929    0.780891    0.775436    0.006154
         930    0.780676    0.775441  0.00614739
         931    0.780446    0.775447  0.00614079
         932    0.780199    0.775452   0.0061342
         933    0.779937    0.775457  0.00612763
         934     0.77966    0.775461  0.00612107
         935    0.779369    0.775465  0.00611452
         936    0.779066    0.775469  0.00610799
         937    0.778751    0.775473  0.00610147
         938    0.778427    0.775476  0.00609497
         939    0.778095    0.775479  0.00608848
         940    0.777754    0.775481    0.006082
         941    0.777406    0.775483  0.00607554
         942    0.777051    0.775485  0.00606909
         943     0.77669    0.775486  0.00606265
         944    0.776325    0.775487  0.00605623
         945    0.775956    0.775487  0.00604982
         946    0.775584    0.775487  0.00604343
         947    0.775211    0.775487  0.00603705
         948    0.774836    0.775486  0.00603068
         949    0.774462    0.775485  0.00602432
         950    0.774087    0.775484  0.00601798
         951    0.773713    0.775482  0.00601166
         952     0.77334     0.77548  0.00600534
         953    0.772969    0.775477  0.00599904
         954    0.772602    0.775474  0.00599275
         955    0.772238    0.775471  0.00598648
         956    0.771878    0.775467  0.00598022
         957    0.771522    0.775463  0.00597397
         958    0.771168    0.775458  0.00596774
         959    0.770818    0.775454  0.00596151
         960    0.770471    0.775448  0.00595531
         961    0.770128    0.775443  0.00594911
         962    0.769788    0.775437  0.00594293
         963    0.769453    0.775431  0.00593676
         964    0.769121    0.775424  0.00593061
         965    0.768792    0.775417  0.00592447
         966    0.768468     0.77541  0.00591834
         967    0.768146    0.775403  0.00591222
         968    0.767828    0.775395  0.00590612
         969    0.767513    0.775387  0.00590003
         970    0.767202    0.775378  0.00589395
         971    0.766894    0.775369  0.00588789
         972    0.766587     0.77536  0.00588184
         973    0.766283    0.775351   0.0058758
         974     0.76598    0.775341  0.00586978
         975    0.765679    0.775332  0.00586377
         976     0.76538    0.775321  0.00585777
         977    0.765081    0.775311  0.00585178
         978    0.764783      0.7753  0.00584581
         979    0.764486    0.775289  0.00583985
         980    0.764188    0.775278   0.0058339
         981    0.763892    0.775266  0.00582796
         982    0.763596    0.775254  0.00582204
         983    0.763299    0.775242  0.00581613
         984    0.763001     0.77523  0.00581023
         985    0.762703    0.775217  0.00580435
         986    0.762404    0.775204  0.00579848
         987    0.762104    0.775191  0.00579262
         988    0.761805    0.775177  0.00578677
         989    0.761505    0.775163  0.00578093
         990    0.761204    0.775149  0.00577511
         991    0.760903    0.775135   0.0057693
         992    0.760603     0.77512  0.00576351
         993    0.760302    0.775105  0.00575772
         994    0.760002     0.77509  0.00575195
         995    0.759703    0.775075  0.00574619
         996    0.759404    0.775059  0.00574044
         997    0.759106    0.775043   0.0057347
         998     0.75881    0.775027  0.00572898
         999    0.758516     0.77501  0.00572327
        1000    0.758226    0.774993  0.00571757
        1001    0.757941    0.774976  0.00571189
        1002    0.757658    0.774959  0.00570621
        1003     0.75738    0.774941  0.00570055
        1004    0.757106    0.774924   0.0056949
        1005    0.756838    0.774906  0.00568926
        1006    0.756576    0.774887  0.00568363
        1007    0.756321    0.774869  0.00567802
        1008    0.756074     0.77485  0.00567242
        1009    0.755836    0.774832  0.00566683
        1010    0.755606    0.774813  0.00566125
        1011    0.755385    0.774793  0.00565568
        1012    0.755176    0.774774  0.00565013
        1013    0.754978    0.774754  0.00564458
        1014    0.754792    0.774735  0.00563905
        1015    0.754619    0.774715  0.00563353
        1016    0.754461    0.774695  0.00562802
        1017    0.754318    0.774675  0.00562252
        1018    0.754192    0.774655  0.00561703
        1019    0.754083    0.774635  0.00561156
        1020    0.753993    0.774614  0.00560609
        1021    0.753922    0.774594  0.00560064
        1022    0.753872    0.774574   0.0055952
        1023    0.753843    0.774554  0.00558976
        1024    0.753837    0.774533  0.00558434
        1025    0.753853    0.774513  0.00557893
        1026    0.753893    0.774493  0.00557353
        1027    0.753958    0.774473  0.00556814
        1028     0.75405    0.774453  0.00556276
        1029    0.754168    0.774433  0.00555738
        1030    0.754314    0.774414  0.00555202
        1031    0.754487    0.774395  0.00554667
        1032    0.754688    0.774375  0.00554133
        1033    0.754917    0.774357    0.005536
        1034    0.755175    0.774338  0.00553068
        1035    0.755462     0.77432  0.00552536
        1036    0.755779    0.774302  0.00552006
        1037    0.756124    0.774284  0.00551476
        1038    0.756498    0.774267  0.00550948
        1039    0.756902    0.774251   0.0055042
        1040    0.757335    0.774234  0.00549893
        1041    0.757795    0.774219  0.00549367
        1042    0.758283    0.774203  0.00548842
        1043    0.758798    0.774188  0.00548318
        1044     0.75934    0.774174  0.00547794
        1045    0.759908    0.774161  0.00547272
        1046      0.7605    0.774148   0.0054675
        1047    0.761116    0.774135  0.00546229
        1048    0.761754    0.774123  0.00545709
        1049    0.762413    0.774112   0.0054519
        1050    0.763092    0.774102  0.00544672
        1051     0.76379    0.774092  0.00544155
        1052    0.764506    0.774083  0.00543638
        1053    0.765236    0.774074  0.00543123
        1054     0.76598    0.774067  0.00542608
        1055    0.766735     0.77406  0.00542094
        1056    0.767499    0.774053  0.00541581
        1057    0.768271    0.774048  0.00541069
        1058    0.769048    0.774043  0.00540558
        1059    0.769829    0.774039  0.00540047
        1060    0.770612    0.774036  0.00539538
        1061    0.771396    0.774034   0.0053903
        1062    0.772176    0.774032  0.00538522
        1063    0.772952    0.774031  0.00538015
        1064    0.773721    0.774031   0.0053751
        1065    0.774481    0.774031  0.00537005
        1066    0.775232    0.774032  0.00536501
        1067    0.775971    0.774034  0.00535999
        1068    0.776695    0.774036  0.00535497
        1069    0.777402     0.77404  0.00534996
        1070     0.77809    0.774043  0.00534496
        1071    0.778756    0.774048  0.00533997
        1072    0.779399    0.774053  0.00533499
        1073    0.780016    0.774058  0.00533002
        1074    0.780607    0.774064  0.00532506
        1075    0.781168    0.774071  0.00532012
        1076      0.7817    0.774078  0.00531518
        1077    0.782202    0.774086  0.00531025
        1078    0.782671    0.774094  0.00530533
        1079    0.783105    0.774102  0.00530042
        1080    0.783503    0.774111  0.00529551
        1081    0.783862     0.77412  0.00529062
        1082    0.784182    0.774129  0.00528574
        1083    0.784463    0.774138  0.00528087
        1084    0.784703    0.774148  0.00527601
        1085    0.784901    0.774158  0.00527115
        1086    0.785058    0.774168  0.00526631
        1087     0.78517    0.774178  0.00526147
        1088    0.785238    0.774188  0.00525665
        1089    0.785261    0.774199  0.00525183
        1090    0.785237    0.774209  0.00524702
        1091    0.785167    0.774219  0.00524222
        1092     0.78505    0.774229  0.00523743
        1093    0.784885    0.774238  0.00523265
        1094    0.784673    0.774248  0.00522788
        1095    0.784414    0.774257  0.00522311
        1096    0.784108    0.774266  0.00521835
        1097    0.783755    0.774275   0.0052136
        1098    0.783354    0.774283  0.00520886
        1099    0.782906    0.774291  0.00520413
        1100    0.782412    0.774298   0.0051994
        1101    0.781873    0.774305  0.00519468
        1102    0.781288    0.774312  0.00518997
        1103    0.780658    0.774317  0.00518527
        1104    0.779983    0.774323  0.00518058
        1105    0.779264    0.774327  0.00517589
        1106    0.778503    0.774331  0.00517121
        1107    0.777701    0.774334  0.00516654
        1108    0.776858    0.774336  0.00516188
        1109    0.775976    0.774338  0.00515722
        1110    0.775057    0.774338  0.00515258
        1111      0.7741    0.774338  0.00514794
        1112    0.773109    0.774337  0.00514331
        1113    0.772083    0.774335  0.00513869
        1114    0.771024    0.774332  0.00513408
        1115    0.769935    0.774328  0.00512947
        1116    0.768817    0.774323  0.00512488
        1117    0.767673    0.774317   0.0051203
        1118    0.766504     0.77431  0.00511572
        1119    0.765314    0.774302  0.00511116
        1120    0.764104    0.774293   0.0051066
        1121    0.762876    0.774283  0.00510206
        1122    0.761633    0.774271  0.00509752
        1123    0.760376    0.774259    0.005093
        1124    0.759108    0.774246  0.00508848
        1125    0.757831    0.774231  0.00508398
        1126    0.756548    0.774215  0.00507949
        1127    0.755262    0.774199  0.00507501
        1128    0.753973    0.774181  0.00507054
        1129    0.752686    0.774162  0.00506609
        1130    0.751404    0.774141  0.00506164
        1131    0.750128     0.77412  0.00505721
        1132    0.748863    0.774098   0.0050528
        1133    0.747609    0.774074  0.00504839
        1134    0.746373     0.77405    0.005044
        1135    0.745156    0.774025  0.00503962
        1136    0.743959    0.773998  0.00503525
        1137    0.742786    0.773971   0.0050309
        1138     0.74164    0.773942  0.00502656
        1139    0.740523    0.773913  0.00502223
        1140    0.739439    0.773883  0.00501791
        1141    0.738391    0.773852  0.00501361
        1142    0.737381     0.77382  0.00500932
        1143     0.73641    0.773787  0.00500505
        1144    0.735482    0.773753  0.00500079
        1145    0.734599    0.773719  0.00499654
        1146    0.733763    0.773684   0.0049923
        1147    0.732978    0.773649  0.00498807
        1148    0.732244    0.773613  0.00498386
        1149    0.731564    0.773576  0.00497965
        1150     0.73094    0.773539  0.00497546
        1151    0.730374    0.773502  0.00497128
        1152     0.72987    0.773464  0.00496711
        1153    0.729427    0.773426  0.00496295
        1154    0.729048    0.773387   0.0049588
        1155    0.728734    0.773348  0.00495465
        1156    0.728487     0.77331  0.00495052
        1157    0.728308    0.773271  0.00494639
        1158    0.728199    0.773232  0.00494227
        1159    0.728159    0.773193  0.00493816
        1160     0.72819    0.773154  0.00493406
        1161    0.728292    0.773115  0.00492996
        1162    0.728467    0.773077  0.00492587
        1163    0.728714    0.773039  0.00492178
        1164    0.729034    0.773001   0.0049177
        1165    0.729426    0.772964  0.00491362
        1166    0.729891    0.772927  0.00490954
        1167     0.73043     0.77289  0.00490547
        1168    0.731041    0.772855   0.0049014
        1169    0.731724    0.772819  0.00489733
        1170    0.732479    0.772785  0.00489327
        1171    0.733305    0.772751  0.00488921
        1172    0.734201    0.772718  0.00488515
        1173    0.735165    0.772686  0.00488109
        1174    0.736197    0.772655  0.00487703
        1175    0.737295    0.772625  0.00487297
        1176     0.73846    0.772596  0.00486891
        1177     0.73969    0.772568  0.00486486
        1178    0.740982    0.772541   0.0048608
        1179    0.742334    0.772516  0.00485675
        1180    0.743745    0.772491  0.00485269
        1181    0.745212    0.772468  0.00484864
        1182    0.746734    0.772446  0.00484458
        1183    0.748309    0.772426  0.00484053
        1184    0.749932    0.772407  0.00483648
        1185    0.751603    0.772389  0.00483243
        1186    0.753319    0.772373  0.00482838
        1187    0.755077    0.772359  0.00482434
        1188    0.756874    0.772346  0.00482029
        1189    0.758707    0.772334  0.00481625
        1190    0.760574    0.772324  0.00481222
        1191    0.762473    0.772316  0.00480818
        1192    0.764401    0.772309  0.00480415
        1193    0.766355    0.772304  0.00480013
        1194    0.768332    0.772301  0.00479611
        1195    0.770329      0.7723   0.0047921
        1196    0.772342      0.7723  0.00478809
        1197    0.774369    0.772301  0.00478409
        1198    0.776406    0.772305   0.0047801
        1199    0.778452     0.77231  0.00477611
        1200    0.780504    0.772317  0.00477214
        1201    0.782558    0.772325  0.00476817
        1202    0.784612    0.772335  0.00476422
        1203    0.786661    0.772347  0.00476027
        1204    0.788704    0.772361  0.00475634
        1205    0.790737    0.772376  0.00475242
        1206    0.792757    0.772393   0.0047485
        1207    0.794761    0.772412  0.00474461
        1208    0.796747    0.772432  0.00474072
        1209    0.798713    0.772453  0.00473685
        1210    0.800655    0.772477  0.00473299
        1211    0.802571    0.772502  0.00472915
        1212     0.80446    0.772528  0.00472532
        1213    0.806318    0.772556  0.00472151
        1214    0.808143    0.772585  0.00471771
        1215    0.809933    0.772616  0.00471393
        1216    0.811686    0.772648  0.00471016
        1217    0.813397    0.772682  0.00470641
        1218    0.815067    0.772716  0.00470267
        1219    0.816692    0.772752  0.00469895
        1220     0.81827     0.77279  0.00469525
        1221      0.8198    0.772828  0.00469156
        1222    0.821281    0.772868  0.00468789
        1223    0.822711    0.772909  0.00468423
        1224    0.824089     0.77295  0.00468059
        1225    0.825414    0.772993  0.00467697
        1226    0.826684    0.773037  0.00467336
        1227    0.827898    0.773082  0.00466976
        1228    0.829055    0.773127  0.00466618
        1229    0.830153    0.773174  0.00466262
        1230    0.831192    0.773221  0.00465907
        1231    0.832172    0.773269  0.00465553
        1232    0.833092    0.773317    0.004652
        1233    0.833954    0.773367  0.00464849
        1234    0.834756    0.773416  0.00464499
        1235      0.8355    0.773467   0.0046415
        1236    0.836184    0.773517  0.00463802
        1237    0.836808    0.773568  0.00463455
        1238    0.837372     0.77362   0.0046311
        1239    0.837876    0.773672  0.00462765
        1240    0.838322    0.773724  0.00462421
        1241    0.838711    0.773776  0.00462078
        1242    0.839044    0.773829  0.00461736
        1243    0.839321    0.773882  0.00461395
        1244    0.839544    0.773934  0.00461054
        1245    0.839713    0.773987  0.00460714
        1246     0.83983     0.77404  0.00460374
        1247    0.839897    0.774093  0.00460036
        1248    0.839915    0.774146  0.00459697
        1249    0.839886    0.774198  0.00459359
        1250    0.839811    0.774251  0.00459022
        1251    0.839693    0.774303  0.00458685
        1252    0.839534    0.774355  0.00458348
        1253    0.839336    0.774407  0.00458011
        1254    0.839101    0.774459  0.00457675
        1255    0.838832     0.77451  0.00457339
        1256    0.838531    0.774561  0.00457004
        1257    0.838202    0.774611  0.00456668
        1258    0.837844    0.774662  0.00456333
        1259    0.837463    0.774712  0.00455997
        1260    0.837059    0.774761  0.00455662
        1261    0.836636     0.77481  0.00455327
        1262    0.836195    0.774859  0.00454993
        1263     0.83574    0.774907  0.00454658
        1264    0.835272    0.774955  0.00454323
        1265    0.834795    0.775002  0.00453989
        1266    0.834312    0.775049  0.00453654
        1267    0.833824    0.775095   0.0045332
        1268    0.833336    0.775141  0.00452986
        1269    0.832851    0.775187  0.00452652
        1270    0.832369    0.775232  0.00452318
        1271    0.831892    0.775276  0.00451984
        1272    0.831425     0.77532   0.0045165
        1273    0.830969    0.775364  0.00451316
        1274    0.830525    0.775407  0.00450983
        1275    0.830096     0.77545  0.00450649
        1276    0.829684    0.775493  0.00450316
        1277    0.829289    0.775535  0.00449983
        1278    0.828917    0.775577  0.00449651
        1279    0.828567    0.775618  0.00449318
        1280    0.828242    0.775659  0.00448986
        1281    0.827944      0.7757  0.00448654
        1282    0.827676    0.775741  0.00448322
        1283    0.827439    0.775781  0.00447991
        1284    0.827232    0.775821   0.0044766
        1285    0.827059    0.775861  0.00447329
        1286    0.826919    0.775901  0.00446999
        1287    0.826816     0.77594  0.00446669
        1288    0.826748     0.77598   0.0044634
        1289    0.826718    0.776019  0.00446011
        1290    0.826725    0.776058  0.00445683
        1291     0.82677    0.776098  0.00445355
        1292    0.826854    0.776137  0.00445027
        1293    0.826976    0.776176  0.00444701
        1294    0.827137    0.776216  0.00444374
        1295    0.827338    0.776255  0.00444049
        1296    0.827577    0.776295  0.00443724
        1297    0.827858    0.776334    0.004434
        1298    0.828178    0.776374  0.00443076
        1299    0.828536    0.776414  0.00442753
        1300    0.828933    0.776455  0.00442431
        1301    0.829368    0.776496  0.00442109
        1302    0.829841    0.776537  0.00441789
        1303    0.830351    0.776578  0.00441469
        1304    0.830897    0.776619   0.0044115
        1305    0.831478    0.776662  0.00440832
        1306    0.832092    0.776704  0.00440515
        1307    0.832736    0.776747  0.00440199
        1308    0.833409     0.77679  0.00439884
        1309    0.834109    0.776834  0.00439569
        1310    0.834836    0.776878  0.00439256
        1311    0.835588    0.776923  0.00438944
        1312    0.836364    0.776968  0.00438633
        1313    0.837159    0.777014  0.00438323
        1314    0.837972    0.777061  0.00438014
        1315    0.838802    0.777108  0.00437706
        1316    0.839645    0.777155  0.00437399
        1317    0.840498    0.777203  0.00437093
        1318    0.841359    0.777252  0.00436789
        1319    0.842225    0.777301  0.00436485
        1320    0.843095    0.777351  0.00436183
        1321    0.843967    0.777401  0.00435882
        1322    0.844836    0.777452  0.00435582
        1323    0.845701    0.777504  0.00435284
        1324    0.846561    0.777556  0.00434986
        1325    0.847411    0.777609   0.0043469
        1326    0.848249    0.777662  0.00434395
        1327    0.849073    0.777716    0.004341
        1328    0.849879     0.77777  0.00433808
        1329    0.850665    0.777825  0.00433516
        1330    0.851428     0.77788  0.00433225
        1331    0.852166    0.777936  0.00432936
        1332    0.852877    0.777992  0.00432647
        1333    0.853559    0.778049   0.0043236
        1334    0.854209    0.778106  0.00432073
        1335    0.854825    0.778164  0.00431788
        1336    0.855405    0.778222  0.00431503
        1337    0.855947     0.77828   0.0043122
        1338    0.856448    0.778338  0.00430937
        1339    0.856908    0.778397  0.00430655
        1340    0.857326    0.778456  0.00430374
        1341    0.857699    0.778515  0.00430094
        1342    0.858025    0.778574  0.00429814
        1343    0.858302    0.778633  0.00429535
        1344    0.858529    0.778693  0.00429257
        1345    0.858705    0.778752  0.00428979
        1346    0.858829    0.778812  0.00428701
        1347    0.858902    0.778871  0.00428424
        1348     0.85892    0.778931  0.00428148
        1349    0.858883     0.77899  0.00427871
        1350     0.85879    0.779049  0.00427595
        1351    0.858642    0.779108  0.00427319
        1352    0.858437    0.779167  0.00427043
        1353    0.858175    0.779225  0.00426768
        1354    0.857856    0.779283  0.00426492
        1355    0.857478    0.779341  0.00426216
        1356    0.857043    0.779398   0.0042594
        1357    0.856548    0.779455  0.00425665
        1358    0.855995    0.779511  0.00425388
        1359    0.855384    0.779567  0.00425112
        1360    0.854715    0.779622  0.00424835
        1361    0.853987    0.779677  0.00424558
        1362    0.853202    0.779731  0.00424281
        1363     0.85236    0.779784  0.00424003
        1364    0.851461    0.779837  0.00423725
        1365    0.850507    0.779889  0.00423446
        1366    0.849497     0.77994  0.00423167
        1367    0.848432     0.77999  0.00422887
        1368    0.847313    0.780039  0.00422606
        1369    0.846142    0.780087  0.00422325
        1370    0.844921    0.780135  0.00422043
        1371    0.843649    0.780181  0.00421761
        1372    0.842327    0.780226  0.00421478
        1373    0.840956     0.78027  0.00421194
        1374    0.839537    0.780314   0.0042091
        1375    0.838071    0.780356  0.00420625
        1376    0.836559    0.780396  0.00420339
        1377    0.835004    0.780436  0.00420052
        1378    0.833407    0.780474  0.00419765
        1379    0.831769    0.780512  0.00419477
        1380     0.83009    0.780548  0.00419188
        1381    0.828373    0.780582  0.00418899
        1382    0.826619    0.780616  0.00418609
        1383    0.824827    0.780648  0.00418319
        1384       0.823    0.780678  0.00418028
        1385     0.82114    0.780707  0.00417736
        1386    0.819247    0.780735  0.00417444
        1387    0.817323    0.780762  0.00417151
        1388    0.815371    0.780786  0.00416858
        1389    0.813391     0.78081  0.00416565
        1390    0.811386    0.780832  0.00416271
        1391    0.809357    0.780852  0.00415977
        1392    0.807306    0.780871  0.00415682
        1393    0.805234    0.780889  0.00415387
        1394    0.803142    0.780905  0.00415093
        1395    0.801032    0.780919  0.00414798
        1396    0.798906    0.780932  0.00414502
        1397    0.796764    0.780944  0.00414207
        1398    0.794608    0.780953  0.00413912
        1399     0.79244    0.780962  0.00413617
        1400    0.790262    0.780968  0.00413322
        1401    0.788075    0.780973  0.00413027
        1402    0.785881    0.780977  0.00412733
        1403     0.78368    0.780979  0.00412439
        1404    0.781475    0.780979  0.00412145
        1405    0.779265    0.780978  0.00411852
        1406    0.777053    0.780975  0.00411559
        1407    0.774841    0.780971  0.00411267
        1408    0.772631    0.780965  0.00410975
        1409    0.770422    0.780957  0.00410684
        1410    0.768216    0.780948  0.00410394
        1411    0.766015    0.780938  0.00410104
        1412     0.76382    0.780925  0.00409816
        1413    0.761633    0.780912  0.00409528
        1414    0.759455    0.780897  0.00409241
        1415    0.757286     0.78088  0.00408955
        1416    0.755129    0.780862   0.0040867
        1417    0.752986    0.780842  0.00408387
        1418    0.750856    0.780821  0.00408104
        1419    0.748742    0.780798  0.00407823
        1420    0.746644    0.780774  0.00407543
        1421    0.744565    0.780749  0.00407264
        1422    0.742506    0.780722  0.00406986
        1423    0.740469    0.780694   0.0040671
        1424    0.738456    0.780664  0.00406435
        1425    0.736467    0.780633  0.00406162
        1426    0.734503    0.780601   0.0040589
        1427    0.732565    0.780567   0.0040562
        1428    0.730656    0.780532  0.00405351
        1429    0.728775    0.780496  0.00405083
        1430    0.726926    0.780458  0.00404817
        1431    0.725109     0.78042  0.00404553
        1432    0.723326     0.78038   0.0040429
        1433    0.721579    0.780339  0.00404029
        1434    0.719869    0.780297  0.00403769
        1435    0.718195    0.780253  0.00403511
        1436     0.71656    0.780209  0.00403254
        1437    0.714966    0.780164  0.00402999
        1438    0.713413    0.780117  0.00402746
        1439    0.711903     0.78007  0.00402494
        1440    0.710437    0.780021  0.00402243
        1441    0.709017    0.779972  0.00401994
        1442    0.707645    0.779922  0.00401747
        1443    0.706321    0.779871  0.00401501
        1444    0.705047    0.779819  0.00401256
        1445    0.703823    0.779767  0.00401013
        1446    0.702651    0.779713  0.00400771
        1447    0.701531    0.779659   0.0040053
        1448    0.700466    0.779604  0.00400291
        1449    0.699456    0.779549  0.00400053
        1450    0.698501    0.779493  0.00399816
        1451    0.697603    0.779437   0.0039958
        1452    0.696764     0.77938  0.00399346
        1453    0.695982    0.779322  0.00399112
        1454    0.695261    0.779265   0.0039888
        1455      0.6946    0.779206  0.00398648
        1456    0.693999    0.779148  0.00398417
        1457    0.693459    0.779089  0.00398187
        1458    0.692981     0.77903  0.00397958
        1459    0.692564    0.778971  0.00397729
        1460     0.69221    0.778911  0.00397501
        1461    0.691918    0.778852  0.00397274
        1462    0.691688    0.778792  0.00397047
        1463     0.69152    0.778733   0.0039682
        1464    0.691415    0.778673  0.00396594
        1465    0.691372    0.778613  0.00396368
        1466    0.691391    0.778554  0.00396142
        1467    0.691472    0.778494  0.00395917
        1468    0.691614    0.778435  0.00395691
        1469    0.691817    0.778376  0.00395466
        1470     0.69208    0.778318   0.0039524
        1471    0.692403    0.778259  0.00395015
        1472    0.692784    0.778201  0.00394789
        1473    0.693222    0.778143  0.00394563
        1474    0.693718    0.778086  0.00394337
        1475     0.69427    0.778029  0.00394111
        1476    0.694877    0.777973  0.00393884
        1477    0.695539    0.777917  0.00393657
        1478    0.696253    0.777862  0.00393429
        1479     0.69702    0.777807  0.00393201
        1480    0.697836    0.777753  0.00392973
        1481    0.698703      0.7777  0.00392743
        1482    0.699618    0.777647  0.00392514
        1483    0.700579    0.777595  0.00392283
        1484    0.701585    0.777544  0.00392053
        1485    0.702635    0.777494  0.00391821
        1486    0.703727    0.777444  0.00391589
        1487    0.704859    0.777395  0.00391356
        1488    0.706031    0.777347  0.00391122
        1489    0.707241      0.7773  0.00390888
        1490    0.708487    0.777254  0.00390653
        1491    0.709767    0.777209  0.00390417
        1492    0.711082    0.777164  0.00390181
        1493    0.712428    0.777121  0.00389943
        1494    0.713805    0.777079  0.00389705
        1495     0.71521    0.777037  0.00389467
        1496    0.716644    0.776997  0.00389227
        1497    0.718103    0.776957  0.00388987
        1498    0.719587    0.776919  0.00388746
        1499    0.721094    0.776882  0.00388505
        1500    0.722623    0.776846  0.00388263
        1501    0.724174    0.776811   0.0038802
        1502    0.725744    0.776777  0.00387776
        1503    0.727333    0.776744  0.00387532
        1504    0.728938    0.776712  0.00387288
        1505    0.730561    0.776681  0.00387042
        1506    0.732198    0.776652  0.00386797
        1507    0.733849    0.776623  0.00386551
        1508    0.735513    0.776596  0.00386304
        1509     0.73719     0.77657  0.00386057
        1510    0.738878    0.776545  0.00385809
        1511    0.740577    0.776521  0.00385561
        1512    0.742285    0.776499  0.00385313
        1513    0.744002    0.776477  0.00385064
        1514    0.745726    0.776457  0.00384815
        1515    0.747457    0.776438  0.00384566
        1516    0.749193     0.77642  0.00384316
        1517    0.750935    0.776403  0.00384067
        1518    0.752681    0.776387  0.00383817
        1519    0.754431    0.776373  0.00383567
        1520    0.756183     0.77636  0.00383317
        1521    0.757937    0.776347  0.00383067
        1522    0.759691    0.776336  0.00382817
        1523    0.761445    0.776327  0.00382566
        1524    0.763199    0.776318  0.00382316
        1525     0.76495    0.776311  0.00382066
        1526    0.766697    0.776304  0.00381817
        1527    0.768441    0.776299  0.00381567
        1528    0.770178    0.776295  0.00381317
        1529    0.771909    0.776292  0.00381068
        1530    0.773631    0.776291  0.00380819
        1531    0.775344     0.77629   0.0038057
        1532    0.777047     0.77629  0.00380322
        1533    0.778738    0.776292  0.00380074
        1534    0.780418    0.776295  0.00379826
        1535    0.782084    0.776299  0.00379579
        1536    0.783735    0.776303  0.00379332
        1537    0.785369    0.776309  0.00379086
        1538    0.786986    0.776316   0.0037884
        1539    0.788583    0.776324  0.00378595
        1540    0.790158    0.776333   0.0037835
        1541     0.79171    0.776343  0.00378106
        1542    0.793237    0.776354  0.00377862
        1543    0.794738    0.776366  0.00377619
        1544    0.796213    0.776379  0.00377377
        1545    0.797658    0.776393  0.00377135
        1546    0.799075    0.776407  0.00376894
        1547     0.80046    0.776423  0.00376653
        1548    0.801812    0.776439  0.00376414
        1549    0.803132    0.776456  0.00376175
        1550    0.804417    0.776475  0.00375936
        1551    0.805666    0.776493  0.00375699
        1552    0.806879    0.776513  0.00375462
        1553    0.808054    0.776533  0.00375225
        1554    0.809188    0.776554   0.0037499
        1555    0.810281    0.776576  0.00374755
        1556    0.811331    0.776598  0.00374521
        1557    0.812339    0.776621  0.00374287
        1558    0.813303    0.776645  0.00374054
        1559    0.814223    0.776669  0.00373822
        1560    0.815097    0.776693  0.00373591
        1561    0.815925    0.776719   0.0037336
        1562    0.816706    0.776744   0.0037313
        1563    0.817438     0.77677    0.003729
        1564    0.818121    0.776797  0.00372671
        1565    0.818756    0.776824  0.00372442
        1566    0.819339    0.776851  0.00372214
        1567    0.819873    0.776878  0.00371987
        1568    0.820356    0.776906   0.0037176
        1569    0.820787    0.776934  0.00371534
        1570    0.821167    0.776962  0.00371308
        1571    0.821494     0.77699  0.00371082
        1572    0.821768    0.777019  0.00370857
        1573    0.821988    0.777047  0.00370632
        1574    0.822157    0.777076  0.00370408
        1575    0.822272    0.777105  0.00370184
        1576    0.822336    0.777133   0.0036996
        1577    0.822348    0.777162  0.00369737
        1578    0.822309    0.777191  0.00369513
        1579     0.82222    0.777219   0.0036929
        1580     0.82208    0.777248  0.00369068
        1581    0.821888    0.777276  0.00368845
        1582    0.821646    0.777304  0.00368622
        1583    0.821355    0.777332    0.003684
        1584    0.821014    0.777359  0.00368178
        1585    0.820625    0.777387  0.00367956
        1586    0.820189    0.777414  0.00367734
        1587    0.819705     0.77744  0.00367511
        1588    0.819174    0.777467  0.00367289
        1589    0.818599    0.777492  0.00367067
        1590     0.81798    0.777518  0.00366845
        1591    0.817318    0.777543  0.00366623
        1592    0.816614    0.777567  0.00366401
        1593    0.815868    0.777592  0.00366179
        1594    0.815083    0.777615  0.00365957
        1595     0.81426    0.777638  0.00365735
        1596    0.813399     0.77766  0.00365512
        1597    0.812504    0.777682   0.0036529
        1598    0.811576    0.777703  0.00365068
        1599    0.810614    0.777724  0.00364845
        1600     0.80962    0.777744  0.00364623
        1601    0.808595    0.777763    0.003644
        1602    0.807541    0.777782  0.00364177
        1603    0.806458      0.7778  0.00363954
        1604     0.80535    0.777817  0.00363732
        1605    0.804217    0.777833  0.00363509
        1606    0.803061    0.777849  0.00363286
        1607    0.801884    0.777864  0.00363063
        1608    0.800687    0.777878   0.0036284
        1609    0.799474    0.777892  0.00362617
        1610    0.798244    0.777904  0.00362394
        1611       0.797    0.777916  0.00362171
        1612    0.795744    0.777927  0.00361948
        1613    0.794476    0.777937  0.00361725
        1614      0.7932    0.777947  0.00361502
        1615    0.791916    0.777956  0.00361279
        1616    0.790627    0.777963  0.00361056
        1617    0.789335     0.77797  0.00360834
        1618    0.788041    0.777977  0.00360611
        1619    0.786749    0.777982  0.00360389
        1620    0.785458    0.777987  0.00360167
        1621    0.784171     0.77799  0.00359945
        1622     0.78289    0.777993  0.00359723
        1623    0.781616    0.777996  0.00359501
        1624    0.780349    0.777997   0.0035928
        1625    0.779092    0.777998  0.00359059
        1626    0.777846    0.777998  0.00358838
        1627    0.776613    0.777997  0.00358618
        1628    0.775393    0.777995  0.00358397
        1629    0.774189    0.777993  0.00358177
        1630    0.773003     0.77799  0.00357958
        1631    0.771834    0.777986  0.00357739
        1632    0.770686    0.777982   0.0035752
        1633    0.769559    0.777977  0.00357301
        1634    0.768454    0.777971  0.00357083
        1635    0.767373    0.777964  0.00356865
        1636    0.766318    0.777957  0.00356648
        1637     0.76529    0.777949  0.00356431
        1638    0.764289    0.777941  0.00356214
        1639    0.763318    0.777932  0.00355998
        1640    0.762377    0.777923  0.00355782
        1641    0.761467    0.777913  0.00355567
        1642    0.760592    0.777902  0.00355352
        1643     0.75975    0.777891  0.00355137
        1644    0.758943    0.777879  0.00354923
        1645    0.758172    0.777867  0.00354709
        1646    0.757438    0.777855  0.00354496
        1647    0.756742    0.777842  0.00354283
        1648    0.756086    0.777829   0.0035407
        1649     0.75547    0.777815  0.00353858
        1650    0.754894    0.777802  0.00353646
        1651    0.754361    0.777787  0.00353435
        1652    0.753871    0.777773  0.00353224
        1653    0.753425    0.777758  0.00353014
        1654    0.753023    0.777743  0.00352803
        1655    0.752667    0.777728  0.00352593
        1656    0.752356    0.777713  0.00352384
        1657    0.752091    0.777697  0.00352174
        1658    0.751873    0.777682  0.00351966
        1659    0.751701    0.777666  0.00351757
        1660    0.751576     0.77765  0.00351548
        1661    0.751499    0.777635   0.0035134
        1662    0.751469    0.777619  0.00351132
        1663    0.751488    0.777603  0.00350925
        1664    0.751555    0.777587  0.00350717
        1665    0.751668    0.777572   0.0035051
        1666    0.751829    0.777556  0.00350303
        1667    0.752036    0.777541  0.00350096
        1668     0.75229    0.777526   0.0034989
        1669    0.752589    0.777511  0.00349683
        1670    0.752934    0.777496  0.00349477
        1671    0.753324    0.777482  0.00349271
        1672    0.753759    0.777468  0.00349065
        1673    0.754236    0.777454  0.00348859
        1674    0.754755     0.77744  0.00348653
        1675    0.755316    0.777427  0.00348448
        1676    0.755917    0.777414  0.00348242
        1677    0.756558    0.777402  0.00348037
        1678    0.757237     0.77739  0.00347831
        1679    0.757952    0.777378  0.00347626
        1680    0.758703    0.777367  0.00347421
        1681    0.759487    0.777356  0.00347216
        1682    0.760301    0.777346  0.00347011
        1683    0.761144    0.777337  0.00346806
        1684    0.762015    0.777328  0.00346601
        1685     0.76291    0.777319  0.00346397
        1686    0.763829    0.777311  0.00346192
        1687    0.764769    0.777304  0.00345988
        1688     0.76573    0.777297  0.00345783
        1689    0.766707     0.77729  0.00345579
        1690      0.7677    0.777285  0.00345375
        1691    0.768707     0.77728  0.00345171
        1692    0.769726    0.777275  0.00344968
        1693    0.770755    0.777271  0.00344764
        1694    0.771791    0.777268  0.00344561
        1695    0.772833    0.777266  0.00344358
        1696    0.773878    0.777264  0.00344155
        1697    0.774924    0.777262  0.00343952
        1698     0.77597    0.777261  0.00343749
        1699    0.777012    0.777261  0.00343547
        1700    0.778048    0.777262  0.00343345
        1701    0.779077    0.777263  0.00343143
        1702    0.780097    0.777264  0.00342942
        1703    0.781105    0.777267   0.0034274
        1704    0.782102     0.77727  0.00342539
        1705    0.783085    0.777273  0.00342338
        1706    0.784052    0.777277  0.00342138
        1707    0.785004    0.777281  0.00341938
        1708    0.785937    0.777287  0.00341738
        1709    0.786849    0.777292  0.00341539
        1710     0.78774    0.777298  0.00341339
        1711    0.788606    0.777305  0.00341141
        1712     0.78945    0.777312  0.00340942
        1713    0.790269    0.777319  0.00340744
        1714    0.791063    0.777327  0.00340546
        1715    0.791829    0.777336  0.00340348
        1716    0.792568    0.777345  0.00340151
        1717     0.79328    0.777354  0.00339954
        1718    0.793964    0.777364  0.00339758
        1719    0.794619    0.777374  0.00339562
        1720    0.795244    0.777384  0.00339366
        1721     0.79584    0.777395   0.0033917
        1722    0.796405    0.777406  0.00338975
        1723     0.79694    0.777417   0.0033878
        1724    0.797446    0.777429  0.00338586
        1725    0.797922    0.777441  0.00338392
        1726    0.798368    0.777453  0.00338198
        1727    0.798786    0.777465  0.00338004
        1728    0.799176    0.777478  0.00337811
        1729    0.799537    0.777491  0.00337618
        1730    0.799871    0.777504  0.00337425
        1731    0.800179    0.777517  0.00337233
        1732    0.800459     0.77753  0.00337041
        1733    0.800713    0.777543  0.00336849
        1734    0.800942    0.777557  0.00336657
        1735    0.801147     0.77757  0.00336466
        1736    0.801328    0.777584  0.00336275
        1737    0.801487    0.777598  0.00336084
        1738    0.801625    0.777612  0.00335894
        1739    0.801743    0.777626  0.00335704
        1740     0.80184    0.777639  0.00335513
        1741    0.801918    0.777653  0.00335324
        1742    0.801978    0.777667  0.00335134
        1743    0.802022    0.777681  0.00334945
        1744    0.802051    0.777695  0.00334756
        1745    0.802066    0.777709  0.00334567
        1746    0.802067    0.777723  0.00334378
        1747    0.802056    0.777737  0.00334189
        1748    0.802033    0.777751  0.00334001
        1749       0.802    0.777765  0.00333813
        1750    0.801957    0.777779  0.00333625
        1751    0.801907    0.777792  0.00333437
        1752    0.801849    0.777806   0.0033325
        1753    0.801783     0.77782  0.00333063
        1754    0.801713    0.777834  0.00332876
        1755    0.801637    0.777847  0.00332689
        1756    0.801557    0.777861  0.00332502
        1757    0.801473    0.777874  0.00332315
        1758    0.801387    0.777887  0.00332129
        1759    0.801297    0.777901  0.00331943
        1760    0.801206    0.777914  0.00331757
        1761    0.801113    0.777927  0.00331571
        1762    0.801019     0.77794  0.00331386
        1763    0.800925    0.777953    0.003312
        1764    0.800832    0.777966  0.00331015
        1765     0.80074    0.777979   0.0033083
        1766    0.800648    0.777992  0.00330645
        1767    0.800559    0.778005   0.0033046
        1768    0.800471    0.778017  0.00330276
        1769    0.800386     0.77803  0.00330092
        1770    0.800301    0.778043  0.00329908
        1771    0.800219    0.778055  0.00329724
        1772    0.800138    0.778068   0.0032954
        1773    0.800059     0.77808  0.00329356
        1774    0.799982    0.778092  0.00329173
        1775    0.799907    0.778105   0.0032899
        1776    0.799834    0.778117  0.00328807
        1777    0.799762    0.778129  0.00328624
        1778    0.799692    0.778141  0.00328442
        1779    0.799624    0.778153  0.00328259
        1780    0.799558    0.778165  0.00328077
        1781    0.799494    0.778177  0.00327895
        1782    0.799429    0.778189  0.00327713
        1783    0.799365    0.778201  0.00327532
        1784    0.799299    0.778213   0.0032735
        1785    0.799233    0.778225  0.00327169
        1786    0.799166    0.778236  0.00326988
        1787    0.799098    0.778248  0.00326807
        1788    0.799028     0.77826  0.00326626
        1789    0.798955    0.778271  0.00326446
        1790    0.798881    0.778283  0.00326265
        1791    0.798804    0.778294  0.00326085
        1792    0.798723    0.778306  0.00325905
        1793    0.798639    0.778317  0.00325725
        1794    0.798551    0.778328  0.00325546
        1795    0.798459     0.77834  0.00325366
        1796    0.798364    0.778351  0.00325187
        1797    0.798264    0.778362  0.00325008
        1798    0.798158    0.778373  0.00324829
        1799    0.798046    0.778384   0.0032465
        1800    0.797929    0.778395  0.00324472
        1801    0.797806    0.778405  0.00324293
        1802    0.797676    0.778416  0.00324115
        1803     0.79754    0.778427  0.00323937
        1804    0.797398    0.778437  0.00323759
        1805    0.797249    0.778448  0.00323582
        1806    0.797091    0.778458  0.00323404
        1807    0.796925    0.778468  0.00323227
        1808     0.79675    0.778478   0.0032305
        1809    0.796566    0.778488  0.00322873
        1810    0.796373    0.778498  0.00322696
        1811     0.79617    0.778508  0.00322519
        1812    0.795957    0.778517  0.00322342
        1813    0.795734    0.778527  0.00322166
        1814    0.795499    0.778536   0.0032199
        1815    0.795254    0.778546  0.00321814
        1816    0.794999    0.778555  0.00321638
        1817    0.794732    0.778564  0.00321462
        1818    0.794453    0.778572  0.00321286
        1819    0.794163    0.778581  0.00321111
        1820     0.79386    0.778589  0.00320935
        1821    0.793545    0.778597   0.0032076
        1822    0.793218    0.778605  0.00320585
        1823    0.792878    0.778613   0.0032041
        1824    0.792525    0.778621  0.00320236
        1825    0.792158    0.778628  0.00320061
        1826    0.791777    0.778636  0.00319886
        1827    0.791382    0.778643  0.00319712
        1828    0.790973    0.778649  0.00319538
        1829    0.790549    0.778656  0.00319364
        1830     0.79011    0.778662   0.0031919
        1831    0.789657    0.778668  0.00319016
        1832     0.78919    0.778674  0.00318843
        1833    0.788708    0.778679  0.00318669
        1834     0.78821    0.778684  0.00318496
        1835    0.787698    0.778689  0.00318323
        1836     0.78717    0.778694   0.0031815
        1837    0.786626    0.778698  0.00317977
        1838    0.786067    0.778702  0.00317804
        1839    0.785494    0.778706  0.00317631
        1840    0.784906    0.778709  0.00317459
        1841    0.784304    0.778712  0.00317287
        1842    0.783685    0.778715  0.00317114
        1843     0.78305    0.778717  0.00316943
        1844    0.782399    0.778719  0.00316771
        1845    0.781732    0.778721  0.00316599
        1846     0.78105    0.778722  0.00316428
        1847    0.780351    0.778723  0.00316256
        1848    0.779637    0.778724  0.00316085
        1849    0.778908    0.778724  0.00315914
        1850    0.778164    0.778724  0.00315743
        1851    0.777403    0.778723  0.00315573
        1852    0.776627    0.778722  0.00315402
        1853    0.775835     0.77872  0.00315232
        1854    0.775028    0.778718  0.00315062
        1855    0.774205    0.778716  0.00314893
        1856    0.773366    0.778713  0.00314723
        1857    0.772512    0.778709  0.00314554
        1858    0.771643    0.778706  0.00314385
        1859    0.770759    0.778701  0.00314216
        1860    0.769862    0.778697  0.00314047
        1861    0.768951    0.778691  0.00313879
        1862    0.768026    0.778686  0.00313711
        1863    0.767087    0.778679  0.00313543
        1864    0.766135    0.778673  0.00313376
        1865     0.76517    0.778665  0.00313208
        1866    0.764195    0.778658  0.00313042
        1867    0.763208    0.778649  0.00312875
        1868    0.762209    0.778641  0.00312709
        1869      0.7612    0.778631  0.00312543
        1870     0.76018    0.778621  0.00312377
        1871    0.759151    0.778611  0.00312212
        1872    0.758114      0.7786  0.00312047
        1873    0.757069    0.778589  0.00311883
        1874    0.756017    0.778577  0.00311719
        1875     0.75496    0.778564  0.00311555
        1876      0.7539    0.778551  0.00311392
        1877    0.752835    0.778537  0.00311229
        1878    0.751767    0.778523  0.00311066
        1879    0.750698    0.778508  0.00310904
        1880    0.749628    0.778493  0.00310743
        1881    0.748558    0.778477  0.00310582
        1882    0.747489     0.77846  0.00310421
        1883    0.746424    0.778443  0.00310261
        1884    0.745362    0.778426  0.00310101
        1885    0.744305    0.778408  0.00309942
        1886    0.743255    0.778389  0.00309783
        1887    0.742213     0.77837  0.00309625
        1888    0.741182     0.77835  0.00309467
        1889    0.740161     0.77833   0.0030931
        1890    0.739152    0.778309  0.00309153
        1891    0.738157    0.778288  0.00308997
        1892    0.737178    0.778266  0.00308841
        1893    0.736214    0.778244  0.00308686
        1894    0.735269    0.778221  0.00308531
        1895    0.734345    0.778198  0.00308377
        1896    0.733443    0.778175  0.00308224
        1897    0.732564    0.778151  0.00308071
        1898    0.731711    0.778126  0.00307918
        1899    0.730884    0.778101  0.00307766
        1900    0.730085    0.778076  0.00307614
        1901    0.729316     0.77805  0.00307463
        1902    0.728579    0.778024  0.00307312
        1903    0.727873    0.777998  0.00307162
        1904    0.727201    0.777971  0.00307013
        1905    0.726563    0.777944  0.00306863
        1906    0.725962    0.777917  0.00306714
        1907    0.725397    0.777889  0.00306566
        1908    0.724872    0.777862  0.00306418
        1909    0.724386    0.777834   0.0030627
        1910    0.723942    0.777805  0.00306123
        1911     0.72354    0.777777  0.00305976
        1912    0.723181    0.777748  0.00305829
        1913    0.722866     0.77772  0.00305683
        1914    0.722596    0.777691  0.00305536
        1915    0.722371    0.777662  0.00305391
        1916    0.722193    0.777633  0.00305245
        1917    0.722061    0.777604  0.00305099
        1918    0.721976    0.777575  0.00304954
        1919    0.721938    0.777546  0.00304809
        1920    0.721948    0.777517  0.00304664
        1921    0.722004    0.777488  0.00304519
        1922    0.722107    0.777459  0.00304374
        1923    0.722258    0.777431   0.0030423
        1924    0.722457    0.777402  0.00304085
        1925    0.722703    0.777374   0.0030394
        1926    0.722997    0.777346  0.00303796
        1927    0.723338    0.777318  0.00303651
        1928    0.723724     0.77729  0.00303506
        1929    0.724155    0.777262  0.00303361
        1930    0.724631    0.777235  0.00303216
        1931    0.725149    0.777208  0.00303071
        1932     0.72571    0.777181  0.00302926
        1933    0.726312    0.777155  0.00302781
        1934    0.726956    0.777129  0.00302635
        1935     0.72764    0.777103   0.0030249
        1936    0.728361    0.777078  0.00302344
        1937    0.729118    0.777053  0.00302198
        1938     0.72991    0.777029  0.00302052
        1939    0.730735    0.777005  0.00301906
        1940    0.731591    0.776982  0.00301759
        1941    0.732476    0.776959  0.00301612
        1942    0.733388    0.776937  0.00301465
        1943    0.734326    0.776915  0.00301318
        1944    0.735289    0.776893  0.00301171
        1945    0.736273    0.776872  0.00301023
        1946    0.737279    0.776852  0.00300875
        1947    0.738302    0.776832  0.00300727
        1948     0.73934    0.776813  0.00300579
        1949    0.740392    0.776794  0.00300431
        1950    0.741456    0.776776  0.00300282
        1951    0.742528    0.776759  0.00300133
        1952    0.743607    0.776742  0.00299984
        1953     0.74469    0.776725  0.00299835
        1954    0.745775    0.776709  0.00299686
        1955     0.74686    0.776694  0.00299537
        1956    0.747942    0.776679  0.00299387
        1957    0.749021    0.776665  0.00299237
        1958    0.750092    0.776652  0.00299088
        1959    0.751155    0.776639  0.00298938
        1960    0.752206    0.776626  0.00298788
        1961    0.753243    0.776614  0.00298638
        1962    0.754264    0.776603  0.00298488
        1963    0.755267    0.776592  0.00298338
        1964    0.756249    0.776582  0.00298188
        1965     0.75721    0.776572  0.00298038
        1966    0.758147    0.776562  0.00297887
        1967    0.759058    0.776553  0.00297737
        1968    0.759942    0.776545  0.00297587
        1969    0.760799    0.776537  0.00297437
        1970    0.761625    0.776529  0.00297287
        1971     0.76242    0.776522  0.00297137
        1972    0.763182    0.776516  0.00296987
        1973    0.763909    0.776509  0.00296837
        1974    0.764603    0.776503  0.00296688
        1975     0.76526    0.776497  0.00296538
        1976    0.765881    0.776492  0.00296388
        1977    0.766466    0.776487  0.00296239
        1978    0.767015    0.776482   0.0029609
        1979    0.767527    0.776478   0.0029594
        1980    0.767999    0.776473  0.00295791
        1981    0.768434    0.776469  0.00295642
        1982    0.768832    0.776465  0.00295493
        1983    0.769192    0.776462  0.00295344
        1984    0.769516    0.776458  0.00295196
        1985    0.769803    0.776455  0.00295047
        1986    0.770055    0.776452  0.00294899
        1987    0.770274    0.776449  0.00294751
        1988    0.770459    0.776446  0.00294602
        1989    0.770611    0.776443  0.00294454
        1990    0.770734     0.77644  0.00294307
        1991    0.770829    0.776437  0.00294159
        1992    0.770897    0.776434  0.00294011
        1993    0.770941    0.776431  0.00293864
        1994    0.770962    0.776429  0.00293717
        1995    0.770962    0.776426   0.0029357
        1996    0.770943    0.776423  0.00293423
        1997    0.770909     0.77642  0.00293276
        1998    0.770861    0.776418  0.00293129
        1999    0.770801    0.776415  0.00292983
        2000    0.770732    0.776412  0.00292836
