           1    -5.60024    -5.60024           0
           2    -5.59981    -5.60002 0.000153226
           3    -5.59937    -5.59981 0.000204102
           4    -5.59894    -5.59959 0.000241799
           5    -5.59851    -5.59937 0.000273296
           6    -5.59808    -5.59916 0.000300986
           7    -5.59765    -5.59894  0.00032601
           8    -5.59722    -5.59873 0.000349024
           9     -5.5968    -5.59851 0.000370443
          10    -5.59605    -5.59827 0.000407263
          11    -5.59562    -5.59803 0.000435399
          12    -5.59391    -5.59768 0.000517043
          13    -5.59316    -5.59734 0.000582554
          14    -5.59145    -5.59691 0.000675822
          15    -5.58942    -5.59642 0.000794431
          16    -5.58641    -5.59579 0.000959676
          17    -5.58341    -5.59506  0.00114653
          18    -5.58042    -5.59425  0.00134085
          19    -5.57839    -5.59341  0.00150791
          20    -5.57571    -5.59253  0.00167221
          21    -5.57207    -5.59155  0.00185482
          22    -5.56811    -5.59049  0.00205405
          23    -5.56576    -5.58941  0.00222844
          24    -5.56309    -5.58832   0.0023903
          25    -5.56042     -5.5872  0.00254177
          26    -5.55873    -5.58611  0.00266952
          27    -5.55574    -5.58498  0.00279755
          28    -5.55373    -5.58386  0.00291184
          29    -5.55139    -5.58274   0.0030191
          30     -5.5497    -5.58164  0.00311288
          31    -5.54769    -5.58055  0.00319931
          32    -5.54537    -5.57945  0.00328279
          33    -5.54337    -5.57836  0.00336046
          34    -5.54202    -5.57729  0.00342737
          35    -5.54164    -5.57627  0.00347748
          36    -5.54062    -5.57528  0.00351904
          37    -5.53961    -5.57431  0.00355355
          38    -5.53795    -5.57336  0.00358659
          39    -5.53597     -5.5724  0.00362046
          40    -5.53368    -5.57143  0.00365705
          41    -5.53236    -5.57048   0.0036899
          42    -5.53073    -5.56953  0.00372142
          43    -5.52943     -5.5686  0.00374993
          44    -5.52845    -5.56769  0.00377407
          45    -5.52781     -5.5668  0.00379281
          46    -5.52653    -5.56592  0.00381006
          47    -5.52493    -5.56505  0.00382753
          48    -5.52399     -5.5642   0.0038422
          49    -5.52273    -5.56335  0.00385585
          50    -5.52181    -5.56252   0.0038672
          51    -5.52057     -5.5617  0.00387785
          52    -5.51935    -5.56088  0.00388785
          53    -5.51813    -5.56008  0.00389727
          54    -5.51758    -5.55929  0.00390376
          55    -5.51736    -5.55853  0.00390652
          56     -5.5165    -5.55778  0.00390818
          57    -5.51534    -5.55703   0.0039099
          58    -5.51451     -5.5563  0.00391063
          59    -5.51369    -5.55558  0.00391046
          60    -5.51257    -5.55486  0.00391043
          61    -5.51146    -5.55415  0.00391051
          62    -5.51134    -5.55346  0.00390793
          63    -5.51123    -5.55279  0.00390296
          64    -5.51082    -5.55213  0.00389668
          65    -5.50977    -5.55148  0.00389085
          66    -5.50874    -5.55083  0.00388541
          67    -5.50806    -5.55019  0.00387951
          68    -5.50706    -5.54956  0.00387396
          69    -5.50641    -5.54893  0.00386795
          70    -5.50578    -5.54832  0.00386151
          71    -5.50549    -5.54771  0.00385394
          72     -5.5049    -5.54712  0.00384602
          73    -5.50465    -5.54654  0.00383709
          74    -5.50377    -5.54596  0.00382852
          75    -5.50323    -5.54539  0.00381963
          76    -5.50336    -5.54484  0.00380919
          77    -5.50351     -5.5443  0.00379734
          78    -5.50368    -5.54378   0.0037842
          79    -5.50355    -5.54327  0.00377041
          80    -5.50408    -5.54278  0.00375497
          81    -5.50431    -5.54231  0.00373853
          82    -5.50456    -5.54185  0.00372118
          83    -5.50417    -5.54139  0.00370392
          84    -5.50446    -5.54095  0.00368583
          85    -5.50476    -5.54053  0.00366698
          86    -5.50476    -5.54011  0.00364785
          87    -5.50509    -5.53971  0.00362806
          88    -5.50545    -5.53932  0.00360766
          89    -5.50582    -5.53894  0.00358671
          90    -5.50588    -5.53857  0.00356562
          91    -5.50628    -5.53822  0.00354405
          92    -5.50669    -5.53788  0.00352206
          93     -5.5068    -5.53754      0.0035
          94    -5.50692    -5.53722   0.0034779
          95    -5.50737     -5.5369  0.00345545
          96    -5.50719    -5.53659  0.00343329
          97    -5.50734    -5.53629  0.00341112
          98     -5.5075      -5.536  0.00338894
          99    -5.50799    -5.53572  0.00336649
         100    -5.50849    -5.53544  0.00334382
         101      -5.509    -5.53518  0.00332094
         102    -5.51016    -5.53494  0.00329743
         103    -5.51035     -5.5347  0.00327404
         104     -5.5112    -5.53447  0.00325035
         105    -5.51173    -5.53425   0.0032266
         106    -5.51193    -5.53404  0.00320303
         107    -5.51246    -5.53384  0.00317944
         108    -5.51299    -5.53365  0.00315586
         109    -5.51384    -5.53347  0.00313214
         110    -5.51404    -5.53329  0.00310864
         111    -5.51456    -5.53312  0.00308521
         112    -5.51476    -5.53296  0.00306202
         113    -5.51528     -5.5328  0.00303891
         114    -5.51547    -5.53265  0.00301606
         115    -5.51565     -5.5325  0.00299345
         116    -5.51615    -5.53236  0.00297096
         117    -5.51665    -5.53223   0.0029486
         118    -5.51746     -5.5321  0.00292627
         119    -5.51793    -5.53198   0.0029041
         120    -5.51873    -5.53187    0.002882
         121    -5.51919    -5.53177  0.00286009
         122    -5.51964    -5.53167  0.00283837
         123    -5.51976    -5.53157  0.00281695
         124    -5.52019    -5.53148  0.00279573
         125    -5.52061    -5.53139  0.00277471
         126    -5.52101    -5.53131  0.00275391
         127    -5.52141    -5.53123  0.00273333
         128    -5.52179    -5.53116  0.00271297
         129    -5.52217    -5.53109  0.00269284
         130     -5.5222    -5.53102  0.00267299
         131    -5.52255    -5.53096  0.00265337
         132    -5.52353     -5.5309  0.00263386
         133     -5.5245    -5.53085   0.0026145
         134    -5.52481    -5.53081  0.00259538
         135    -5.52511    -5.53076  0.00257649
         136    -5.52507    -5.53072  0.00255789
         137    -5.52534    -5.53068  0.00253952
         138    -5.52592    -5.53065  0.00252135
         139    -5.52616    -5.53062  0.00250342
         140    -5.52639    -5.53059  0.00248572
         141    -5.52629    -5.53055  0.00246828
         142    -5.52617    -5.53052  0.00245109
         143    -5.52604    -5.53049  0.00243415
         144    -5.52623    -5.53046  0.00241743
         145    -5.52575    -5.53043  0.00240097
         146    -5.52623     -5.5304   0.0023847
         147    -5.52573    -5.53037  0.00236869
         148    -5.52587    -5.53034  0.00235288
         149      -5.526    -5.53031  0.00233727
         150    -5.52579    -5.53028  0.00232188
         151    -5.52524    -5.53025  0.00230674
         152    -5.52566    -5.53022  0.00229176
         153    -5.52574    -5.53019  0.00227697
         154    -5.52582    -5.53016  0.00226236
         155    -5.52588    -5.53013  0.00224794
         156    -5.52594     -5.5301  0.00223369
         157    -5.52663    -5.53008  0.00221957
         158    -5.52667    -5.53006  0.00220563
         159     -5.5267    -5.53004  0.00219185
         160    -5.52672    -5.53002  0.00217825
         161    -5.52674       -5.53  0.00216482
         162    -5.52642    -5.52998  0.00215157
         163    -5.52675    -5.52996  0.00213846
         164    -5.52706    -5.52994  0.00212549
         165    -5.52737    -5.52992  0.00211267
         166    -5.52736    -5.52991      0.0021
         167    -5.52701    -5.52989   0.0020875
         168     -5.5273    -5.52988  0.00207513
         169    -5.52726    -5.52986  0.00206291
         170    -5.52658    -5.52984  0.00205086
         171    -5.52685    -5.52982  0.00203894
         172    -5.52713    -5.52981  0.00202715
         173    -5.52707    -5.52979  0.00201549
         174    -5.52669    -5.52977  0.00200399
         175     -5.5263    -5.52975  0.00199264
         176    -5.52656    -5.52974   0.0019814
         177    -5.52681    -5.52972  0.00197027
         178    -5.52674     -5.5297  0.00195927
         179    -5.52666    -5.52969   0.0019484
         180    -5.52625    -5.52967  0.00193767
         181    -5.52617    -5.52965  0.00192706
         182    -5.52576    -5.52963  0.00191659
         183    -5.52567     -5.5296  0.00190624
         184    -5.52623    -5.52959  0.00189597
         185    -5.52678    -5.52957  0.00188578
         186    -5.52669    -5.52956  0.00187571
         187    -5.52691    -5.52954  0.00186573
         188    -5.52681    -5.52953  0.00185586
         189    -5.52639    -5.52951  0.00184612
         190    -5.52693     -5.5295  0.00183645
         191     -5.5265    -5.52948   0.0018269
         192    -5.52575    -5.52946  0.00181749
         193    -5.52596    -5.52944  0.00180816
         194    -5.52586    -5.52942  0.00179894
         195    -5.52574    -5.52941  0.00178981
         196    -5.52595    -5.52939  0.00178077
         197    -5.52616    -5.52937   0.0017718
         198    -5.52604    -5.52936  0.00176293
         199     -5.5256    -5.52934  0.00175417
         200    -5.52548    -5.52932  0.00174551
         201    -5.52568     -5.5293  0.00173692
         202    -5.52556    -5.52928  0.00172842
         203    -5.52511    -5.52926  0.00172003
         204    -5.52434    -5.52924  0.00171176
         205    -5.52487    -5.52921  0.00170355
         206    -5.52506    -5.52919   0.0016954
         207    -5.52494    -5.52917  0.00168733
         208    -5.52481    -5.52915  0.00167935
         209    -5.52468    -5.52913  0.00167145
         210    -5.52455    -5.52911  0.00166363
         211    -5.52475    -5.52909  0.00165588
         212    -5.52462    -5.52907   0.0016482
         213    -5.52481    -5.52905  0.00164058
         214    -5.52468    -5.52903  0.00163304
         215    -5.52455    -5.52901  0.00162558
         216    -5.52474    -5.52899  0.00161818
         217    -5.52493    -5.52897  0.00161083
         218    -5.52416    -5.52895  0.00160359
         219     -5.5237    -5.52892  0.00159644
         220     -5.5239     -5.5289  0.00158935
         221     -5.5228    -5.52887   0.0015824
         222    -5.52267    -5.52884  0.00157552
         223     -5.5219    -5.52881  0.00156876
         224    -5.52177    -5.52878  0.00156207
         225      -5.521    -5.52875  0.00155551
         226    -5.52087    -5.52871  0.00154902
         227    -5.52108    -5.52868  0.00154256
         228    -5.52063    -5.52864   0.0015362
         229    -5.52051    -5.52861   0.0015299
         230    -5.52008    -5.52857   0.0015237
         231    -5.51996    -5.52853  0.00151756
         232     -5.5205     -5.5285  0.00151141
         233    -5.52072    -5.52846  0.00150529
         234    -5.52029    -5.52843  0.00149927
         235    -5.51986    -5.52839  0.00149333
         236    -5.51976    -5.52836  0.00148745
         237    -5.51999    -5.52832  0.00148159
         238     -5.5199    -5.52829  0.00147579
         239    -5.51949    -5.52825  0.00147007
         240    -5.51941    -5.52821  0.00146441
         241    -5.51836    -5.52817   0.0014589
         242    -5.51829    -5.52813  0.00145345
         243    -5.51822    -5.52809  0.00144804
         244    -5.51783    -5.52805  0.00144272
         245    -5.51647      -5.528   0.0014376
         246    -5.51642    -5.52795  0.00143253
         247    -5.51766    -5.52791  0.00142733
         248    -5.51762    -5.52787  0.00142218
         249    -5.51758    -5.52783  0.00141707
         250    -5.51722    -5.52779  0.00141204
         251    -5.51784    -5.52775  0.00140697
         252    -5.51749    -5.52771  0.00140197
         253    -5.51747    -5.52767  0.00139702
         254    -5.51778    -5.52763  0.00139206
         255    -5.51777    -5.52759  0.00138713
         256    -5.51777    -5.52755  0.00138225
         257     -5.5181    -5.52751  0.00137736
         258    -5.51843    -5.52748  0.00137247
         259    -5.51877    -5.52744  0.00136758
         260    -5.51878    -5.52741  0.00136273
         261    -5.51881    -5.52738  0.00135791
         262    -5.51916    -5.52735  0.00135308
         263    -5.51887    -5.52731  0.00134832
         264    -5.51891    -5.52728  0.00134359
         265    -5.51895    -5.52725  0.00133889
         266    -5.51997    -5.52722  0.00133414
         267    -5.52002     -5.5272  0.00132941
         268    -5.52007    -5.52717  0.00132472
         269    -5.52013    -5.52714  0.00132005
         270     -5.5202    -5.52712  0.00131541
         271    -5.52026    -5.52709   0.0013108
         272    -5.52066    -5.52707   0.0013062
         273    -5.52041    -5.52705  0.00130164
         274    -5.52016    -5.52702  0.00129713
         275    -5.52024      -5.527  0.00129265
         276    -5.52065    -5.52697  0.00128817
         277    -5.52073    -5.52695  0.00128372
         278     -5.5205    -5.52693  0.00127931
         279    -5.52027     -5.5269  0.00127495
         280    -5.52036    -5.52688  0.00127061
         281    -5.52077    -5.52686  0.00126627
         282    -5.52086    -5.52684  0.00126196
         283    -5.52096    -5.52682  0.00125767
         284    -5.52073    -5.52679  0.00125343
         285    -5.52083    -5.52677   0.0012492
         286    -5.52092    -5.52675    0.001245
         287    -5.52102    -5.52673  0.00124082
         288    -5.52079    -5.52671  0.00123669
         289    -5.52056    -5.52669  0.00123259
         290    -5.52034    -5.52667  0.00122854
         291    -5.52043    -5.52665   0.0012245
         292    -5.52053    -5.52663  0.00122049
         293     -5.5203     -5.5266  0.00121651
         294    -5.52007    -5.52658  0.00121258
         295    -5.52017    -5.52656  0.00120866
         296    -5.52026    -5.52654  0.00120477
         297     -5.5197    -5.52652  0.00120093
         298    -5.52011     -5.5265  0.00119709
         299    -5.52052    -5.52648  0.00119325
         300    -5.52061    -5.52646  0.00118944
         301    -5.52101    -5.52644  0.00118562
         302     -5.5211    -5.52642  0.00118183
         303     -5.5215     -5.5264  0.00117804
         304    -5.52158    -5.52639  0.00117427
         305    -5.52165    -5.52637  0.00117053
         306    -5.52172    -5.52636   0.0011668
         307    -5.52211    -5.52634  0.00116308
         308    -5.52218    -5.52633  0.00115938
         309    -5.52224    -5.52632  0.00115571
         310     -5.5223     -5.5263  0.00115205
         311    -5.52236    -5.52629  0.00114842
         312    -5.52242    -5.52628   0.0011448
         313    -5.52312    -5.52627  0.00114119
         314    -5.52317    -5.52626   0.0011376
         315    -5.52321    -5.52625  0.00113403
         316    -5.52293    -5.52624  0.00113049
         317    -5.52297    -5.52623  0.00112697
         318    -5.52269    -5.52622  0.00112348
         319    -5.52272    -5.52621  0.00112001
         320    -5.52275     -5.5262  0.00111656
         321    -5.52277    -5.52618  0.00111313
         322    -5.52312    -5.52617  0.00110972
         323    -5.52379    -5.52617  0.00110631
         324     -5.5238    -5.52616  0.00110292
         325    -5.52381    -5.52615  0.00109955
         326    -5.52382    -5.52615   0.0010962
         327    -5.52318    -5.52614  0.00109288
         328     -5.5235    -5.52613  0.00108958
         329     -5.5235    -5.52612   0.0010863
         330    -5.52349    -5.52611  0.00108303
         331    -5.52413    -5.52611  0.00107978
         332    -5.52477     -5.5261  0.00107653
         333    -5.52507     -5.5261  0.00107331
         334     -5.5257     -5.5261  0.00107009
         335      -5.526     -5.5261   0.0010669
         336    -5.52532     -5.5261  0.00106373
         337    -5.52529    -5.52609  0.00106057
         338    -5.52525    -5.52609  0.00105744
         339    -5.52457    -5.52609  0.00105433
         340    -5.52485    -5.52608  0.00105123
         341    -5.52512    -5.52608  0.00104815
         342    -5.52507    -5.52608  0.00104509
         343    -5.52502    -5.52607  0.00104205
         344    -5.52529    -5.52607  0.00103902
         345     -5.5249    -5.52607  0.00103602
         346    -5.52516    -5.52607  0.00103303
         347    -5.52477    -5.52606  0.00103006
         348    -5.52535    -5.52606   0.0010271
         349    -5.52528    -5.52606  0.00102416
         350    -5.52488    -5.52605  0.00102124
         351    -5.52448    -5.52605  0.00101834
         352    -5.52537    -5.52605  0.00101545
         353    -5.52561    -5.52605  0.00101257
         354    -5.52553    -5.52605  0.00100971
         355    -5.52512    -5.52604  0.00100687
         356    -5.52504    -5.52604  0.00100405
         357    -5.52431    -5.52603  0.00100125
         358    -5.52487    -5.52603 0.000998455
         359    -5.52511    -5.52603 0.000995677
         360     -5.5247    -5.52603 0.000992918
         361    -5.52526    -5.52602  0.00099017
         362    -5.52614    -5.52602 0.000987434
         363    -5.52671    -5.52603 0.000984716
         364    -5.52598    -5.52603 0.000982011
         365    -5.52558    -5.52602 0.000979321
         366    -5.52582    -5.52602 0.000976646
         367    -5.52542    -5.52602 0.000973986
         368    -5.52632    -5.52602 0.000971339
         369    -5.52625    -5.52602 0.000968707
         370    -5.52554    -5.52602  0.00096609
         371    -5.52548    -5.52602 0.000963487
         372    -5.52542    -5.52602 0.000960898
         373    -5.52504    -5.52602 0.000958326
         374    -5.52467    -5.52601  0.00095577
         375    -5.52495    -5.52601 0.000953226
         376    -5.52426    -5.52601 0.000950702
         377    -5.52488      -5.526 0.000948185
         378    -5.52453      -5.526 0.000945684
         379    -5.52451    -5.52599 0.000943197
         380    -5.52417    -5.52599 0.000940727
         381    -5.52416    -5.52598 0.000938271
         382    -5.52416    -5.52598 0.000935827
         383    -5.52416    -5.52598 0.000933395
         384    -5.52385    -5.52597 0.000930981
         385    -5.52387    -5.52596 0.000928579
         386    -5.52325    -5.52596   0.0009262
         387    -5.52295    -5.52595 0.000923839
         388    -5.52234    -5.52594 0.000921505
         389    -5.52271    -5.52593 0.000919173
         390    -5.52276    -5.52592 0.000916852
         391    -5.52281    -5.52592 0.000914542
         392    -5.52352    -5.52591 0.000912229
         393    -5.52359     -5.5259 0.000909927
         394    -5.52237    -5.52589 0.000907662
         395    -5.52244    -5.52589 0.000905406
         396    -5.52284    -5.52588 0.000903152
         397     -5.5226    -5.52587 0.000900915
         398    -5.52334    -5.52586 0.000898674
         399    -5.52342    -5.52586 0.000896443
         400    -5.52449    -5.52585 0.000894208
         401    -5.52458    -5.52585 0.000891984
         402    -5.52533    -5.52585 0.000889766
         403    -5.52445    -5.52585 0.000887565
         404    -5.52422    -5.52584 0.000885377
         405    -5.52464    -5.52584 0.000883196
         406    -5.52506    -5.52584 0.000881022
         407     -5.5258    -5.52584 0.000878858
         408    -5.52654    -5.52584 0.000876705
         409    -5.52695    -5.52584 0.000874566
         410    -5.52768    -5.52585 0.000872444
         411    -5.52777    -5.52585 0.000870334
         412    -5.52785    -5.52586 0.000868235
         413    -5.52727    -5.52586  0.00086614
         414    -5.52767    -5.52586 0.000864059
         415    -5.52774    -5.52587 0.000861988
         416     -5.5278    -5.52587 0.000859929
         417    -5.52721    -5.52588 0.000857872
         418    -5.52758    -5.52588  0.00085583
         419    -5.52698    -5.52588 0.000853791
         420     -5.5267    -5.52588 0.000851761
         421    -5.52674    -5.52589  0.00084974
         422    -5.52677    -5.52589 0.000847729
         423    -5.52679    -5.52589 0.000845727
         424    -5.52616    -5.52589 0.000843733
         425    -5.52488    -5.52589 0.000841751
         426    -5.52489    -5.52589 0.000839778
         427    -5.52489    -5.52588 0.000837815
         428    -5.52489    -5.52588 0.000835861
         429    -5.52456    -5.52588 0.000833918
         430    -5.52487    -5.52588 0.000831982
         431    -5.52518    -5.52588 0.000830053
         432    -5.52581    -5.52587 0.000828132
         433    -5.52676    -5.52588 0.000826222
         434    -5.52705    -5.52588 0.000824322
         435    -5.52702    -5.52588 0.000822432
         436    -5.52698    -5.52588 0.000820549
         437    -5.52694    -5.52589 0.000818675
         438    -5.52658    -5.52589 0.000816807
         439    -5.52653    -5.52589 0.000814948
         440    -5.52681    -5.52589 0.000813099
         441    -5.52643    -5.52589 0.000811256
         442    -5.52573    -5.52589  0.00080942
         443    -5.52535    -5.52589 0.000807594
         444    -5.52465    -5.52589  0.00080578
         445    -5.52459    -5.52589 0.000803975
         446     -5.5242    -5.52588 0.000802181
         447    -5.52446    -5.52588 0.000800393
         448    -5.52375    -5.52587  0.00079862
         449    -5.52336    -5.52587 0.000796861
         450    -5.52297    -5.52586 0.000795116
         451    -5.52226    -5.52585 0.000793393
         452    -5.52251    -5.52585 0.000791672
         453    -5.52244    -5.52584  0.00078996
         454    -5.52205    -5.52583 0.000788265
         455     -5.5223    -5.52582  0.00078657
         456    -5.52288    -5.52582 0.000784872
         457    -5.52216    -5.52581 0.000783195
         458    -5.52144     -5.5258 0.000781543
         459    -5.52105    -5.52579 0.000779909
         460    -5.52065    -5.52578 0.000778294
         461     -5.5209    -5.52577 0.000776677
         462    -5.52148    -5.52576 0.000775052
         463    -5.52173    -5.52575 0.000773426
         464    -5.52198    -5.52574 0.000771802
         465    -5.52191    -5.52573 0.000770186
         466    -5.52151    -5.52572 0.000768587
         467    -5.52111    -5.52571 0.000767005
         468    -5.52169    -5.52571 0.000765414
         469    -5.52097     -5.5257 0.000763849
         470     -5.5209    -5.52569 0.000762292
         471    -5.52082    -5.52567 0.000760743
         472     -5.5214    -5.52567 0.000759185
         473    -5.52132    -5.52566 0.000757636
         474     -5.5219    -5.52565 0.000756079
         475    -5.52183    -5.52564  0.00075453
         476    -5.52143    -5.52563 0.000752997
         477    -5.52072    -5.52562 0.000751488
         478       -5.52    -5.52561 0.000750008
         479    -5.51993     -5.5256 0.000748536
         480    -5.52019    -5.52559 0.000747062
         481    -5.52044    -5.52558 0.000745585
         482    -5.52102    -5.52557 0.000744098
         483    -5.52128    -5.52556  0.00074261
         484    -5.52154    -5.52555 0.000741122
         485     -5.5218    -5.52554 0.000739634
         486    -5.52174    -5.52553 0.000738154
         487    -5.52168    -5.52553 0.000736681
         488     -5.5213    -5.52552 0.000735222
         489    -5.52124    -5.52551 0.000733771
         490    -5.52151     -5.5255 0.000732319
         491    -5.52145    -5.52549 0.000730874
         492     -5.5214    -5.52548 0.000729435
         493    -5.52103    -5.52547 0.000728012
         494    -5.52034    -5.52546 0.000726612
         495    -5.52029    -5.52545  0.00072522
         496    -5.52122    -5.52545 0.000723808
         497    -5.52086    -5.52544  0.00072241
         498     -5.5205    -5.52543 0.000721027
         499    -5.52047    -5.52542  0.00071965
         500    -5.52045    -5.52541  0.00071828
         501     -5.5201     -5.5254 0.000716924
         502     -5.5204    -5.52539 0.000715565
         503    -5.52039    -5.52538 0.000714211
         504    -5.52037    -5.52537 0.000712863
         505    -5.52036    -5.52536 0.000711521
         506    -5.52036    -5.52535 0.000710183
         507      -5.521    -5.52534 0.000708834
         508    -5.52198    -5.52533 0.000707469
         509    -5.52167    -5.52532 0.000706116
         510    -5.52168    -5.52532 0.000704768
         511    -5.52169    -5.52531 0.000703424
         512    -5.52139     -5.5253 0.000702092
         513    -5.52174    -5.52529 0.000700758
         514    -5.52177    -5.52529 0.000699428
         515     -5.5218    -5.52528 0.000698103
         516    -5.52152    -5.52527 0.000696788
         517    -5.52188    -5.52527 0.000695471
         518    -5.52128    -5.52526 0.000694171
         519    -5.52166    -5.52525 0.000692868
         520    -5.52204    -5.52525 0.000691563
         521    -5.52177    -5.52524 0.000690268
         522    -5.52151    -5.52523 0.000688982
         523    -5.52093    -5.52522 0.000687714
         524    -5.52068    -5.52522 0.000686457
         525    -5.52075    -5.52521 0.000685202
         526    -5.52051     -5.5252 0.000683957
         527    -5.52059    -5.52519 0.000682715
         528    -5.52067    -5.52518 0.000681476
         529    -5.52076    -5.52517 0.000680239
         530    -5.52149    -5.52517 0.000678991
         531    -5.52158    -5.52516 0.000677746
         532      -5.522    -5.52515 0.000676498
         533     -5.5221    -5.52515 0.000675253
         534    -5.52219    -5.52514 0.000674011
         535    -5.52262    -5.52514 0.000672768
         536    -5.52239    -5.52513 0.000671532
         537    -5.52249    -5.52513   0.0006703
         538    -5.52227    -5.52512 0.000669075
         539    -5.52302    -5.52512 0.000667845
         540    -5.52312    -5.52511 0.000666618
         541    -5.52323    -5.52511 0.000665395
         542      -5.523    -5.52511 0.000664179
         543    -5.52278     -5.5251  0.00066297
         544    -5.52321     -5.5251  0.00066176
         545    -5.52298     -5.5251 0.000660557
         546    -5.52308    -5.52509 0.000659358
         547    -5.52383    -5.52509 0.000658156
         548     -5.5236    -5.52509 0.000656961
         549    -5.52369    -5.52508 0.000655769
         550    -5.52346    -5.52508 0.000654584
         551     -5.5242    -5.52508 0.000653398
         552    -5.52493    -5.52508 0.000652214
         553    -5.52502    -5.52508 0.000651034
         554    -5.52574    -5.52508  0.00064986
         555    -5.52582    -5.52508 0.000648691
         556    -5.52654    -5.52508  0.00064753
         557    -5.52662    -5.52509 0.000646373
         558    -5.52669    -5.52509 0.000645221
         559    -5.52707    -5.52509 0.000644076
         560    -5.52746     -5.5251  0.00064294
         561    -5.52719     -5.5251 0.000641805
         562    -5.52757    -5.52511 0.000640678
         563    -5.52826    -5.52511 0.000639564
         564    -5.52896    -5.52512 0.000638467
         565    -5.52868    -5.52512 0.000637368
         566    -5.52871    -5.52513 0.000636273
         567    -5.52907    -5.52514 0.000635189
         568    -5.52878    -5.52514 0.000634103
         569    -5.52848    -5.52515 0.000633016
         570    -5.52915    -5.52516 0.000631944
         571    -5.52853    -5.52516 0.000630865
         572    -5.52854    -5.52517  0.00062979
         573    -5.52855    -5.52517 0.000628718
         574    -5.52791    -5.52518 0.000627641
         575     -5.5276    -5.52518 0.000626564
         576    -5.52727    -5.52519 0.000625486
         577     -5.5276    -5.52519 0.000624416
         578    -5.52759     -5.5252  0.00062335
         579    -5.52823     -5.5252 0.000622295
         580    -5.52757     -5.5252 0.000621236
         581    -5.52789    -5.52521 0.000620184
         582    -5.52755    -5.52521 0.000619131
         583    -5.52688    -5.52522 0.000618076
         584    -5.52686    -5.52522 0.000617024
         585    -5.52684    -5.52522 0.000615975
         586    -5.52648    -5.52522 0.000614928
         587    -5.52743    -5.52523 0.000613892
         588    -5.52837    -5.52523 0.000612871
         589    -5.52866    -5.52524 0.000611858
         590     -5.5283    -5.52524 0.000610843
         591    -5.52891    -5.52525 0.000609841
         592    -5.52823    -5.52526 0.000608832
         593    -5.52787    -5.52526 0.000607821
         594    -5.52718    -5.52526 0.000606806
         595    -5.52649    -5.52527  0.00060579
         596    -5.52613    -5.52527 0.000604775
         597    -5.52608    -5.52527 0.000603764
         598    -5.52571    -5.52527 0.000602754
         599    -5.52567    -5.52527 0.000601748
         600    -5.52562    -5.52527 0.000600746
         601    -5.52525    -5.52527 0.000599746
         602    -5.52488    -5.52527  0.00059875
         603    -5.52483    -5.52527 0.000597758
         604    -5.52413    -5.52527 0.000596771
         605    -5.52441    -5.52527 0.000595786
         606    -5.52501    -5.52526 0.000594803
         607    -5.52464    -5.52526 0.000593824
         608    -5.52394    -5.52526 0.000592852
         609    -5.52357    -5.52526 0.000591885
         610    -5.52384    -5.52526 0.000590919
         611    -5.52412    -5.52525 0.000589955
         612    -5.52407    -5.52525 0.000588994
         613    -5.52402    -5.52525 0.000588037
         614    -5.52397    -5.52525 0.000587083
         615    -5.52522    -5.52525 0.000586128
         616    -5.52484    -5.52525 0.000585177
         617    -5.52512    -5.52525 0.000584229
         618    -5.52442    -5.52525 0.000583285
         619    -5.52534    -5.52525 0.000582342
         620    -5.52627    -5.52525 0.000581405
         621    -5.52654    -5.52525 0.000580473
         622    -5.52617    -5.52525 0.000579542
         623    -5.52612    -5.52525 0.000578613
         624    -5.52542    -5.52525 0.000577686
         625     -5.5257    -5.52525 0.000576762
         626    -5.52662    -5.52526 0.000575845
         627    -5.52625    -5.52526 0.000574929
         628    -5.52587    -5.52526 0.000574014
         629     -5.5255    -5.52526 0.000573101
         630    -5.52577    -5.52526 0.000572192
         631    -5.52605    -5.52526 0.000571287
         632    -5.52599    -5.52526 0.000570384
         633    -5.52659    -5.52526 0.000569487
         634    -5.52654    -5.52527 0.000568592
         635    -5.52649    -5.52527   0.0005677
         636    -5.52579    -5.52527 0.000566808
         637    -5.52574    -5.52527 0.000565919
         638    -5.52601    -5.52527 0.000565033
         639    -5.52661    -5.52527 0.000564153
         640    -5.52688    -5.52528 0.000563277
         641    -5.52715    -5.52528 0.000562405
         642    -5.52613    -5.52528 0.000561531
         643    -5.52575    -5.52528 0.000560658
         644    -5.52602    -5.52528 0.000559789
         645    -5.52629    -5.52528 0.000558923
         646    -5.52591    -5.52528 0.000558059
         647    -5.52585    -5.52529 0.000557197
         648     -5.5258    -5.52529 0.000556338
         649    -5.52509    -5.52529  0.00055548
         650    -5.52536    -5.52529 0.000554626
         651    -5.52498    -5.52529 0.000553774
         652    -5.52492    -5.52528 0.000552925
         653    -5.52422    -5.52528 0.000552081
         654    -5.52449    -5.52528 0.000551238
         655    -5.52508    -5.52528 0.000550396
         656    -5.52502    -5.52528 0.000549557
         657    -5.52529    -5.52528 0.000548721
         658    -5.52361    -5.52528 0.000547893
         659    -5.52323    -5.52528  0.00054707
         660    -5.52382    -5.52527 0.000546246
         661    -5.52344    -5.52527 0.000545427
         662     -5.5237    -5.52527 0.000544608
         663    -5.52332    -5.52527 0.000543794
         664    -5.52359    -5.52526 0.000542981
         665    -5.52386    -5.52526 0.000542169
         666     -5.5238    -5.52526 0.000541359
         667     -5.5231    -5.52526 0.000540557
         668     -5.5224    -5.52525 0.000539765
         669     -5.5217    -5.52525 0.000538984
         670    -5.52197    -5.52524 0.000538202
         671    -5.52159    -5.52524 0.000537427
         672    -5.52122    -5.52523 0.000536661
         673    -5.52085    -5.52522 0.000535903
         674     -5.5208    -5.52522 0.000535148
         675    -5.51946    -5.52521 0.000534423
         676    -5.52007     -5.5252 0.000533686
         677    -5.52003    -5.52519 0.000532953
         678    -5.51967    -5.52518 0.000532229
         679    -5.51995    -5.52518 0.000531501
         680    -5.52057    -5.52517 0.000530763
         681    -5.52053    -5.52516 0.000530027
         682     -5.5205    -5.52516 0.000529294
         683    -5.52047    -5.52515 0.000528563
         684    -5.52045    -5.52514 0.000527835
         685     -5.5201    -5.52514 0.000527116
         686    -5.52073    -5.52513 0.000526387
         687    -5.52039    -5.52512 0.000525666
         688     -5.5207    -5.52512 0.000524941
         689    -5.52068    -5.52511 0.000524219
         690    -5.52003     -5.5251 0.000523511
         691    -5.52002    -5.52509 0.000522805
         692    -5.52002    -5.52509   0.0005221
         693    -5.52035    -5.52508 0.000521392
         694    -5.52035    -5.52507 0.000520685
         695    -5.52068    -5.52507 0.000519974
         696    -5.52036    -5.52506 0.000519271
         697     -5.5207    -5.52505 0.000518564
         698    -5.52071    -5.52505 0.000517858
         699    -5.52137    -5.52504 0.000517144
         700    -5.52139    -5.52504 0.000516432
         701    -5.52012    -5.52503 0.000515743
         702    -5.51949    -5.52502 0.000515068
         703    -5.51952    -5.52501 0.000514395
         704    -5.52019    -5.52501  0.00051371
         705     -5.5199      -5.525 0.000513032
         706    -5.52025    -5.52499  0.00051235
         707    -5.52061    -5.52499 0.000511663
         708    -5.52064    -5.52498 0.000510977
         709      -5.521    -5.52498 0.000510287
         710    -5.52103    -5.52497 0.000509598
         711    -5.52042    -5.52496 0.000508922
         712    -5.52078    -5.52496 0.000508241
         713     -5.5205    -5.52495 0.000507567
         714    -5.52053    -5.52495 0.000506894
         715    -5.52057    -5.52494 0.000506222
         716     -5.5206    -5.52493 0.000505551
         717    -5.52096    -5.52493 0.000504876
         718    -5.52132    -5.52492 0.000504198
         719    -5.52136    -5.52492 0.000503521
         720    -5.52107    -5.52491  0.00050285
         721    -5.52142    -5.52491 0.000502176
         722    -5.52145     -5.5249 0.000501503
         723    -5.52149     -5.5249 0.000500832
         724    -5.52151    -5.52489 0.000500162
         725    -5.52154    -5.52489 0.000499493
         726    -5.52157    -5.52488 0.000498826
         727    -5.52191    -5.52488 0.000498157
         728    -5.52097    -5.52487 0.000497502
         729    -5.51969    -5.52487  0.00049687
         730    -5.51971    -5.52486  0.00049624
         731    -5.51973    -5.52485  0.00049561
         732    -5.51941    -5.52485 0.000494989
         733    -5.51943    -5.52484 0.000494369
         734    -5.51976    -5.52483 0.000493744
         735    -5.52009    -5.52483 0.000493114
         736    -5.52009    -5.52482 0.000492486
         737     -5.5201    -5.52481  0.00049186
         738    -5.52042    -5.52481 0.000491229
         739    -5.52042     -5.5248   0.0004906
         740    -5.52041    -5.52479 0.000489973
         741    -5.52073    -5.52479 0.000489343
         742    -5.52072    -5.52478 0.000488714
         743    -5.52071    -5.52478 0.000488087
         744    -5.52006    -5.52477 0.000487472
         745    -5.52004    -5.52477 0.000486859
         746    -5.52003    -5.52476 0.000486248
         747    -5.52001    -5.52475 0.000485639
         748    -5.51999    -5.52475 0.000485031
         749    -5.51965    -5.52474 0.000484431
         750    -5.51963    -5.52473 0.000483833
         751    -5.51896    -5.52473  0.00048325
         752    -5.51862    -5.52472 0.000482676
         753    -5.51827    -5.52471 0.000482111
         754    -5.51889     -5.5247 0.000481533
         755    -5.51919    -5.52469  0.00048095
         756    -5.51884    -5.52469 0.000480376
         757    -5.51882    -5.52468 0.000479804
         758    -5.51846    -5.52467 0.000479241
         759    -5.51844    -5.52466  0.00047868
         760    -5.51809    -5.52465 0.000478129
         761    -5.51806    -5.52464 0.000477579
         762    -5.51804    -5.52464 0.000477031
         763    -5.51769    -5.52463 0.000476492
         764    -5.51766    -5.52462 0.000475956
         765    -5.51796    -5.52461 0.000475413
         766    -5.51793     -5.5246 0.000474873
         767    -5.51791    -5.52459 0.000474334
         768    -5.51724    -5.52458 0.000473813
         769    -5.51689    -5.52457 0.000473302
         770    -5.51719    -5.52456 0.000472785
         771    -5.51717    -5.52455 0.000472269
         772    -5.51715    -5.52454 0.000471754
         773    -5.51713    -5.52453 0.000471241
         774    -5.51712    -5.52452  0.00047073
         775     -5.5171    -5.52451  0.00047022
         776    -5.51741    -5.52451 0.000469703
         777    -5.51675     -5.5245 0.000469205
         778    -5.51674    -5.52449 0.000468707
         779    -5.51673    -5.52448 0.000468211
         780     -5.5164    -5.52446 0.000467725
         781    -5.51705    -5.52446 0.000467223
         782    -5.51737    -5.52445 0.000466713
         783    -5.51737    -5.52444 0.000466205
         784    -5.51737    -5.52443 0.000465697
         785     -5.5177    -5.52442 0.000465183
         786    -5.51706    -5.52441 0.000464685
         787    -5.51707     -5.5244 0.000464189
         788    -5.51708    -5.52439 0.000463692
         789    -5.51774    -5.52438 0.000463181
         790    -5.51775    -5.52437 0.000462671
         791     -5.5181    -5.52437 0.000462154
         792    -5.51844    -5.52436 0.000461631
         793    -5.51846    -5.52435 0.000461109
         794    -5.51914    -5.52435 0.000460575
         795    -5.51916    -5.52434 0.000460042
         796    -5.51887    -5.52433 0.000459515
         797    -5.51955    -5.52433 0.000458978
         798    -5.51926    -5.52432 0.000458446
         799    -5.51963    -5.52431  0.00045791
         800    -5.51967    -5.52431 0.000457375
         801    -5.51938     -5.5243 0.000456845
         802    -5.51943     -5.5243 0.000456316
         803     -5.5198    -5.52429 0.000455782
         804    -5.51952    -5.52428 0.000455254
         805    -5.51925    -5.52428 0.000454731
         806    -5.51931    -5.52427 0.000454209
         807    -5.51904    -5.52427 0.000453692
         808     -5.5191    -5.52426 0.000453176
         809    -5.51948    -5.52425 0.000452654
         810    -5.51987    -5.52425 0.000452127
         811    -5.52123    -5.52424 0.000451585
         812    -5.52097    -5.52424 0.000451047
         813    -5.52104    -5.52424 0.000450509
         814    -5.52144    -5.52423 0.000449969
         815    -5.52184    -5.52423 0.000449427
         816    -5.52159    -5.52423 0.000448888
         817    -5.52166    -5.52422 0.000448349
         818    -5.52174    -5.52422 0.000447811
         819    -5.52182    -5.52422 0.000447274
         820    -5.52223    -5.52421 0.000446735
         821    -5.52263    -5.52421 0.000446195
         822    -5.52304    -5.52421 0.000445655
         823    -5.52377    -5.52421 0.000445113
         824    -5.52418    -5.52421 0.000444573
         825    -5.52427    -5.52421 0.000444034
         826    -5.52436    -5.52421 0.000443497
         827     -5.5238    -5.52421 0.000442961
         828    -5.52421    -5.52421 0.000442426
         829    -5.52462    -5.52421 0.000441892
         830    -5.52471    -5.52421  0.00044136
         831     -5.5248    -5.52421  0.00044083
         832    -5.52489    -5.52421 0.000440301
         833    -5.52563    -5.52421 0.000439776
         834    -5.52507    -5.52422 0.000439249
         835     -5.5258    -5.52422 0.000438727
         836    -5.52589    -5.52422 0.000438207
         837    -5.52598    -5.52422 0.000437689
         838    -5.52607    -5.52422 0.000437172
         839    -5.52648    -5.52423 0.000436659
         840    -5.52688    -5.52423 0.000436151
         841    -5.52632    -5.52423 0.000435639
         842    -5.52575    -5.52423 0.000435126
         843    -5.52583    -5.52424 0.000434614
         844    -5.52591    -5.52424 0.000434103
         845    -5.52663    -5.52424 0.000433599
         846    -5.52702    -5.52424 0.000433099
         847    -5.52742    -5.52425 0.000432603
         848    -5.52781    -5.52425 0.000432114
         849     -5.5269    -5.52426 0.000431616
         850    -5.52696    -5.52426  0.00043112
         851    -5.52669    -5.52426 0.000430623
         852    -5.52642    -5.52426 0.000430125
         853    -5.52647    -5.52427 0.000429628
         854    -5.52716    -5.52427 0.000429139
         855    -5.52688    -5.52427 0.000428647
         856    -5.52627    -5.52428 0.000428153
         857    -5.52663    -5.52428 0.000427662
         858    -5.52699    -5.52428 0.000427176
         859    -5.52637    -5.52428 0.000426685
         860    -5.52639    -5.52429 0.000426196
         861    -5.52641    -5.52429 0.000425708
         862    -5.52642    -5.52429 0.000425221
         863    -5.52546    -5.52429 0.000424731
         864    -5.52547    -5.52429 0.000424241
         865    -5.52579     -5.5243 0.000423754
         866    -5.52611     -5.5243  0.00042327
         867    -5.52611     -5.5243 0.000422787
         868    -5.52545     -5.5243 0.000422302
         869    -5.52576     -5.5243  0.00042182
         870    -5.52575     -5.5243 0.000421338
         871    -5.52605    -5.52431 0.000420859
         872    -5.52603    -5.52431 0.000420381
         873    -5.52633    -5.52431 0.000419906
         874    -5.52695    -5.52431 0.000419436
         875    -5.52692    -5.52432 0.000418968
         876    -5.52624    -5.52432 0.000418495
         877    -5.52555    -5.52432  0.00041802
         878    -5.52519    -5.52432 0.000417545
         879    -5.52548    -5.52432 0.000417072
         880    -5.52608    -5.52432 0.000416603
         881    -5.52604    -5.52433 0.000416135
         882      -5.526    -5.52433 0.000415667
         883    -5.52627    -5.52433 0.000415203
         884    -5.52557    -5.52433 0.000414735
         885    -5.52617    -5.52433 0.000414272
         886    -5.52677    -5.52434 0.000413813
         887    -5.52639    -5.52434 0.000413353
         888    -5.52634    -5.52434 0.000412894
         889    -5.52629    -5.52434 0.000412435
         890    -5.52623    -5.52435 0.000411977
         891    -5.52553    -5.52435 0.000411517
         892    -5.52482    -5.52435 0.000411056
         893    -5.52477    -5.52435 0.000410596
         894    -5.52439    -5.52435 0.000410137
         895    -5.52433    -5.52435 0.000409679
         896     -5.5246    -5.52435 0.000409221
         897    -5.52454    -5.52435 0.000408765
         898    -5.52449    -5.52435  0.00040831
         899    -5.52443    -5.52435 0.000407856
         900    -5.52502    -5.52435 0.000407403
         901    -5.52594    -5.52435 0.000406955
         902    -5.52588    -5.52435 0.000406507
         903    -5.52582    -5.52435  0.00040606
         904    -5.52609    -5.52436 0.000405616
         905    -5.52571    -5.52436  0.00040517
         906    -5.52566    -5.52436 0.000404726
         907    -5.52495    -5.52436  0.00040428
         908     -5.5249    -5.52436 0.000403835
         909     -5.5242    -5.52436 0.000403391
         910    -5.52447    -5.52436 0.000402948
         911    -5.52442    -5.52436 0.000402505
         912    -5.52405    -5.52436 0.000402064
         913    -5.52303    -5.52436 0.000401627
         914     -5.5233    -5.52436 0.000401189
         915    -5.52293    -5.52436 0.000400753
         916    -5.52321    -5.52435 0.000400318
         917    -5.52317    -5.52435 0.000399883
         918    -5.52377    -5.52435 0.000399448
         919     -5.5234    -5.52435 0.000399015
         920    -5.52336    -5.52435 0.000398583
         921    -5.52397    -5.52435  0.00039815
         922    -5.52361    -5.52435 0.000397719
         923    -5.52357    -5.52435 0.000397289
         924    -5.52386    -5.52435 0.000396859
         925    -5.52285    -5.52435 0.000396434
         926    -5.52314    -5.52435 0.000396008
         927    -5.52344    -5.52434 0.000395582
         928    -5.52308    -5.52434 0.000395158
         929    -5.52305    -5.52434 0.000394735
         930    -5.52238    -5.52434 0.000394316
         931    -5.52203    -5.52434   0.0003939
         932    -5.52201    -5.52433 0.000393486
         933    -5.52231    -5.52433  0.00039307
         934    -5.52229    -5.52433 0.000392655
         935    -5.52227    -5.52433 0.000392241
         936    -5.52225    -5.52433 0.000391828
         937    -5.52289    -5.52432 0.000391413
         938    -5.52255    -5.52432 0.000391001
         939    -5.52254    -5.52432 0.000390589
         940    -5.52285    -5.52432 0.000390176
         941    -5.52284    -5.52432 0.000389765
         942    -5.52283    -5.52432 0.000389354
         943    -5.52282    -5.52431 0.000388945
         944    -5.52249    -5.52431 0.000388537
         945    -5.52281    -5.52431  0.00038813
         946    -5.52314    -5.52431 0.000387721
         947    -5.52313    -5.52431 0.000387314
         948    -5.52346    -5.52431 0.000386906
         949    -5.52281    -5.52431 0.000386502
         950    -5.52313     -5.5243 0.000386097
         951    -5.52281     -5.5243 0.000385694
         952    -5.52217     -5.5243 0.000385296
         953    -5.52282     -5.5243 0.000384894
         954    -5.52218     -5.5243 0.000384497
         955    -5.52186    -5.52429 0.000384103
         956    -5.52187    -5.52429  0.00038371
         957    -5.52122    -5.52429 0.000383322
         958    -5.52091    -5.52429 0.000382938
         959    -5.52059    -5.52428 0.000382558
         960    -5.52059    -5.52428 0.000382179
         961    -5.52092    -5.52427 0.000381797
         962    -5.52125    -5.52427 0.000381414
         963    -5.52093    -5.52427 0.000381033
         964    -5.52029    -5.52426  0.00038066
         965      -5.519    -5.52426 0.000380305
         966    -5.51901    -5.52425  0.00037995
         967    -5.51901    -5.52425 0.000379596
         968    -5.51902    -5.52424 0.000379242
         969    -5.51967    -5.52424  0.00037888
         970       -5.52    -5.52423 0.000378515
         971    -5.51935    -5.52423 0.000378158
         972       -5.52    -5.52422 0.000377794
         973    -5.51968    -5.52422 0.000377435
         974    -5.52033    -5.52421 0.000377068
         975    -5.52001    -5.52421 0.000376706
         976    -5.52001    -5.52421 0.000376345
         977    -5.52001     -5.5242 0.000375984
         978    -5.51969     -5.5242 0.000375628
         979    -5.51969    -5.52419 0.000375272
         980    -5.52067    -5.52419 0.000374906
         981    -5.52067    -5.52419 0.000374541
         982    -5.52067    -5.52418 0.000374177
         983    -5.52066    -5.52418 0.000373814
         984    -5.52034    -5.52417 0.000373454
         985    -5.51969    -5.52417 0.000373103
         986    -5.51969    -5.52416 0.000372752
         987    -5.52001    -5.52416 0.000372398
         988    -5.52001    -5.52416 0.000372045
         989    -5.52001    -5.52415 0.000371692
         990    -5.52001    -5.52415  0.00037134
         991    -5.51936    -5.52414 0.000370997
         992    -5.51872    -5.52414 0.000370663
         993    -5.51807    -5.52413  0.00037034
         994    -5.51807    -5.52413 0.000370018
         995    -5.51807    -5.52412 0.000369696
         996    -5.51807    -5.52411 0.000369375
         997     -5.5184    -5.52411 0.000369049
         998    -5.51808     -5.5241 0.000368728
         999    -5.51873     -5.5241 0.000368398
        1000    -5.51906    -5.52409 0.000368064
        1001    -5.51874    -5.52409 0.000367736
        1002    -5.51875    -5.52408 0.000367407
        1003    -5.51876    -5.52408 0.000367079
        1004    -5.51876    -5.52407 0.000366752
        1005    -5.51813    -5.52406 0.000366434
        1006    -5.51781    -5.52406 0.000366123
        1007    -5.51847    -5.52405 0.000365801
        1008    -5.51881    -5.52405 0.000365475
        1009    -5.51915    -5.52404 0.000365145
        1010    -5.51884    -5.52404  0.00036482
        1011    -5.51853    -5.52403   0.0003645
        1012    -5.51822    -5.52403 0.000364185
        1013    -5.51792    -5.52402 0.000363876
        1014    -5.51761    -5.52401 0.000363572
        1015    -5.51796    -5.52401 0.000363262
        1016    -5.51766      -5.524 0.000362959
        1017    -5.51736    -5.52399 0.000362661
        1018    -5.51771    -5.52399 0.000362357
        1019    -5.51838    -5.52398 0.000362043
        1020    -5.51841    -5.52398 0.000361729
        1021    -5.51844    -5.52397 0.000361416
        1022     -5.5188    -5.52397 0.000361097
        1023    -5.51883    -5.52396 0.000360779
        1024    -5.51887    -5.52396 0.000360461
        1025    -5.51825    -5.52395 0.000360153
        1026    -5.51894    -5.52395 0.000359835
        1027    -5.51865    -5.52394 0.000359521
        1028     -5.5187    -5.52394 0.000359208
        1029    -5.51874    -5.52393 0.000358894
        1030    -5.51878    -5.52393 0.000358581
        1031    -5.51914    -5.52392 0.000358263
        1032    -5.51983    -5.52392 0.000357938
        1033    -5.51988    -5.52391 0.000357613
        1034    -5.52024    -5.52391 0.000357284
        1035    -5.51996    -5.52391 0.000356959
        1036    -5.52033     -5.5239 0.000356632
        1037    -5.52102     -5.5239 0.000356299
        1038    -5.52171     -5.5239 0.000355961
        1039    -5.52176     -5.5239 0.000355625
        1040    -5.52212    -5.52389 0.000355287
        1041    -5.52216    -5.52389  0.00035495
        1042    -5.52188    -5.52389 0.000354614
        1043    -5.52224    -5.52389 0.000354278
        1044    -5.52196    -5.52389 0.000353943
        1045      -5.522    -5.52389 0.000353609
        1046    -5.52203    -5.52388 0.000353276
        1047    -5.52207    -5.52388 0.000352942
        1048    -5.52242    -5.52388 0.000352608
        1049    -5.52278    -5.52388 0.000352274
        1050    -5.52345    -5.52388 0.000351939
        1051    -5.52315    -5.52388 0.000351604
        1052    -5.52318    -5.52388 0.000351271
        1053    -5.52384    -5.52388 0.000350937
        1054    -5.52386    -5.52388 0.000350604
        1055    -5.52387    -5.52388 0.000350272
        1056    -5.52356    -5.52388  0.00034994
        1057    -5.52325    -5.52388  0.00034961
        1058    -5.52293    -5.52388  0.00034928
        1059    -5.52326    -5.52388 0.000348951
        1060    -5.52293    -5.52387 0.000348623
        1061    -5.52261    -5.52387 0.000348297
        1062    -5.52228    -5.52387 0.000347972
        1063    -5.52291    -5.52387 0.000347646
        1064    -5.52322    -5.52387 0.000347319
        1065    -5.52159    -5.52387    0.000347
        1066     -5.5219    -5.52387 0.000346679
        1067    -5.52188    -5.52386 0.000346359
        1068     -5.5225    -5.52386 0.000346037
        1069    -5.52279    -5.52386 0.000345715
        1070    -5.52276    -5.52386 0.000345394
        1071     -5.5224    -5.52386 0.000345074
        1072    -5.52204    -5.52386 0.000344756
        1073    -5.52297    -5.52386 0.000344436
        1074    -5.52358    -5.52386 0.000344115
        1075    -5.52386    -5.52386 0.000343795
        1076    -5.52349    -5.52386 0.000343476
        1077    -5.52311    -5.52386 0.000343158
        1078    -5.52274    -5.52386 0.000342841
        1079    -5.52268    -5.52385 0.000342525
        1080    -5.52198    -5.52385 0.000342212
        1081    -5.52192    -5.52385   0.0003419
        1082    -5.52089    -5.52385 0.000341595
        1083    -5.52115    -5.52385 0.000341289
        1084    -5.52077    -5.52384 0.000340986
        1085    -5.52103    -5.52384 0.000340681
        1086    -5.52096    -5.52384 0.000340378
        1087    -5.52122    -5.52383 0.000340073
        1088    -5.52115    -5.52383  0.00033977
        1089    -5.52076    -5.52383 0.000339469
        1090    -5.52101    -5.52383 0.000339168
        1091    -5.52126    -5.52382 0.000338865
        1092    -5.52152    -5.52382 0.000338561
        1093    -5.52048    -5.52382 0.000338265
        1094    -5.52073    -5.52382 0.000337968
        1095    -5.52001    -5.52381 0.000337677
        1096    -5.51929    -5.52381 0.000337394
        1097    -5.51922     -5.5238 0.000337113
        1098    -5.51947     -5.5238 0.000336829
        1099    -5.52102     -5.5238 0.000336532
        1100    -5.52193     -5.5238  0.00033623
        1101    -5.52153    -5.52379 0.000335931
        1102    -5.52082    -5.52379 0.000335637
        1103    -5.52107    -5.52379 0.000335342
        1104    -5.52101    -5.52379 0.000335047
        1105    -5.52095    -5.52378 0.000334754
        1106    -5.52121    -5.52378  0.00033446
        1107     -5.5205    -5.52378 0.000334171
        1108    -5.52012    -5.52378 0.000333885
        1109    -5.52006    -5.52377 0.000333601
        1110    -5.52065    -5.52377 0.000333312
        1111    -5.52027    -5.52377 0.000333027
        1112    -5.52022    -5.52376 0.000332743
        1113     -5.5205    -5.52376 0.000332457
        1114    -5.52078    -5.52376 0.000332169
        1115    -5.52073    -5.52375 0.000331883
        1116    -5.52134    -5.52375 0.000331592
        1117    -5.52033    -5.52375 0.000331309
        1118    -5.51965    -5.52375 0.000331033
        1119    -5.51962    -5.52374 0.000330758
        1120    -5.51992    -5.52374  0.00033048
        1121    -5.51957    -5.52374 0.000330207
        1122    -5.51923    -5.52373 0.000329937
        1123    -5.52018    -5.52373 0.000329658
        1124    -5.52017    -5.52372  0.00032938
        1125    -5.51983    -5.52372 0.000329105
        1126    -5.51983    -5.52372 0.000328831
        1127    -5.51983    -5.52371 0.000328558
        1128    -5.51983    -5.52371 0.000328284
        1129    -5.51919    -5.52371 0.000328018
        1130     -5.5192     -5.5237 0.000327752
        1131    -5.51953     -5.5237 0.000327483
        1132    -5.51923     -5.5237 0.000327217
        1133    -5.52023    -5.52369 0.000326943
        1134    -5.52026    -5.52369 0.000326669
        1135    -5.52029    -5.52369 0.000326395
        1136    -5.51935    -5.52368  0.00032613
        1137    -5.51971    -5.52368 0.000325862
        1138    -5.51976    -5.52368 0.000325593
        1139    -5.52045    -5.52367  0.00032532
        1140    -5.52083    -5.52367 0.000325044
        1141    -5.52089    -5.52367 0.000324768
        1142    -5.52127    -5.52367 0.000324491
        1143    -5.52166    -5.52366 0.000324212
        1144    -5.52205    -5.52366 0.000323931
        1145    -5.52212    -5.52366 0.000323651
        1146    -5.52187    -5.52366 0.000323372
        1147    -5.52195    -5.52366 0.000323094
        1148    -5.52235    -5.52366 0.000322815
        1149    -5.52276    -5.52366 0.000322535
        1150    -5.52349    -5.52366 0.000322254
        1151    -5.52358    -5.52366 0.000321974
        1152    -5.52368    -5.52366 0.000321695
        1153    -5.52313    -5.52366 0.000321416
        1154    -5.52322    -5.52366 0.000321138
        1155    -5.52365    -5.52366  0.00032086
        1156     -5.5231    -5.52365 0.000320582
        1157    -5.52288    -5.52365 0.000320306
        1158    -5.52299    -5.52365  0.00032003
        1159    -5.52309    -5.52365 0.000319754
        1160     -5.5232    -5.52365 0.000319479
        1161    -5.52331    -5.52365 0.000319204
        1162    -5.52309    -5.52365 0.000318929
        1163    -5.52288    -5.52365 0.000318656
        1164    -5.52266    -5.52365 0.000318383
        1165    -5.52277    -5.52365 0.000318111
        1166    -5.52288    -5.52365 0.000317839
        1167    -5.52299    -5.52365 0.000317567
        1168    -5.52342    -5.52365 0.000317295
        1169    -5.52321    -5.52365 0.000317024
        1170    -5.52234    -5.52365 0.000316755
        1171    -5.52245    -5.52365 0.000316486
        1172    -5.52255    -5.52364 0.000316217
        1173    -5.52297    -5.52364 0.000315948
        1174    -5.52308    -5.52364 0.000315679
        1175    -5.52447    -5.52364 0.000315412
        1176    -5.52457    -5.52364 0.000315144
        1177    -5.52498    -5.52365 0.000314879
        1178    -5.52475    -5.52365 0.000314613
        1179    -5.52516    -5.52365 0.000314349
        1180    -5.52557    -5.52365 0.000314086
        1181    -5.52598    -5.52365 0.000313827
        1182     -5.5267    -5.52365 0.000313572
        1183    -5.52645    -5.52366 0.000313316
        1184    -5.52717    -5.52366 0.000313065
        1185    -5.52692    -5.52366 0.000312813
        1186    -5.52698    -5.52367 0.000312562
        1187    -5.52736    -5.52367 0.000312314
        1188    -5.52677    -5.52367 0.000312062
        1189     -5.5265    -5.52367 0.000311808
        1190    -5.52622    -5.52368 0.000311554
        1191    -5.52594    -5.52368 0.000311298
        1192     -5.5263    -5.52368 0.000311045
        1193    -5.52666    -5.52368 0.000310794
        1194    -5.52669    -5.52368 0.000310544
        1195    -5.52704    -5.52369 0.000310297
        1196    -5.52674    -5.52369 0.000310048
        1197    -5.52643    -5.52369 0.000309797
        1198    -5.52547    -5.52369 0.000309542
        1199    -5.52678     -5.5237 0.000309295
        1200    -5.52678     -5.5237 0.000309048
        1201     -5.5271     -5.5237 0.000308803
        1202     -5.5271     -5.5237 0.000308559
        1203    -5.52741    -5.52371 0.000308318
        1204     -5.5274    -5.52371 0.000308077
        1205    -5.52738    -5.52371 0.000307837
        1206      -5.528    -5.52372 0.000307602
        1207    -5.52765    -5.52372 0.000307364
        1208    -5.52697    -5.52372 0.000307122
        1209    -5.52726    -5.52373 0.000306882
        1210     -5.5269    -5.52373 0.000306639
        1211    -5.52686    -5.52373 0.000306397
        1212    -5.52746    -5.52373  0.00030616
        1213    -5.52741    -5.52374 0.000305922
        1214    -5.52671    -5.52374  0.00030568
        1215    -5.52666    -5.52374 0.000305438
        1216    -5.52627    -5.52374 0.000305194
        1217    -5.52621    -5.52375  0.00030495
        1218    -5.52614    -5.52375 0.000304706
        1219    -5.52575    -5.52375  0.00030446
        1220    -5.52535    -5.52375 0.000304213
        1221     -5.5256    -5.52375 0.000303968
        1222    -5.52585    -5.52375 0.000303724
        1223    -5.52577    -5.52376  0.00030348
        1224    -5.52537    -5.52376 0.000303235
        1225    -5.52561    -5.52376 0.000302991
        1226    -5.52617    -5.52376 0.000302751
        1227    -5.52576    -5.52376 0.000302508
        1228    -5.52568    -5.52376 0.000302266
        1229    -5.52591    -5.52377 0.000302025
        1230    -5.52582    -5.52377 0.000301784
        1231    -5.52606    -5.52377 0.000301545
        1232    -5.52629    -5.52377 0.000301307
        1233     -5.5262    -5.52377 0.000301069
        1234    -5.52709    -5.52378 0.000300837
        1235    -5.52668    -5.52378 0.000300603
        1236    -5.52626    -5.52378 0.000300366
        1237    -5.52682    -5.52378 0.000300133
        1238    -5.52641    -5.52379 0.000299898
        1239    -5.52632    -5.52379 0.000299663
        1240    -5.52656    -5.52379  0.00029943
        1241     -5.5268    -5.52379 0.000299198
        1242    -5.52801     -5.5238 0.000298977
        1243    -5.52793     -5.5238 0.000298755
        1244    -5.52817     -5.5238 0.000298535
        1245    -5.52809    -5.52381 0.000298315
        1246    -5.52834    -5.52381 0.000298098
        1247    -5.52827    -5.52381  0.00029788
        1248     -5.5282    -5.52382 0.000297662
        1249    -5.52813    -5.52382 0.000297444
        1250    -5.52806    -5.52382 0.000297226
        1251    -5.52832    -5.52383  0.00029701
        1252    -5.52794    -5.52383 0.000296791
        1253    -5.52886    -5.52383 0.000296581
        1254    -5.52978    -5.52384 0.000296382
        1255     -5.5307    -5.52384 0.000296197
        1256     -5.5313    -5.52385  0.00029602
        1257    -5.53126    -5.52386 0.000295843
        1258     -5.5322    -5.52386 0.000295683
        1259    -5.53152    -5.52387  0.00029551
        1260    -5.53149    -5.52387 0.000295338
        1261    -5.53178    -5.52388  0.00029517
        1262    -5.53208    -5.52389 0.000295008
        1263    -5.53142    -5.52389 0.000294834
        1264    -5.53108     -5.5239 0.000294656
        1265    -5.53107     -5.5239 0.000294477
        1266    -5.53139    -5.52391 0.000294304
        1267    -5.53139    -5.52392 0.000294131
        1268    -5.53204    -5.52392 0.000293969
        1269    -5.53172    -5.52393 0.000293801
        1270    -5.53173    -5.52394 0.000293634
        1271     -5.5311    -5.52394 0.000293457
        1272    -5.53176    -5.52395 0.000293291
        1273    -5.53178    -5.52395 0.000293125
        1274    -5.53212    -5.52396 0.000292965
        1275    -5.53182    -5.52397   0.0002928
        1276    -5.53185    -5.52397 0.000292636
        1277    -5.53286    -5.52398  0.00029249
        1278    -5.53257    -5.52399 0.000292338
        1279    -5.53228    -5.52399 0.000292181
        1280    -5.53135      -5.524 0.000292009
        1281    -5.53172      -5.524 0.000291844
        1282    -5.53144    -5.52401 0.000291674
        1283    -5.53181    -5.52402  0.00029151
        1284    -5.53121    -5.52402 0.000291336
        1285    -5.53062    -5.52403 0.000291155
        1286    -5.53164    -5.52403 0.000290989
        1287    -5.53137    -5.52404 0.000290818
        1288    -5.53078    -5.52404  0.00029064
        1289    -5.53083    -5.52405 0.000290462
        1290    -5.53121    -5.52405  0.00029029
        1291    -5.53127    -5.52406 0.000290119
        1292    -5.53165    -5.52407 0.000289954
        1293    -5.53171    -5.52407  0.00028979
        1294    -5.53242    -5.52408 0.000289638
        1295    -5.53248    -5.52408 0.000289487
        1296    -5.53286    -5.52409 0.000289343
        1297    -5.53325     -5.5241 0.000289206
        1298     -5.5333    -5.52411  0.00028907
        1299    -5.53304    -5.52411 0.000288929
        1300    -5.53342    -5.52412 0.000288795
        1301    -5.53315    -5.52413 0.000288657
        1302    -5.53191    -5.52413 0.000288497
        1303    -5.53099    -5.52414 0.000288324
        1304    -5.53169    -5.52414 0.000288161
        1305    -5.53077    -5.52415 0.000287985
        1306    -5.53082    -5.52415 0.000287809
        1307    -5.53086    -5.52416 0.000287635
        1308     -5.5309    -5.52416 0.000287461
        1309    -5.53062    -5.52417 0.000287284
        1310    -5.53066    -5.52417 0.000287107
        1311    -5.53069    -5.52418 0.000286931
        1312    -5.53072    -5.52418 0.000286756
        1313    -5.53075    -5.52419 0.000286581
        1314    -5.53078    -5.52419 0.000286407
        1315     -5.5308     -5.5242 0.000286233
        1316    -5.53081     -5.5242  0.00028606
        1317    -5.53082    -5.52421 0.000285887
        1318    -5.53083    -5.52421 0.000285714
        1319    -5.53148    -5.52422 0.000285551
        1320    -5.53116    -5.52422 0.000285383
        1321    -5.53181    -5.52423 0.000285224
        1322     -5.5318    -5.52424 0.000285066
        1323    -5.53082    -5.52424 0.000284894
        1324    -5.53016    -5.52425 0.000284714
        1325    -5.53047    -5.52425 0.000284538
        1326    -5.53045    -5.52426 0.000284362
        1327    -5.53074    -5.52426 0.000284189
        1328    -5.53071    -5.52426 0.000284017
        1329    -5.53036    -5.52427  0.00028384
        1330    -5.53032    -5.52427 0.000283663
        1331     -5.5306    -5.52428  0.00028349
        1332    -5.53121    -5.52428 0.000283325
        1333    -5.53148    -5.52429 0.000283164
        1334    -5.53143    -5.52429 0.000283002
        1335    -5.53073     -5.5243 0.000282831
        1336    -5.53067     -5.5243  0.00028266
        1337    -5.52964    -5.52431 0.000282476
        1338    -5.52828    -5.52431 0.000282281
        1339    -5.52757    -5.52431 0.000282081
        1340    -5.52751    -5.52432  0.00028188
        1341    -5.52776    -5.52432 0.000281682
        1342    -5.52769    -5.52432 0.000281483
        1343    -5.52761    -5.52432 0.000281284
        1344    -5.52721    -5.52433 0.000281083
        1345    -5.52681    -5.52433  0.00028088
        1346    -5.52641    -5.52433 0.000280676
        1347    -5.52665    -5.52433 0.000280472
        1348    -5.52754    -5.52433 0.000280274
        1349    -5.52745    -5.52434 0.000280076
        1350    -5.52705    -5.52434 0.000279876
        1351    -5.52664    -5.52434 0.000279674
        1352    -5.52655    -5.52434 0.000279472
        1353    -5.52582    -5.52434 0.000279267
        1354    -5.52541    -5.52434 0.000279062
        1355    -5.52564    -5.52434 0.000278858
        1356    -5.52588    -5.52434 0.000278655
        1357    -5.52579    -5.52435 0.000278451
        1358    -5.52635    -5.52435  0.00027825
        1359    -5.52626    -5.52435 0.000278049
        1360    -5.52585    -5.52435 0.000277847
        1361    -5.52674    -5.52435 0.000277648
        1362    -5.52633    -5.52435 0.000277448
        1363    -5.52624    -5.52435 0.000277248
        1364    -5.52681    -5.52436 0.000277051
        1365    -5.52705    -5.52436 0.000276855
        1366    -5.52696    -5.52436 0.000276659
        1367    -5.52656    -5.52436 0.000276461
        1368    -5.52713    -5.52436 0.000276266
        1369    -5.52641    -5.52437 0.000276068
        1370    -5.52633    -5.52437 0.000275871
        1371    -5.52593    -5.52437 0.000275672
        1372    -5.52618    -5.52437 0.000275474
        1373    -5.52579    -5.52437 0.000275275
        1374    -5.52604    -5.52437 0.000275078
        1375    -5.52629    -5.52437 0.000274881
        1376    -5.52526    -5.52437 0.000274682
        1377    -5.52422    -5.52437 0.000274483
        1378    -5.52384    -5.52437 0.000274284
        1379    -5.52378    -5.52437 0.000274085
        1380    -5.52372    -5.52437 0.000273887
        1381    -5.52399    -5.52437 0.000273689
        1382    -5.52393    -5.52437 0.000273491
        1383     -5.5242    -5.52437 0.000273293
        1384    -5.52383    -5.52437 0.000273096
        1385     -5.5241    -5.52437 0.000272899
        1386    -5.52438    -5.52437 0.000272702
        1387    -5.52434    -5.52437 0.000272505
        1388    -5.52494    -5.52437 0.000272309
        1389     -5.5249    -5.52437 0.000272114
        1390    -5.52422    -5.52437 0.000271918
        1391    -5.52419    -5.52437 0.000271722
        1392    -5.52513    -5.52437 0.000271528
        1393    -5.52542    -5.52437 0.000271334
        1394     -5.5241    -5.52437 0.000271139
        1395    -5.52375    -5.52437 0.000270945
        1396     -5.5234    -5.52437 0.000270752
        1397    -5.52338    -5.52437 0.000270559
        1398    -5.52336    -5.52437 0.000270367
        1399     -5.5227    -5.52437 0.000270176
        1400    -5.52269    -5.52437 0.000269986
        1401      -5.523    -5.52437 0.000269795
        1402    -5.52234    -5.52437 0.000269606
        1403    -5.52266    -5.52436 0.000269417
        1404    -5.52265    -5.52436 0.000269228
        1405    -5.52265    -5.52436 0.000269039
        1406    -5.52135    -5.52436 0.000268856
        1407    -5.52071    -5.52436 0.000268677
        1408    -5.52071    -5.52435 0.000268499
        1409    -5.52104    -5.52435 0.000268319
        1410    -5.52202    -5.52435 0.000268134
        1411     -5.5217    -5.52435  0.00026795
        1412    -5.52171    -5.52435 0.000267767
        1413     -5.5214    -5.52434 0.000267586
        1414    -5.52109    -5.52434 0.000267406
        1415    -5.52111    -5.52434 0.000267227
        1416    -5.52113    -5.52434 0.000267048
        1417    -5.52083    -5.52433 0.000266871
        1418    -5.52085    -5.52433 0.000266694
        1419    -5.52055    -5.52433 0.000266519
        1420    -5.52026    -5.52433 0.000266347
        1421    -5.52029    -5.52432 0.000266175
        1422    -5.52032    -5.52432 0.000266003
        1423    -5.51938    -5.52432 0.000265838
        1424    -5.51942    -5.52431 0.000265674
        1425    -5.51946    -5.52431 0.000265509
        1426     -5.5195    -5.52431 0.000265345
        1427    -5.51921     -5.5243 0.000265183
        1428    -5.51926     -5.5243  0.00026502
        1429     -5.5193     -5.5243 0.000264858
        1430    -5.51935    -5.52429 0.000264695
        1431    -5.51843    -5.52429 0.000264542
        1432    -5.51816    -5.52429 0.000264392
        1433    -5.51789    -5.52428 0.000264245
        1434    -5.51795    -5.52428 0.000264098
        1435    -5.51801    -5.52427  0.00026395
        1436    -5.51839    -5.52427 0.000263798
        1437     -5.5191    -5.52426 0.000263639
        1438    -5.51884    -5.52426 0.000263482
        1439    -5.51923    -5.52426 0.000263323
        1440    -5.51962    -5.52425 0.000263159
        1441    -5.51969    -5.52425 0.000262996
        1442    -5.51944    -5.52425 0.000262835
        1443    -5.51952    -5.52424 0.000262673
        1444    -5.51959    -5.52424 0.000262511
        1445    -5.51999    -5.52424 0.000262345
        1446    -5.52007    -5.52423  0.00026218
        1447    -5.52048    -5.52423 0.000262011
        1448    -5.52024    -5.52423 0.000261845
        1449    -5.52064    -5.52423 0.000261676
        1450     -5.5204    -5.52422 0.000261509
        1451    -5.52114    -5.52422 0.000261337
        1452    -5.52155    -5.52422 0.000261164
        1453    -5.52132    -5.52422 0.000260992
        1454    -5.52141    -5.52422 0.000260819
        1455    -5.52117    -5.52421 0.000260649
        1456    -5.52126    -5.52421 0.000260477
        1457    -5.52233    -5.52421 0.000260302
        1458     -5.5221    -5.52421 0.000260127
        1459    -5.52154    -5.52421 0.000259955
        1460    -5.52196    -5.52421 0.000259782
        1461    -5.52238    -5.52421 0.000259607
        1462    -5.52279     -5.5242 0.000259431
        1463    -5.52256     -5.5242 0.000259256
        1464    -5.52298     -5.5242 0.000259081
        1465    -5.52275     -5.5242 0.000258906
        1466    -5.52284     -5.5242 0.000258731
        1467    -5.52261     -5.5242 0.000258557
        1468    -5.52238     -5.5242 0.000258384
        1469    -5.52215     -5.5242 0.000258211
        1470    -5.52223     -5.5242 0.000258039
        1471    -5.52232    -5.52419 0.000257867
        1472    -5.52241    -5.52419 0.000257695
        1473    -5.52249    -5.52419 0.000257522
        1474     -5.5229    -5.52419 0.000257349
        1475    -5.52396    -5.52419 0.000257175
        1476    -5.52436    -5.52419    0.000257
        1477    -5.52444    -5.52419 0.000256826
        1478     -5.5242    -5.52419 0.000256653
        1479    -5.52427    -5.52419 0.000256479
        1480    -5.52435    -5.52419 0.000256306
        1481    -5.52442    -5.52419 0.000256133
        1482    -5.52417    -5.52419  0.00025596
        1483    -5.52488    -5.52419 0.000255788
        1484    -5.52527    -5.52419 0.000255617
        1485    -5.52533    -5.52419 0.000255446
        1486    -5.52507    -5.52419 0.000255274
        1487    -5.52513    -5.52419 0.000255103
        1488    -5.52551     -5.5242 0.000254934
        1489    -5.52557     -5.5242 0.000254764
        1490    -5.52529     -5.5242 0.000254594
        1491    -5.52599     -5.5242 0.000254426
        1492    -5.52636     -5.5242  0.00025426
        1493    -5.52641     -5.5242 0.000254094
        1494    -5.52645     -5.5242 0.000253928
        1495     -5.5265     -5.5242 0.000253763
        1496    -5.52653    -5.52421 0.000253598
        1497    -5.52657    -5.52421 0.000253434
        1498    -5.52628    -5.52421 0.000253268
        1499    -5.52599    -5.52421 0.000253102
        1500    -5.52635    -5.52421 0.000252937
        1501    -5.52638    -5.52421 0.000252773
        1502    -5.52641    -5.52421 0.000252609
        1503    -5.52643    -5.52422 0.000252445
        1504    -5.52646    -5.52422 0.000252282
        1505     -5.5268    -5.52422  0.00025212
        1506     -5.5265    -5.52422 0.000251957
        1507    -5.52684    -5.52422 0.000251796
        1508    -5.52654    -5.52422 0.000251634
        1509    -5.52688    -5.52423 0.000251473
        1510    -5.52625    -5.52423  0.00025131
        1511    -5.52659    -5.52423 0.000251149
        1512     -5.5266    -5.52423 0.000250987
        1513    -5.52661    -5.52423 0.000250826
        1514    -5.52694    -5.52423 0.000250667
        1515    -5.52663    -5.52423 0.000250507
        1516    -5.52728    -5.52424 0.000250349
        1517    -5.52761    -5.52424 0.000250194
        1518    -5.52697    -5.52424 0.000250036
        1519     -5.5273    -5.52424  0.00024988
        1520     -5.5273    -5.52424 0.000249723
        1521     -5.5273    -5.52425 0.000249567
        1522    -5.52698    -5.52425  0.00024941
        1523    -5.52665    -5.52425 0.000249251
        1524    -5.52665    -5.52425 0.000249092
        1525    -5.52632    -5.52425 0.000248933
        1526    -5.52534    -5.52425 0.000248771
        1527    -5.52469    -5.52425 0.000248608
        1528    -5.52435    -5.52425 0.000248445
        1529    -5.52434    -5.52425 0.000248283
        1530    -5.52368    -5.52425 0.000248121
        1531    -5.52496    -5.52425 0.000247959
        1532    -5.52527    -5.52425 0.000247798
        1533    -5.52492    -5.52426 0.000247637
        1534     -5.5249    -5.52426 0.000247476
        1535    -5.52456    -5.52426 0.000247315
        1536    -5.52421    -5.52426 0.000247154
        1537    -5.52354    -5.52426 0.000246993
        1538    -5.52351    -5.52425 0.000246833
        1539    -5.52347    -5.52425 0.000246673
        1540    -5.52376    -5.52425 0.000246513
        1541    -5.52373    -5.52425 0.000246354
        1542    -5.52336    -5.52425 0.000246194
        1543    -5.52365    -5.52425 0.000246035
        1544    -5.52328    -5.52425 0.000245877
        1545    -5.52324    -5.52425 0.000245718
        1546    -5.52287    -5.52425 0.000245561
        1547    -5.52282    -5.52425 0.000245404
        1548    -5.52244    -5.52425 0.000245248
        1549    -5.52174    -5.52425 0.000245095
        1550    -5.52169    -5.52425 0.000244943
        1551    -5.52067    -5.52424 0.000244796
        1552    -5.52093    -5.52424 0.000244647
        1553    -5.52119    -5.52424 0.000244498
        1554    -5.52081    -5.52424  0.00024435
        1555    -5.52075    -5.52423 0.000244203
        1556    -5.52101    -5.52423 0.000244055
        1557    -5.52191    -5.52423 0.000243903
        1558    -5.52249    -5.52423 0.000243749
        1559     -5.5234    -5.52423 0.000243593
        1560    -5.52333    -5.52423 0.000243438
        1561    -5.52326    -5.52423 0.000243283
        1562    -5.52318    -5.52423 0.000243128
        1563    -5.52279    -5.52423 0.000242974
        1564    -5.52239    -5.52423 0.000242822
        1565    -5.52199    -5.52422 0.000242671
        1566    -5.52191    -5.52422  0.00024252
        1567    -5.52151    -5.52422 0.000242372
        1568    -5.52176    -5.52422 0.000242222
        1569    -5.52136    -5.52422 0.000242074
        1570    -5.52096    -5.52422 0.000241929
        1571    -5.52088    -5.52421 0.000241785
        1572    -5.52112    -5.52421 0.000241639
        1573    -5.52104    -5.52421 0.000241494
        1574    -5.52096    -5.52421 0.000241349
        1575    -5.51991     -5.5242 0.000241211
        1576    -5.52081     -5.5242 0.000241068
        1577    -5.52073     -5.5242 0.000240925
        1578    -5.52066     -5.5242 0.000240783
        1579     -5.5209     -5.5242 0.000240639
        1580    -5.52115    -5.52419 0.000240495
        1581    -5.52107    -5.52419 0.000240351
        1582    -5.52068    -5.52419 0.000240209
        1583     -5.5219    -5.52419 0.000240062
        1584    -5.52215    -5.52419 0.000239913
        1585     -5.5224    -5.52419 0.000239765
        1586    -5.52265    -5.52418 0.000239615
        1587    -5.52323    -5.52418 0.000239465
        1588    -5.52414    -5.52418 0.000239314
        1589    -5.52472    -5.52418 0.000239164
        1590    -5.52465    -5.52418 0.000239014
        1591    -5.52459    -5.52418 0.000238864
        1592    -5.52453    -5.52419 0.000238714
        1593    -5.52511    -5.52419 0.000238565
        1594    -5.52506    -5.52419 0.000238416
        1595    -5.52435    -5.52419 0.000238266
        1596    -5.52495    -5.52419 0.000238117
        1597    -5.52522    -5.52419 0.000237969
        1598    -5.52517    -5.52419 0.000237821
        1599    -5.52577    -5.52419 0.000237674
        1600    -5.52573    -5.52419 0.000237528
        1601    -5.52568    -5.52419 0.000237381
        1602    -5.52596    -5.52419 0.000237236
        1603    -5.52625    -5.52419 0.000237091
        1604    -5.52556    -5.52419 0.000236945
        1605    -5.52553     -5.5242 0.000236799
        1606     -5.5255     -5.5242 0.000236653
        1607    -5.52514     -5.5242 0.000236506
        1608    -5.52577     -5.5242 0.000236361
        1609    -5.52509     -5.5242 0.000236215
        1610    -5.52507     -5.5242 0.000236069
        1611    -5.52505     -5.5242 0.000235923
        1612    -5.52504     -5.5242 0.000235777
        1613    -5.52438     -5.5242 0.000235631
        1614    -5.52372     -5.5242 0.000235485
        1615    -5.52371     -5.5242 0.000235339
        1616    -5.52468     -5.5242 0.000235194
        1617    -5.52467     -5.5242 0.000235049
        1618    -5.52597     -5.5242 0.000234906
        1619    -5.52662     -5.5242 0.000234766
        1620    -5.52533     -5.5242 0.000234622
        1621    -5.52566     -5.5242 0.000234479
        1622    -5.52567     -5.5242 0.000234336
        1623    -5.52536    -5.52421 0.000234193
        1624    -5.52473    -5.52421 0.000234049
        1625    -5.52474    -5.52421 0.000233905
        1626    -5.52411    -5.52421 0.000233761
        1627    -5.52414    -5.52421 0.000233617
        1628    -5.52384    -5.52421 0.000233474
        1629    -5.52419    -5.52421 0.000233331
        1630    -5.52421    -5.52421 0.000233187
        1631    -5.52521    -5.52421 0.000233045
        1632    -5.52492    -5.52421 0.000232903
        1633    -5.52496    -5.52421 0.000232761
        1634    -5.52467    -5.52421 0.000232618
        1635    -5.52568    -5.52421 0.000232478
        1636    -5.52604    -5.52421 0.000232339
        1637    -5.52608    -5.52421 0.000232199
        1638    -5.52613    -5.52421 0.000232061
        1639    -5.52617    -5.52421 0.000231922
        1640    -5.52654    -5.52421 0.000231785
        1641    -5.52627    -5.52422 0.000231647
        1642    -5.52632    -5.52422  0.00023151
        1643    -5.52605    -5.52422 0.000231371
        1644    -5.52578    -5.52422 0.000231233
        1645    -5.52551    -5.52422 0.000231093
        1646    -5.52589    -5.52422 0.000230955
        1647    -5.52563    -5.52422 0.000230817
        1648    -5.52536    -5.52422 0.000230678
        1649    -5.52575    -5.52422  0.00023054
        1650    -5.52484    -5.52422   0.0002304
        1651     -5.5249    -5.52422 0.000230261
        1652    -5.52465    -5.52422 0.000230122
        1653    -5.52504    -5.52422 0.000229983
        1654    -5.52575    -5.52423 0.000229846
        1655    -5.52614    -5.52423  0.00022971
        1656    -5.52589    -5.52423 0.000229573
        1657    -5.52563    -5.52423 0.000229436
        1658    -5.52538    -5.52423 0.000229299
        1659    -5.52545    -5.52423 0.000229162
        1660     -5.5252    -5.52423 0.000229025
        1661    -5.52592    -5.52423 0.000228889
        1662    -5.52631    -5.52423 0.000228755
        1663    -5.52606    -5.52423  0.00022862
        1664    -5.52613    -5.52424 0.000228485
        1665    -5.52653    -5.52424 0.000228352
        1666     -5.5266    -5.52424  0.00022822
        1667    -5.52764    -5.52424 0.000228092
        1668    -5.52771    -5.52424 0.000227964
        1669    -5.52778    -5.52424 0.000227838
        1670    -5.52817    -5.52425 0.000227713
        1671    -5.52856    -5.52425 0.000227592
        1672    -5.52862    -5.52425 0.000227471
        1673    -5.52836    -5.52425 0.000227348
        1674    -5.52875    -5.52426 0.000227228
        1675    -5.52978    -5.52426 0.000227116
        1676    -5.52951    -5.52426 0.000227002
        1677    -5.52925    -5.52427 0.000226886
        1678    -5.52963    -5.52427 0.000226774
        1679    -5.52968    -5.52427 0.000226661
        1680    -5.52973    -5.52428  0.00022655
        1681     -5.5301    -5.52428 0.000226441
        1682    -5.53014    -5.52428 0.000226334
        1683    -5.53018    -5.52429 0.000226226
        1684    -5.53022    -5.52429 0.000226119
        1685    -5.53026    -5.52429 0.000226013
        1686    -5.53029     -5.5243 0.000225907
        1687       -5.53     -5.5243 0.000225798
        1688     -5.5297     -5.5243 0.000225687
        1689    -5.53004    -5.52431 0.000225579
        1690    -5.53006    -5.52431 0.000225471
        1691    -5.53073    -5.52431  0.00022537
        1692    -5.53042    -5.52432 0.000225266
        1693    -5.53043    -5.52432 0.000225162
        1694    -5.53044    -5.52433 0.000225058
        1695    -5.53045    -5.52433 0.000224954
        1696     -5.5298    -5.52433 0.000224844
        1697     -5.5298    -5.52434 0.000224735
        1698     -5.5298    -5.52434 0.000224626
        1699    -5.52979    -5.52434 0.000224516
        1700    -5.52978    -5.52434 0.000224407
        1701    -5.53009    -5.52435   0.0002243
        1702    -5.52975    -5.52435 0.000224191
        1703     -5.5294    -5.52435 0.000224079
        1704    -5.52906    -5.52436 0.000223965
        1705    -5.52904    -5.52436  0.00022385
        1706    -5.52934    -5.52436 0.000223738
        1707    -5.52931    -5.52437 0.000223625
        1708    -5.52928    -5.52437 0.000223513
        1709    -5.52925    -5.52437   0.0002234
        1710    -5.52889    -5.52437 0.000223285
        1711    -5.52788    -5.52438 0.000223164
        1712     -5.5272    -5.52438  0.00022304
        1713    -5.52748    -5.52438 0.000222917
        1714    -5.52744    -5.52438 0.000222794
        1715     -5.5274    -5.52438 0.000222671
        1716    -5.52736    -5.52438 0.000222548
        1717    -5.52667    -5.52439 0.000222423
        1718    -5.52663    -5.52439 0.000222297
        1719    -5.52658    -5.52439 0.000222172
        1720    -5.52686    -5.52439 0.000222047
        1721    -5.52747    -5.52439 0.000221925
        1722    -5.52742    -5.52439 0.000221803
        1723    -5.52673     -5.5244 0.000221679
        1724    -5.52668     -5.5244 0.000221554
        1725    -5.52664     -5.5244 0.000221429
        1726    -5.52563     -5.5244 0.000221302
        1727    -5.52494     -5.5244 0.000221174
        1728    -5.52489     -5.5244 0.000221047
        1729     -5.5255     -5.5244  0.00022092
        1730    -5.52546     -5.5244 0.000220793
        1731    -5.52542     -5.5244 0.000220666
        1732    -5.52538     -5.5244 0.000220539
        1733    -5.52566     -5.5244 0.000220413
        1734    -5.52595     -5.5244 0.000220288
        1735    -5.52559     -5.5244 0.000220162
        1736    -5.52459     -5.5244 0.000220035
        1737    -5.52423     -5.5244 0.000219909
        1738    -5.52355     -5.5244 0.000219783
        1739    -5.52352     -5.5244 0.000219657
        1740     -5.5235     -5.5244 0.000219531
        1741    -5.52282     -5.5244 0.000219407
        1742    -5.52344     -5.5244 0.000219282
        1743    -5.52342     -5.5244 0.000219157
        1744    -5.52372     -5.5244 0.000219031
        1745     -5.5237     -5.5244 0.000218906
        1746    -5.52433     -5.5244 0.000218781
        1747    -5.52399     -5.5244 0.000218656
        1748    -5.52398     -5.5244 0.000218531
        1749    -5.52364     -5.5244 0.000218406
        1750     -5.5233     -5.5244 0.000218282
        1751    -5.52329     -5.5244 0.000218159
        1752    -5.52296     -5.5244 0.000218036
        1753    -5.52295     -5.5244 0.000217913
        1754    -5.52326     -5.5244  0.00021779
        1755    -5.52261    -5.52439 0.000217668
        1756    -5.52228    -5.52439 0.000217547
        1757    -5.52228    -5.52439 0.000217427
        1758    -5.52195    -5.52439 0.000217307
        1759    -5.52162    -5.52439  0.00021719
        1760    -5.52194    -5.52439 0.000217071
        1761    -5.52097    -5.52439 0.000216956
        1762    -5.52097    -5.52438 0.000216842
        1763    -5.52194    -5.52438 0.000216723
        1764    -5.52227    -5.52438 0.000216604
        1765    -5.52227    -5.52438 0.000216484
        1766    -5.52259    -5.52438 0.000216364
        1767     -5.5226    -5.52438 0.000216244
        1768     -5.5226    -5.52438 0.000216124
        1769    -5.52293    -5.52438 0.000216003
        1770    -5.52293    -5.52437 0.000215883
        1771    -5.52326    -5.52437 0.000215762
        1772    -5.52326    -5.52437 0.000215641
        1773    -5.52359    -5.52437  0.00021552
        1774    -5.52391    -5.52437 0.000215398
        1775    -5.52424    -5.52437 0.000215277
        1776    -5.52424    -5.52437 0.000215156
        1777    -5.52457    -5.52437 0.000215035
        1778    -5.52489    -5.52437 0.000214914
        1779    -5.52554    -5.52437 0.000214794
        1780    -5.52555    -5.52437 0.000214675
        1781    -5.52555    -5.52438 0.000214555
        1782    -5.52522    -5.52438 0.000214435
        1783     -5.5249    -5.52438 0.000214315
        1784    -5.52457    -5.52438 0.000214195
        1785    -5.52425    -5.52438 0.000214075
        1786    -5.52457    -5.52438 0.000213955
        1787    -5.52489    -5.52438 0.000213836
        1788    -5.52554    -5.52438 0.000213717
        1789    -5.52586    -5.52438 0.000213599
        1790    -5.52585    -5.52438 0.000213481
        1791    -5.52552    -5.52438 0.000213363
        1792    -5.52584    -5.52438 0.000213246
        1793    -5.52584    -5.52438 0.000213128
        1794    -5.52615    -5.52438 0.000213012
        1795    -5.52712    -5.52438 0.000212899
        1796    -5.52679    -5.52438 0.000212784
        1797    -5.52678    -5.52439  0.00021267
        1798     -5.5271    -5.52439 0.000212557
        1799    -5.52644    -5.52439 0.000212442
        1800    -5.52643    -5.52439 0.000212327
        1801    -5.52707    -5.52439 0.000212214
        1802    -5.52674    -5.52439 0.000212101
        1803    -5.52576    -5.52439 0.000211984
        1804    -5.52639    -5.52439  0.00021187
        1805    -5.52606     -5.5244 0.000211754
        1806    -5.52604     -5.5244 0.000211639
        1807      -5.527     -5.5244 0.000211527
        1808    -5.52699     -5.5244 0.000211415
        1809    -5.52697     -5.5244 0.000211303
        1810    -5.52696     -5.5244 0.000211191
        1811     -5.5263     -5.5244 0.000211076
        1812    -5.52693     -5.5244 0.000210965
        1813    -5.52659    -5.52441 0.000210852
        1814    -5.52657    -5.52441 0.000210739
        1815    -5.52688    -5.52441 0.000210627
        1816    -5.52686    -5.52441 0.000210515
        1817    -5.52717    -5.52441 0.000210405
        1818    -5.52715    -5.52441 0.000210295
        1819    -5.52649    -5.52441 0.000210182
        1820     -5.5255    -5.52441 0.000210068
        1821    -5.52645    -5.52442 0.000209955
        1822    -5.52675    -5.52442 0.000209844
        1823    -5.52673    -5.52442 0.000209733
        1824    -5.52671    -5.52442 0.000209621
        1825    -5.52669    -5.52442  0.00020951
        1826    -5.52667    -5.52442 0.000209399
        1827    -5.52665    -5.52442 0.000209288
        1828     -5.5263    -5.52442 0.000209176
        1829    -5.52596    -5.52442 0.000209063
        1830    -5.52756    -5.52443 0.000208956
        1831    -5.52689    -5.52443 0.000208846
        1832    -5.52654    -5.52443 0.000208736
        1833    -5.52652    -5.52443 0.000208625
        1834    -5.52617    -5.52443 0.000208513
        1835    -5.52647    -5.52443 0.000208403
        1836    -5.52677    -5.52443 0.000208293
        1837    -5.52675    -5.52443 0.000208183
        1838     -5.5264    -5.52444 0.000208073
        1839    -5.52606    -5.52444 0.000207962
        1840    -5.52636    -5.52444 0.000207851
        1841    -5.52601    -5.52444  0.00020774
        1842    -5.52599    -5.52444 0.000207629
        1843    -5.52629    -5.52444 0.000207519
        1844    -5.52626    -5.52444 0.000207409
        1845    -5.52592    -5.52444 0.000207298
        1846    -5.52622    -5.52444 0.000207188
        1847    -5.52587    -5.52444 0.000207077
        1848     -5.5252    -5.52444 0.000206965
        1849    -5.52518    -5.52444 0.000206854
        1850     -5.5245    -5.52444 0.000206742
        1851    -5.52351    -5.52444 0.000206631
        1852    -5.52316    -5.52444  0.00020652
        1853    -5.52281    -5.52444 0.000206411
        1854    -5.52279    -5.52444 0.000206301
        1855    -5.52277    -5.52444 0.000206192
        1856    -5.52274    -5.52444 0.000206083
        1857    -5.52272    -5.52444 0.000205974
        1858    -5.52302    -5.52444 0.000205865
        1859    -5.52236    -5.52444 0.000205757
        1860    -5.52201    -5.52444 0.000205651
        1861    -5.52167    -5.52443 0.000205545
        1862    -5.52164    -5.52443 0.000205441
        1863     -5.5213    -5.52443 0.000205337
        1864    -5.52128    -5.52443 0.000205234
        1865    -5.52062    -5.52443 0.000205134
        1866     -5.5206    -5.52443 0.000205034
        1867    -5.52058    -5.52442 0.000204935
        1868    -5.52024    -5.52442 0.000204837
        1869    -5.52023    -5.52442  0.00020474
        1870    -5.51957    -5.52442 0.000204647
        1871    -5.51923    -5.52441 0.000204556
        1872    -5.51922    -5.52441 0.000204466
        1873    -5.51921    -5.52441 0.000204376
        1874     -5.5192    -5.52441 0.000204286
        1875    -5.51919     -5.5244 0.000204196
        1876    -5.51886     -5.5244 0.000204108
        1877    -5.51951     -5.5244 0.000204016
        1878    -5.51918    -5.52439 0.000203926
        1879     -5.5195    -5.52439 0.000203834
        1880     -5.5195    -5.52439 0.000203742
        1881     -5.5195    -5.52439 0.000203651
        1882    -5.51919    -5.52438 0.000203561
        1883    -5.51919    -5.52438 0.000203472
        1884    -5.51952    -5.52438  0.00020338
        1885    -5.51921    -5.52438 0.000203291
        1886    -5.51922    -5.52437 0.000203201
        1887    -5.51956    -5.52437  0.00020311
        1888    -5.51957    -5.52437 0.000203018
        1889    -5.51959    -5.52437 0.000202926
        1890    -5.52026    -5.52436  0.00020283
        1891    -5.52061    -5.52436 0.000202733
        1892    -5.52063    -5.52436 0.000202635
        1893    -5.52163    -5.52436 0.000202533
        1894    -5.52198    -5.52436  0.00020243
        1895    -5.52169    -5.52436 0.000202328
        1896    -5.52205    -5.52435 0.000202225
        1897    -5.52274    -5.52435 0.000202121
        1898    -5.52278    -5.52435 0.000202016
        1899    -5.52217    -5.52435 0.000201913
        1900    -5.52286    -5.52435 0.000201808
        1901    -5.52323    -5.52435 0.000201703
        1902    -5.52393    -5.52435 0.000201597
        1903    -5.52398    -5.52435 0.000201491
        1904    -5.52435    -5.52435 0.000201385
        1905    -5.52473    -5.52435 0.000201279
        1906    -5.52511    -5.52435 0.000201174
        1907    -5.52517    -5.52435 0.000201069
        1908    -5.52491    -5.52435 0.000200964
        1909    -5.52464    -5.52435 0.000200859
        1910    -5.52471    -5.52435 0.000200754
        1911    -5.52412    -5.52435 0.000200649
        1912    -5.52484    -5.52435 0.000200544
        1913    -5.52426    -5.52435 0.000200439
        1914    -5.52433    -5.52435 0.000200334
        1915    -5.52439    -5.52435  0.00020023
        1916    -5.52511    -5.52435 0.000200126
        1917    -5.52454    -5.52435 0.000200021
        1918    -5.52461    -5.52435 0.000199917
        1919    -5.52435    -5.52435 0.000199813
        1920    -5.52442    -5.52435 0.000199709
        1921    -5.52417    -5.52435 0.000199605
        1922    -5.52392    -5.52435 0.000199501
        1923    -5.52399    -5.52435 0.000199397
        1924    -5.52277    -5.52435 0.000199295
        1925    -5.52316    -5.52435 0.000199193
        1926    -5.52323    -5.52435  0.00019909
        1927     -5.5233    -5.52435 0.000198988
        1928    -5.52337    -5.52435 0.000198885
        1929    -5.52408    -5.52435 0.000198782
        1930    -5.52415    -5.52435 0.000198679
        1931    -5.52453    -5.52435 0.000198576
        1932    -5.52427    -5.52435 0.000198474
        1933    -5.52434    -5.52435 0.000198371
        1934     -5.5244    -5.52435 0.000198268
        1935     -5.5238    -5.52435 0.000198166
        1936    -5.52386    -5.52435 0.000198064
        1937    -5.52359    -5.52435 0.000197962
        1938    -5.52364    -5.52435  0.00019786
        1939    -5.52401    -5.52435 0.000197758
        1940    -5.52437    -5.52435 0.000197656
        1941    -5.52442    -5.52435 0.000197554
        1942    -5.52446    -5.52435 0.000197453
        1943    -5.52449    -5.52435 0.000197351
        1944    -5.52452    -5.52435  0.00019725
        1945    -5.52455    -5.52435 0.000197148
        1946    -5.52491    -5.52435 0.000197047
        1947    -5.52493    -5.52435 0.000196946
        1948    -5.52463    -5.52435 0.000196845
        1949    -5.52497    -5.52435 0.000196744
        1950    -5.52498    -5.52435 0.000196644
        1951    -5.52531    -5.52435 0.000196544
        1952    -5.52532    -5.52435 0.000196443
        1953    -5.52565    -5.52435 0.000196344
        1954    -5.52565    -5.52435 0.000196245
        1955    -5.52564    -5.52435 0.000196145
        1956    -5.52531    -5.52435 0.000196046
        1957    -5.52498    -5.52435 0.000195946
        1958    -5.52529    -5.52435 0.000195846
        1959     -5.5256    -5.52435 0.000195747
        1960    -5.52493    -5.52435 0.000195648
        1961    -5.52491    -5.52435 0.000195548
        1962    -5.52488    -5.52435 0.000195449
        1963    -5.52388    -5.52435 0.000195349
        1964    -5.52384    -5.52435  0.00019525
        1965    -5.52446    -5.52435 0.000195151
        1966    -5.52474    -5.52435 0.000195051
        1967     -5.5247    -5.52435 0.000194952
        1968    -5.52563    -5.52435 0.000194854
        1969    -5.52526    -5.52435 0.000194756
        1970    -5.52489    -5.52436 0.000194657
        1971    -5.52484    -5.52436 0.000194559
        1972    -5.52479    -5.52436  0.00019446
        1973    -5.52442    -5.52436 0.000194362
        1974    -5.52436    -5.52436 0.000194263
        1975    -5.52463    -5.52436 0.000194165
        1976    -5.52458    -5.52436 0.000194067
        1977     -5.5242    -5.52436 0.000193968
        1978    -5.52382    -5.52436 0.000193871
        1979    -5.52376    -5.52436 0.000193773
        1980    -5.52241    -5.52435 0.000193677
        1981      -5.523    -5.52435 0.000193581
        1982    -5.52262    -5.52435 0.000193485
        1983    -5.52289    -5.52435 0.000193389
        1984    -5.52251    -5.52435 0.000193294
        1985    -5.52213    -5.52435   0.0001932
        1986    -5.52208    -5.52435 0.000193106
        1987    -5.52203    -5.52435 0.000193012
        1988    -5.52263    -5.52435 0.000192917
        1989    -5.52226    -5.52435 0.000192823
        1990    -5.52222    -5.52434 0.000192729
        1991    -5.52218    -5.52434 0.000192635
        1992    -5.52214    -5.52434 0.000192542
        1993    -5.52211    -5.52434 0.000192448
        1994    -5.52273    -5.52434 0.000192353
        1995    -5.52237    -5.52434  0.00019226
        1996    -5.52267    -5.52434 0.000192165
        1997    -5.52298    -5.52434  0.00019207
        1998    -5.52263    -5.52434 0.000191976
        1999    -5.52294    -5.52434 0.000191881
        2000    -5.52261    -5.52434 0.000191787
