  0.00256496           0           0
  0.00769489           0           0           0
  0.00769489           0           0
   0.0128248           0           0           0
   0.0128248           0           0
   0.0179547           0           0           0
   0.0179547           0           0
   0.0230847           0           0           0
   0.0230847           0           0
   0.0282146           0           0           0
   0.0282146           0           0
   0.0333445           0           0           0
   0.0333445           0           0
   0.0384745           0           0           0
   0.0384745           0           0
   0.0436044           0           0           0
   0.0436044           0           0
   0.0487343           0           0           0
   0.0487343           0           0
   0.0538642           0           0           0
   0.0538642           0           0
   0.0589942           0           0           0
   0.0589942           0           0
   0.0641241           0           0           0
   0.0641241           0           0
    0.069254           0           0           0
    0.069254           0           0
    0.074384           0           0           0
    0.074384           0           0
   0.0795139           0           0           0
   0.0795139           0           0
   0.0846438           0           0           0
   0.0846438           0           0
   0.0897737           0           0           0
   0.0897737           0           0
   0.0949037           0           0           0
   0.0949037           0           0
    0.100034           0           0           0
    0.100034           0           0
    0.105164           0           0           0
    0.105164           0           0
    0.110293           0           0           0
    0.110293           0           0
    0.115423           0           0           0
    0.115423           0           0
    0.120553           0           0           0
    0.120553           0           0
    0.125683           0           0           0
    0.125683           0           0
    0.130813           0           0           0
    0.130813           0           0
    0.135943           0           0           0
    0.135943           0           0
    0.141073           0           0           0
    0.141073           0           0
    0.146203           0           0           0
    0.146203           0           0
    0.151333           0           0           0
    0.151333           0           0
    0.156463           0           0           0
    0.156463           0           0
    0.161593           0           0           0
    0.161593           0           0
    0.166723           0           0           0
    0.166723           0           0
    0.171853           0           0           0
    0.171853           0           0
    0.176983           0           0           0
    0.176983           0           0
    0.182112           0           0           0
    0.182112           0           0
    0.187242           0           0           0
    0.187242           0           0
    0.192372           0           0           0
    0.192372           0           0
    0.197502           0           0           0
    0.197502           0           0
    0.202632           0           0           0
    0.202632           0           0
    0.207762           0           0           0
    0.207762           0           0
    0.212892           0           0           0
    0.212892           0           0
    0.218022           0           0           0
    0.218022           0           0
    0.223152           0           0           0
    0.223152           0           0
    0.228282           0           0           0
    0.228282           0           0
    0.233412           0           0           0
    0.233412           0           0
    0.238542           0           0           0
    0.238542           0           0
    0.243672           0           0           0
    0.243672           0           0
    0.248802           0           0           0
    0.248802           0           0
    0.253931           0           0           0
    0.253931           0           0
    0.259061           0           0           0
    0.259061           0           0
    0.264191           0           0           0
    0.264191           0           0
    0.269321           0           0           0
    0.269321           0           0
    0.274451           0           0           0
    0.274451           0           0
    0.279581           0           0           0
    0.279581           0           0
    0.284711           0           0           0
    0.284711           0           0
    0.289841           0           0           0
    0.289841           0           0
    0.294971           0           0           0
    0.294971           0           0
    0.300101           0           0           0
    0.300101           0           0
    0.305231           0           0           0
    0.305231           0           0
    0.310361           0           0           0
    0.310361           0           0
    0.315491           0           0           0
    0.315491           0           0
     0.32062           0           0           0
     0.32062           0           0
     0.32575           0           0           0
     0.32575           0           0
     0.33088           0           0           0
     0.33088           0           0
     0.33601           0           0           0
     0.33601           0           0
     0.34114           0           0           0
     0.34114           0           0
     0.34627           0           0           0
     0.34627           0           0
      0.3514           0           0           0
      0.3514           0           0
     0.35653           0           0           0
     0.35653           0           0
     0.36166           0           0           0
     0.36166           0           0
     0.36679           0           0           0
     0.36679           0           0
     0.37192           0           0           0
     0.37192           0           0
     0.37705           0           0           0
     0.37705           0           0
     0.38218           0           0           0
     0.38218           0           0
     0.38731           0           0           0
     0.38731           0           0
    0.392439           0           0           0
    0.392439           0           0
    0.397569           0           0           0
    0.397569           0           0
    0.402699           0           0           0
    0.402699           0           0
    0.407829           0           0           0
    0.407829           0           0
    0.412959           0           0           0
    0.412959           0           0
    0.418089           0           0           0
    0.418089           0           0
    0.423219           0           0           0
    0.423219           0           0
    0.428349           0           0           0
    0.428349           0           0
    0.433479           0           0           0
    0.433479           0           0
    0.438609           0           0           0
    0.438609           0           0
    0.443739           0           0           0
    0.443739           0           0
    0.448869           0           0           0
    0.448869           0           0
    0.453999           0           0           0
    0.453999           0           0
    0.459129           0           0           0
    0.459129           0           0
    0.464258           0           0           0
    0.464258           0           0
    0.469388           0           0           0
    0.469388           0           0
    0.474518           0           0           0
    0.474518           0           0
    0.479648           0           0           0
    0.479648           0           0
    0.484778           0           0           0
    0.484778           0           0
    0.489908           0           0           0
    0.489908           0           0
    0.495038           0           0           0
    0.495038           0           0
    0.500168           0           0           0
    0.500168           0           0
    0.505298           0           0           0
    0.505298           0           0
    0.510428           0           0           0
    0.510428           0           0
    0.515558           0           0           0
    0.515558           0           0
    0.520688           0           0           0
    0.520688           0           0
    0.525818           0           0           0
    0.525818           0           0
    0.530948           0           0           0
    0.530948           0           0
    0.536077           0           0           0
    0.536077           0           0
    0.541207           0           0           0
    0.541207           0           0
    0.546337           0           0           0
    0.546337           0           0
    0.551467           0           0           0
    0.551467           0           0
    0.556597           0           0           0
    0.556597           0           0
    0.561727           0           0           0
    0.561727           0           0
    0.566857           0           0           0
    0.566857           0           0
    0.571987           0           0           0
    0.571987           0           0
    0.577117           0           0           0
    0.577117           0           0
    0.582247           0           0           0
    0.582247           0           0
    0.587377           0           0           0
    0.587377           0           0
    0.592507           0           0           0
    0.592507           0           0
    0.597637           0           0           0
    0.597637           0           0
    0.602767           0           0           0
    0.602767           0           0
    0.607896           0           0           0
    0.607896           0           0
    0.613026           0           0           0
    0.613026           0           0
    0.618156           0           0           0
    0.618156           0           0
    0.623286           0           0           0
    0.623286           0           0
    0.628416           0           0           0
    0.628416           0           0
    0.633546           0           0           0
    0.633546           0           0
    0.638676           0           0           0
    0.638676           0           0
    0.643806           0           0           0
    0.643806           0           0
    0.648936           0           0           0
    0.648936           0           0
    0.654066           0           0           0
    0.654066           0           0
    0.659196           0           0           0
    0.659196           0           0
    0.664326           0           0           0
    0.664326           0           0
    0.669456           0           0           0
    0.669456           0           0
    0.674586           0           0           0
    0.674586           0           0
    0.679715           0           0           0
    0.679715           0           0
    0.684845           0           0           0
    0.684845           0           0
    0.689975           0           0           0
    0.689975           0           0
    0.695105           0           0           0
    0.695105           0           0
    0.700235           0           0           0
    0.700235           0           0
    0.705365           0           0           0
    0.705365           0           0
    0.710495           0           0           0
    0.710495           0           0
    0.715625           0           0           0
    0.715625           0           0
    0.720755           0           0           0
    0.720755           0           0
    0.725885           0           0           0
    0.725885           0           0
    0.731015           0           0           0
    0.731015           0           0
    0.736145           0           0           0
    0.736145           0           0
    0.741275           0           0           0
    0.741275           0           0
    0.746405           0           0           0
    0.746405           0           0
    0.751534           0           0           0
    0.751534           0           0
    0.756664           0           0           0
    0.756664           0           0
    0.761794           0           0           0
    0.761794           0           0
    0.766924           0           0           0
    0.766924           0           0
    0.772054           0           0           0
    0.772054           0           0
    0.777184           0           0           0
    0.777184           0           0
    0.782314           0           0           0
    0.782314           0           0
    0.787444           0           0           0
    0.787444           0           0
    0.792574           0           0           0
    0.792574           0           0
    0.797704           0           0           0
    0.797704           0           0
    0.802834           0           0           0
    0.802834           0           0
    0.807964           0           0           0
    0.807964           0           0
    0.813094           0           0           0
    0.813094           0           0
    0.818223           0           0           0
    0.818223           0           0
    0.823353           0           0           0
    0.823353           0           0
    0.828483           0           0           0
    0.828483           0           0
    0.833613           0           0           0
    0.833613           0           0
    0.838743           0           0           0
    0.838743           0           0
    0.843873           0           0           0
    0.843873           0           0
    0.849003           0           0           0
    0.849003           0           0
    0.854133           0           0           0
    0.854133           0           0
    0.859263           0           0           0
    0.859263           0           0
    0.864393           0           0           0
    0.864393           0           0
    0.869523           0 4.27439e-05 4.23143e-05
    0.869523 4.27439e-05 4.23143e-05
    0.874653           0 0.000164282  9.3464e-05
    0.874653 0.000164282  9.3464e-05
    0.879783           0 0.000273713 0.000120742
    0.879783 0.000273713 0.000120742
    0.884913           0   0.0008896 0.000232524
    0.884913   0.0008896 0.000232524
    0.890042           0  0.00181768 0.000334603
    0.890042  0.00181768 0.000334603
    0.895172           0   0.0032398 0.000394751
    0.895172   0.0032398 0.000394751
    0.900302 0.000886027  0.00654331 0.000610241
    0.900302  0.00654331 0.000610241
    0.905432   0.0137973   0.0129212  0.00100291
    0.905432   0.0129212  0.00100291
    0.910562   0.0300995   0.0202944  0.00111176
    0.910562   0.0202944  0.00111176
    0.915692   0.0327609   0.0339429  0.00151637
    0.915692   0.0339429  0.00151637
    0.920822   0.0501835     0.05095  0.00182081
    0.920822     0.05095  0.00182081
    0.925952   0.0772705   0.0788536  0.00215389
    0.925952   0.0788536  0.00215389
    0.931082    0.103552    0.117126  0.00298244
    0.931082    0.117126  0.00298244
    0.936212    0.138882    0.166081  0.00354717
    0.936212    0.166081  0.00354717
    0.941342    0.211529    0.222345  0.00370394
    0.941342    0.222345  0.00370394
    0.946472    0.239907    0.290362  0.00432411
    0.946472    0.290362  0.00432411
    0.951602    0.353116    0.376016  0.00484884
    0.951602    0.376016  0.00484884
    0.956732    0.432114     0.46961  0.00575172
    0.956732     0.46961  0.00575172
    0.961861    0.498738    0.572419  0.00621709
    0.961861    0.572419  0.00621709
    0.966991    0.596568    0.695667  0.00751381
    0.966991    0.695667  0.00751381
    0.972121    0.733539    0.822414   0.0072116
    0.972121    0.822414   0.0072116
    0.977251    0.845612    0.958903  0.00777167
    0.977251    0.958903  0.00777167
    0.982381     1.00591     1.08028  0.00876614
    0.982381     1.08028  0.00876614
    0.987511     1.21771     1.22277  0.00855138
    0.987511     1.22277  0.00855138
    0.992641     1.31175     1.36216  0.00879718
    0.992641     1.36216  0.00879718
    0.997771     1.49722     1.50333   0.0106029
    0.997771     1.50333   0.0106029
      1.0029     1.61885     1.63439   0.0096103
      1.0029     1.63439   0.0096103
     1.00803     1.71091     1.77615   0.0118488
     1.00803     1.77615   0.0118488
     1.01316      1.7419     1.88892   0.0116315
     1.01316     1.88892   0.0116315
     1.01829     1.94706     2.00573    0.011733
     1.01829     2.00573    0.011733
     1.02342     2.15489     2.12653   0.0121245
     1.02342     2.12653   0.0121245
     1.02855     2.33575     2.22078   0.0131101
     1.02855     2.22078   0.0131101
     1.03368      2.3469     2.29746    0.014058
     1.03368     2.29746    0.014058
     1.03881     2.32378     2.35881     0.01329
     1.03881     2.35881     0.01329
     1.04394     2.41549     2.43551   0.0141282
     1.04394     2.43551   0.0141282
     1.04907     2.44789     2.48668   0.0122876
     1.04907     2.48668   0.0122876
      1.0542     2.57178     2.51973   0.0111394
      1.0542     2.51973   0.0111394
     1.05933     2.76308     2.53904   0.0122263
     1.05933     2.53904   0.0122263
     1.06446     2.62702     2.53744  0.00987728
     1.06446     2.53744  0.00987728
     1.06959      2.5581      2.5598   0.0134359
     1.06959      2.5598   0.0134359
     1.07472     2.58876     2.56026   0.0136388
     1.07472     2.56026   0.0136388
     1.07985     2.63228     2.55641   0.0104988
     1.07985     2.55641   0.0104988
     1.08498     2.73648     2.56459   0.0111696
     1.08498     2.56459   0.0111696
     1.09011      2.5532     2.55016   0.0116314
     1.09011     2.55016   0.0116314
     1.09524     2.50779     2.51778   0.0120571
     1.09524     2.51778   0.0120571
     1.10037     2.57476     2.49609   0.0122232
     1.10037     2.49609   0.0122232
      1.1055     2.54372     2.44744   0.0116759
      1.1055     2.44744   0.0116759
     1.11063     2.52348     2.42879   0.0112597
     1.11063     2.42879   0.0112597
     1.11576      2.3838     2.40147  0.00928243
     1.11576     2.40147  0.00928243
     1.12089     2.30473     2.35923   0.0104446
     1.12089     2.35923   0.0104446
     1.12602     2.37369     2.32521   0.0119584
     1.12602     2.32521   0.0119584
     1.13115     2.24318     2.27288   0.0102983
     1.13115     2.27288   0.0102983
     1.13628     2.16179     2.23929  0.00999461
     1.13628     2.23929  0.00999461
     1.14141     2.02113     2.19621   0.0112583
     1.14141     2.19621   0.0112583
     1.14654     2.02794     2.14342   0.0107572
     1.14654     2.14342   0.0107572
     1.15167     2.04903     2.09719   0.0100436
     1.15167     2.09719   0.0100436
      1.1568     2.03238     2.05409   0.0094281
      1.1568     2.05409   0.0094281
     1.16193     1.98774     2.00309  0.00868294
     1.16193     2.00309  0.00868294
     1.16706     1.89306     1.97248   0.0102452
     1.16706     1.97248   0.0102452
     1.17219     1.90579     1.91479  0.00979709
     1.17219     1.91479  0.00979709
     1.17732     1.90451     1.88347   0.0112536
     1.17732     1.88347   0.0112536
     1.18245     1.83742     1.82717   0.0099154
     1.18245     1.82717   0.0099154
     1.18758     1.78403     1.78263  0.00848403
     1.18758     1.78263  0.00848403
     1.19271     1.83409     1.74232  0.00989312
     1.19271     1.74232  0.00989312
     1.19784     1.79214     1.70993  0.00983977
     1.19784     1.70993  0.00983977
     1.20297     1.59128     1.67386  0.00935161
     1.20297     1.67386  0.00935161
      1.2081     1.56734      1.6208   0.0102422
      1.2081      1.6208   0.0102422
     1.21323     1.56326     1.59433   0.0102734
     1.21323     1.59433   0.0102734
     1.21836     1.50513     1.54186  0.00922969
     1.21836     1.54186  0.00922969
     1.22349       1.455     1.50489  0.00897806
     1.22349     1.50489  0.00897806
     1.22862     1.43978     1.47339   0.0107726
     1.22862     1.47339   0.0107726
     1.23375      1.4539     1.44234   0.0102673
     1.23375     1.44234   0.0102673
     1.23888     1.43007     1.40486  0.00808954
     1.23888     1.40486  0.00808954
     1.24401      1.3857     1.37706   0.0085079
     1.24401     1.37706   0.0085079
     1.24914     1.42405     1.34059  0.00814207
     1.24914     1.34059  0.00814207
     1.25427     1.24694     1.31419  0.00952584
     1.25427     1.31419  0.00952584
      1.2594      1.2985     1.27904  0.00891767
      1.2594     1.27904  0.00891767
     1.26453     1.27832     1.25899  0.00936082
     1.26453     1.25899  0.00936082
     1.26966     1.21678     1.23929  0.00813759
     1.26966     1.23929  0.00813759
     1.27479     1.21342     1.21011  0.00866628
     1.27479     1.21011  0.00866628
     1.27992     1.22925     1.19536  0.00774768
     1.27992     1.19536  0.00774768
     1.28505     1.20412     1.16381  0.00684961
     1.28505     1.16381  0.00684961
     1.29018     1.17353     1.13992  0.00651487
     1.29018     1.13992  0.00651487
     1.29531     1.14082     1.11525  0.00727906
     1.29531     1.11525  0.00727906
     1.30044     1.06506     1.09919  0.00710168
     1.30044     1.09919  0.00710168
     1.30557     1.10737     1.08617  0.00725441
     1.30557     1.08617  0.00725441
      1.3107      1.1168     1.06759  0.00768933
      1.3107     1.06759  0.00768933
     1.31583     1.05865     1.04864  0.00713031
     1.31583     1.04864  0.00713031
     1.32096     1.07256     1.02702  0.00659383
     1.32096     1.02702  0.00659383
     1.32609     1.04304     1.01072   0.0065431
     1.32609     1.01072   0.0065431
     1.33122     1.06815    0.988759  0.00676177
     1.33122    0.988759  0.00676177
     1.33635     1.05242    0.970944  0.00712905
     1.33635    0.970944  0.00712905
     1.34148     1.00797     0.94268  0.00614101
     1.34148     0.94268  0.00614101
     1.34661    0.997239    0.934274  0.00743329
     1.34661    0.934274  0.00743329
     1.35174    0.939178    0.918193  0.00750094
     1.35174    0.918193  0.00750094
     1.35687     0.92107    0.906481   0.0075015
     1.35687    0.906481   0.0075015
       1.362    0.874463    0.894701  0.00708376
       1.362    0.894701  0.00708376
     1.36713    0.851966    0.882331  0.00629036
     1.36713    0.882331  0.00629036
     1.37226    0.913303    0.865859  0.00622397
     1.37226    0.865859  0.00622397
     1.37739    0.901875    0.854249  0.00654198
     1.37739    0.854249  0.00654198
     1.38252    0.868987    0.844893   0.0069466
     1.38252    0.844893   0.0069466
     1.38765     0.88691    0.829813  0.00756189
     1.38765    0.829813  0.00756189
     1.39278     0.89927    0.819655  0.00735582
     1.39278    0.819655  0.00735582
     1.39791    0.897459     0.80927  0.00601969
     1.39791     0.80927  0.00601969
     1.40304    0.841748    0.799795  0.00557446
     1.40304    0.799795  0.00557446
     1.40817    0.810636    0.784444  0.00554415
     1.40817    0.784444  0.00554415
      1.4133    0.764043    0.775096  0.00472957
      1.4133    0.775096  0.00472957
     1.41843    0.768164    0.767372  0.00556283
     1.41843    0.767372  0.00556283
     1.42355     0.80862    0.761137  0.00670359
     1.42355    0.761137  0.00670359
     1.42868    0.790508    0.749888  0.00669363
     1.42868    0.749888  0.00669363
     1.43381    0.814119     0.74726  0.00639147
     1.43381     0.74726  0.00639147
     1.43894    0.731845    0.734775  0.00576469
     1.43894    0.734775  0.00576469
     1.44407    0.791915    0.730184  0.00616568
     1.44407    0.730184  0.00616568
      1.4492     0.78213    0.729269  0.00536272
      1.4492    0.729269  0.00536272
     1.45433    0.754806    0.722003  0.00557059
     1.45433    0.722003  0.00557059
     1.45946    0.730123     0.72082  0.00497665
     1.45946     0.72082  0.00497665
     1.46459     0.70225    0.719312  0.00579196
     1.46459    0.719312  0.00579196
     1.46972    0.741492    0.709292  0.00613918
     1.46972    0.709292  0.00613918
     1.47485    0.693174    0.706376  0.00532425
     1.47485    0.706376  0.00532425
     1.47998     0.68723    0.703382  0.00488138
     1.47998    0.703382  0.00488138
     1.48511    0.674757     0.69991  0.00471246
     1.48511     0.69991  0.00471246
     1.49024    0.664945    0.702507   0.0049191
     1.49024    0.702507   0.0049191
     1.49537    0.661274    0.698889  0.00440791
     1.49537    0.698889  0.00440791
      1.5005    0.666489    0.696741  0.00500699
      1.5005    0.696741  0.00500699
     1.50563    0.667024    0.686131  0.00448758
     1.50563    0.686131  0.00448758
     1.51076    0.708205    0.681448  0.00490823
     1.51076    0.681448  0.00490823
     1.51589    0.736079    0.685224  0.00472858
     1.51589    0.685224  0.00472858
     1.52102    0.689137    0.678418  0.00461093
     1.52102    0.678418  0.00461093
     1.52615    0.622536    0.681939  0.00512008
     1.52615    0.681939  0.00512008
     1.53128    0.616764    0.675937  0.00529303
     1.53128    0.675937  0.00529303
     1.53641     0.63045    0.674789  0.00585296
     1.53641    0.674789  0.00585296
     1.54154     0.63087    0.672231   0.0055038
     1.54154    0.672231   0.0055038
     1.54667    0.619937    0.673887  0.00468072
     1.54667    0.673887  0.00468072
      1.5518    0.591465    0.675481  0.00528515
      1.5518    0.675481  0.00528515
     1.55693    0.604979    0.674324  0.00581956
     1.55693    0.674324  0.00581956
     1.56206    0.623013    0.668388  0.00549972
     1.56206    0.668388  0.00549972
     1.56719    0.663532     0.67404  0.00540394
     1.56719     0.67404  0.00540394
     1.57232    0.627182    0.674058  0.00504722
     1.57232    0.674058  0.00504722
     1.57745     0.64757    0.675344  0.00484552
     1.57745    0.675344  0.00484552
     1.58258    0.612338    0.673888  0.00501135
     1.58258    0.673888  0.00501135
     1.58771    0.628686    0.674171  0.00464359
     1.58771    0.674171  0.00464359
     1.59284    0.679133    0.676269  0.00488876
     1.59284    0.676269  0.00488876
     1.59797    0.620499    0.675335  0.00502811
     1.59797    0.675335  0.00502811
      1.6031    0.632951    0.680257  0.00517622
      1.6031    0.680257  0.00517622
     1.60823    0.620729    0.682137  0.00463417
     1.60823    0.682137  0.00463417
     1.61336    0.665554    0.686423  0.00518352
     1.61336    0.686423  0.00518352
     1.61849    0.666071    0.687151  0.00548197
     1.61849    0.687151  0.00548197
     1.62362    0.691495    0.687217  0.00498497
     1.62362    0.687217  0.00498497
     1.62875    0.656014    0.694431  0.00467705
     1.62875    0.694431  0.00467705
     1.63388    0.663065    0.701738  0.00426073
     1.63388    0.701738  0.00426073
     1.63901    0.678236    0.706903  0.00522927
     1.63901    0.706903  0.00522927
     1.64414    0.680055    0.709183  0.00519075
     1.64414    0.709183  0.00519075
     1.64927     0.68725    0.707954   0.0052335
     1.64927    0.707954   0.0052335
      1.6544    0.691325    0.706313  0.00544915
      1.6544    0.706313  0.00544915
     1.65953    0.709484    0.711194  0.00533144
     1.65953    0.711194  0.00533144
     1.66466    0.728442    0.717267   0.0051808
     1.66466    0.717267   0.0051808
     1.66979    0.761128    0.719904    0.005399
     1.66979    0.719904    0.005399
     1.67492    0.741817    0.727627  0.00613287
     1.67492    0.727627  0.00613287
     1.68005    0.738757    0.735053  0.00513291
     1.68005    0.735053  0.00513291
     1.68518    0.770872    0.736727  0.00520149
     1.68518    0.736727  0.00520149
     1.69031    0.751307    0.742493  0.00531247
     1.69031    0.742493  0.00531247
     1.69544    0.759072    0.744203  0.00525972
     1.69544    0.744203  0.00525972
     1.70057    0.787962    0.749679   0.0055094
     1.70057    0.749679   0.0055094
      1.7057    0.759718    0.759735   0.0056105
      1.7057    0.759735   0.0056105
     1.71083     0.74333     0.76226  0.00491759
     1.71083     0.76226  0.00491759
     1.71596    0.756758    0.766006  0.00533605
     1.71596    0.766006  0.00533605
     1.72109    0.767346    0.766457  0.00528136
     1.72109    0.766457  0.00528136
     1.72622    0.812741    0.777538  0.00559906
     1.72622    0.777538  0.00559906
     1.73135    0.819791    0.783889  0.00616704
     1.73135    0.783889  0.00616704
     1.73648    0.804177    0.787873  0.00627269
     1.73648    0.787873  0.00627269
     1.74161    0.831529    0.799608  0.00642268
     1.74161    0.799608  0.00642268
     1.74674    0.892558    0.801503  0.00563184
     1.74674    0.801503  0.00563184
     1.75187    0.894183    0.815026  0.00561285
     1.75187    0.815026  0.00561285
       1.757     0.85954    0.821923  0.00399558
       1.757    0.821923  0.00399558
     1.76213    0.878308    0.834072  0.00515714
     1.76213    0.834072  0.00515714
     1.76726    0.886898    0.839489  0.00510227
     1.76726    0.839489  0.00510227
     1.77239    0.932981     0.84375  0.00546914
     1.77239     0.84375  0.00546914
     1.77752    0.920955     0.85312  0.00465745
     1.77752     0.85312  0.00465745
     1.78265    0.888317    0.866058  0.00518183
     1.78265    0.866058  0.00518183
     1.78778    0.856993    0.863774  0.00521669
     1.78778    0.863774  0.00521669
     1.79291    0.882425     0.87479  0.00499129
     1.79291     0.87479  0.00499129
     1.79804    0.886837    0.882082   0.0051721
     1.79804    0.882082   0.0051721
     1.80317    0.879203    0.883842  0.00574842
     1.80317    0.883842  0.00574842
      1.8083    0.916775    0.892198  0.00372737
      1.8083    0.892198  0.00372737
     1.81343    0.925026    0.901045  0.00490235
     1.81343    0.901045  0.00490235
     1.81856    0.900107    0.912143  0.00568095
     1.81856    0.912143  0.00568095
     1.82369    0.892136    0.924039  0.00574175
     1.82369    0.924039  0.00574175
     1.82882    0.899484    0.935597   0.0057756
     1.82882    0.935597   0.0057756
     1.83395    0.927983    0.944714   0.0057132
     1.83395    0.944714   0.0057132
     1.83908    0.944684    0.951469  0.00562294
     1.83908    0.951469  0.00562294
     1.84421    0.951577    0.965539  0.00585263
     1.84421    0.965539  0.00585263
     1.84934    0.975861    0.972798  0.00512628
     1.84934    0.972798  0.00512628
     1.85447    0.992187    0.978316  0.00537872
     1.85447    0.978316  0.00537872
      1.8596     1.00827    0.985089  0.00549911
      1.8596    0.985089  0.00549911
     1.86473    0.956515      0.9876  0.00545062
     1.86473      0.9876  0.00545062
     1.86986    0.975819     1.00158  0.00535148
     1.86986     1.00158  0.00535148
     1.87499    0.997707     1.00532  0.00506841
     1.87499     1.00532  0.00506841
     1.88012     1.01508     1.01483  0.00537471
     1.88012     1.01483  0.00537471
     1.88525    0.982281     1.01997  0.00540494
     1.88525     1.01997  0.00540494
     1.89038     1.02022     1.02382  0.00513145
     1.89038     1.02382  0.00513145
     1.89551     1.02574     1.03785  0.00499796
     1.89551     1.03785  0.00499796
     1.90064      1.0482     1.04388  0.00424478
     1.90064     1.04388  0.00424478
     1.90577     1.05615     1.05105  0.00497829
     1.90577     1.05105  0.00497829
      1.9109     1.00737     1.06035  0.00469999
      1.9109     1.06035  0.00469999
     1.91603     1.02737     1.06331  0.00450645
     1.91603     1.06331  0.00450645
     1.92116     1.09374     1.07515  0.00445087
     1.92116     1.07515  0.00445087
     1.92629     1.08458     1.07982  0.00568806
     1.92629     1.07982  0.00568806
     1.93142     1.10934     1.08896  0.00598797
     1.93142     1.08896  0.00598797
     1.93655     1.10419     1.08818  0.00500234
     1.93655     1.08818  0.00500234
     1.94168     1.11279     1.10228  0.00506058
     1.94168     1.10228  0.00506058
     1.94681     1.09187     1.11085  0.00501872
     1.94681     1.11085  0.00501872
     1.95194     1.09537     1.12766  0.00485811
     1.95194     1.12766  0.00485811
     1.95707     1.10722     1.13124  0.00488205
     1.95707     1.13124  0.00488205
      1.9622      1.1227     1.14006  0.00457764
      1.9622     1.14006  0.00457764
     1.96733     1.13958     1.14209  0.00386355
     1.96733     1.14209  0.00386355
     1.97246      1.1141     1.14605  0.00400116
     1.97246     1.14605  0.00400116
     1.97759     1.13321     1.15357  0.00483005
     1.97759     1.15357  0.00483005
     1.98272     1.11822     1.15835  0.00479015
     1.98272     1.15835  0.00479015
     1.98785      1.1324     1.16296  0.00432102
     1.98785     1.16296  0.00432102
     1.99298     1.11645     1.17157   0.0046167
     1.99298     1.17157   0.0046167
     1.99811     1.14126     1.18055  0.00466432
     1.99811     1.18055  0.00466432
     2.00324     1.11533      1.1787  0.00473308
     2.00324      1.1787  0.00473308
     2.00837     1.15184     1.18187  0.00429703
     2.00837     1.18187  0.00429703
      2.0135     1.12552     1.18403  0.00526277
      2.0135     1.18403  0.00526277
     2.01863     1.15788     1.18899  0.00594201
     2.01863     1.18899  0.00594201
     2.02376     1.17963      1.1926  0.00489397
     2.02376      1.1926  0.00489397
     2.02889     1.21123     1.20622  0.00521199
     2.02889     1.20622  0.00521199
     2.03402     1.22452     1.20899  0.00569642
     2.03402     1.20899  0.00569642
     2.03915     1.22804     1.20951  0.00614614
     2.03915     1.20951  0.00614614
     2.04428     1.19654     1.20457  0.00523369
     2.04428     1.20457  0.00523369
     2.04941     1.22847     1.20754  0.00510536
     2.04941     1.20754  0.00510536
     2.05454     1.22005     1.21122  0.00579489
     2.05454     1.21122  0.00579489
     2.05967     1.23649     1.21742  0.00603643
     2.05967     1.21742  0.00603643
      2.0648     1.21465     1.21839  0.00535084
      2.0648     1.21839  0.00535084
     2.06993     1.18224     1.21948  0.00575439
     2.06993     1.21948  0.00575439
     2.07506     1.21009     1.21584  0.00526373
     2.07506     1.21584  0.00526373
     2.08019     1.20678      1.2185  0.00522766
     2.08019      1.2185  0.00522766
     2.08532     1.22629     1.21346  0.00525335
     2.08532     1.21346  0.00525335
     2.09045     1.20347     1.21075  0.00571214
     2.09045     1.21075  0.00571214
     2.09558     1.19567     1.21073  0.00516747
     2.09558     1.21073  0.00516747
     2.10071      1.2105     1.20803   0.0050169
     2.10071     1.20803   0.0050169
     2.10584     1.21542     1.20824  0.00475429
     2.10584     1.20824  0.00475429
     2.11097     1.23289     1.21083  0.00449606
     2.11097     1.21083  0.00449606
      2.1161     1.22961     1.20708  0.00447199
      2.1161     1.20708  0.00447199
     2.12123     1.24733     1.20323  0.00494131
     2.12123     1.20323  0.00494131
     2.12636     1.25974     1.20227  0.00553217
     2.12636     1.20227  0.00553217
     2.13149      1.2167     1.19579  0.00608605
     2.13149     1.19579  0.00608605
     2.13661     1.20909     1.18924  0.00497302
     2.13661     1.18924  0.00497302
     2.14174     1.19426      1.1866  0.00556608
     2.14174      1.1866  0.00556608
     2.14687     1.17096     1.18655  0.00586998
     2.14687     1.18655  0.00586998
       2.152     1.18112     1.18624   0.0051171
       2.152     1.18624   0.0051171
     2.15713     1.14379     1.18049  0.00533085
     2.15713     1.18049  0.00533085
     2.16226     1.13576       1.178  0.00526505
     2.16226       1.178  0.00526505
     2.16739     1.14128     1.17766  0.00506822
     2.16739     1.17766  0.00506822
     2.17252     1.16123     1.16747  0.00541271
     2.17252     1.16747  0.00541271
     2.17765      1.1555     1.15724  0.00557028
     2.17765     1.15724  0.00557028
     2.18278     1.11059     1.15906  0.00572118
     2.18278     1.15906  0.00572118
     2.18791     1.09601     1.15006   0.0050275
     2.18791     1.15006   0.0050275
     2.19304     1.08238     1.15044  0.00660169
     2.19304     1.15044  0.00660169
     2.19817     1.13864     1.14577   0.0059742
     2.19817     1.14577   0.0059742
      2.2033     1.14318     1.13623  0.00478166
      2.2033     1.13623  0.00478166
     2.20843     1.11461       1.125  0.00479187
     2.20843       1.125  0.00479187
     2.21356     1.11322     1.12339  0.00450881
     2.21356     1.12339  0.00450881
     2.21869     1.10214     1.11969  0.00469798
     2.21869     1.11969  0.00469798
     2.22382     1.06591     1.10782  0.00504892
     2.22382     1.10782  0.00504892
     2.22895     1.06618     1.10442  0.00488965
     2.22895     1.10442  0.00488965
     2.23408     1.06794     1.10137  0.00455408
     2.23408     1.10137  0.00455408
     2.23921     1.08321     1.09464  0.00446728
     2.23921     1.09464  0.00446728
     2.24434     1.09192     1.08959  0.00503625
     2.24434     1.08959  0.00503625
     2.24947     1.06015     1.08075  0.00530617
     2.24947     1.08075  0.00530617
      2.2546      1.0399      1.0761  0.00462204
      2.2546      1.0761  0.00462204
     2.25973     1.08564     1.07891  0.00441119
     2.25973     1.07891  0.00441119
     2.26486     1.07478     1.06856  0.00463458
     2.26486     1.06856  0.00463458
     2.26999     1.04832     1.06064  0.00471677
     2.26999     1.06064  0.00471677
     2.27512     1.02813     1.05167  0.00499229
     2.27512     1.05167  0.00499229
     2.28025     1.04841     1.04254  0.00467788
     2.28025     1.04254  0.00467788
     2.28538     1.06302     1.03739  0.00453087
     2.28538     1.03739  0.00453087
     2.29051     1.05981     1.02799  0.00453735
     2.29051     1.02799  0.00453735
     2.29564      1.1011     1.02776  0.00410704
     2.29564     1.02776  0.00410704
     2.30077     1.11041     1.02273  0.00425492
     2.30077     1.02273  0.00425492
      2.3059     1.05739     1.02234  0.00380267
      2.3059     1.02234  0.00380267
     2.31103     1.06743     1.01568  0.00444928
     2.31103     1.01568  0.00444928
     2.31616     1.04035     1.00746   0.0042693
     2.31616     1.00746   0.0042693
     2.32129     1.02582     1.00567  0.00427848
     2.32129     1.00567  0.00427848
     2.32642     1.04489     1.00316  0.00447487
     2.32642     1.00316  0.00447487
     2.33155    0.993333    0.997291  0.00396792
     2.33155    0.997291  0.00396792
     2.33668    0.988976    0.987279  0.00425419
     2.33668    0.987279  0.00425419
     2.34181    0.968344    0.982812  0.00410237
     2.34181    0.982812  0.00410237
     2.34694      1.0149    0.983032  0.00419254
     2.34694    0.983032  0.00419254
     2.35207    0.985845    0.967703  0.00382518
     2.35207    0.967703  0.00382518
      2.3572    0.969538    0.968422  0.00429695
      2.3572    0.968422  0.00429695
     2.36233    0.979199    0.958095  0.00439148
     2.36233    0.958095  0.00439148
     2.36746    0.962467    0.954262  0.00460129
     2.36746    0.954262  0.00460129
     2.37259    0.961754    0.958116  0.00405405
     2.37259    0.958116  0.00405405
     2.37772    0.972121    0.951873  0.00392791
     2.37772    0.951873  0.00392791
     2.38285    0.970818     0.94533  0.00393176
     2.38285     0.94533  0.00393176
     2.38798    0.975498    0.945414  0.00365191
     2.38798    0.945414  0.00365191
     2.39311    0.956398    0.940073  0.00407914
     2.39311    0.940073  0.00407914
     2.39824    0.990332    0.940497  0.00452977
     2.39824    0.940497  0.00452977
     2.40337    0.981913    0.936205  0.00396332
     2.40337    0.936205  0.00396332
      2.4085    0.988846    0.933812  0.00418489
      2.4085    0.933812  0.00418489
     2.41363    0.963813     0.92625  0.00438649
     2.41363     0.92625  0.00438649
     2.41876    0.937265    0.924543   0.0036993
     2.41876    0.924543   0.0036993
     2.42389    0.948062    0.921304   0.0040907
     2.42389    0.921304   0.0040907
     2.42902    0.932742    0.919713    0.004046
     2.42902    0.919713    0.004046
     2.43415    0.931875    0.919638  0.00366253
     2.43415    0.919638  0.00366253
     2.43928    0.946818     0.92008  0.00385227
     2.43928     0.92008  0.00385227
     2.44441    0.935487    0.914226  0.00388316
     2.44441    0.914226  0.00388316
     2.44954    0.913709     0.91074  0.00411418
     2.44954     0.91074  0.00411418
     2.45467    0.926342     0.90931  0.00376793
     2.45467     0.90931  0.00376793
      2.4598    0.919248    0.904028  0.00398187
      2.4598    0.904028  0.00398187
     2.46493    0.942996    0.910942  0.00438442
     2.46493    0.910942  0.00438442
     2.47006    0.944027     0.90742   0.0041858
     2.47006     0.90742   0.0041858
     2.47519    0.946682    0.908542  0.00459687
     2.47519    0.908542  0.00459687
     2.48032    0.946447    0.904294  0.00429176
     2.48032    0.904294  0.00429176
     2.48545    0.966144    0.905183  0.00411789
     2.48545    0.905183  0.00411789
     2.49058    0.919389    0.897925  0.00397091
     2.49058    0.897925  0.00397091
     2.49571    0.908608    0.893876  0.00396057
     2.49571    0.893876  0.00396057
     2.50084    0.919468    0.894938  0.00350241
     2.50084    0.894938  0.00350241
     2.50597    0.921054    0.895398  0.00363509
     2.50597    0.895398  0.00363509
      2.5111    0.897477    0.895955  0.00386251
      2.5111    0.895955  0.00386251
     2.51623     0.88988    0.894416  0.00316077
     2.51623    0.894416  0.00316077
     2.52136     0.88293    0.895482  0.00366518
     2.52136    0.895482  0.00366518
     2.52649    0.876844    0.893299  0.00375038
     2.52649    0.893299  0.00375038
     2.53162     0.90467     0.88802  0.00379124
     2.53162     0.88802  0.00379124
     2.53675    0.878359     0.88936  0.00363109
     2.53675     0.88936  0.00363109
     2.54188    0.868565    0.893701   0.0042346
     2.54188    0.893701   0.0042346
     2.54701    0.888318    0.892839  0.00399722
     2.54701    0.892839  0.00399722
     2.55214    0.864297     0.89277  0.00360072
     2.55214     0.89277  0.00360072
     2.55727    0.880188    0.893521  0.00396753
     2.55727    0.893521  0.00396753
      2.5624    0.851237    0.889398  0.00397834
      2.5624    0.889398  0.00397834
