   0.0064633           0           0
   0.0193899           0           0           0
   0.0193899           0           0
   0.0323165           0           0           0
   0.0323165           0           0
   0.0452431           0           0           0
   0.0452431           0           0
   0.0581697           0           0           0
   0.0581697           0           0
   0.0710963           0           0           0
   0.0710963           0           0
    0.084023           0           0           0
    0.084023           0           0
   0.0969496           0           0           0
   0.0969496           0           0
    0.109876           0           0           0
    0.109876           0           0
    0.122803           0           0           0
    0.122803           0           0
    0.135729           0           0           0
    0.135729           0           0
    0.148656           0           0           0
    0.148656           0           0
    0.161583           0           0           0
    0.161583           0           0
    0.174509           0           0           0
    0.174509           0           0
    0.187436           0           0           0
    0.187436           0           0
    0.200362           0           0           0
    0.200362           0           0
    0.213289           0           0           0
    0.213289           0           0
    0.226216           0           0           0
    0.226216           0           0
    0.239142           0           0           0
    0.239142           0           0
    0.252069           0           0           0
    0.252069           0           0
    0.264995           0           0           0
    0.264995           0           0
    0.277922           0           0           0
    0.277922           0           0
    0.290849           0           0           0
    0.290849           0           0
    0.303775           0           0           0
    0.303775           0           0
    0.316702           0           0           0
    0.316702           0           0
    0.329629           0           0           0
    0.329629           0           0
    0.342555           0           0           0
    0.342555           0           0
    0.355482           0           0           0
    0.355482           0           0
    0.368408           0           0           0
    0.368408           0           0
    0.381335           0           0           0
    0.381335           0           0
    0.394262           0           0           0
    0.394262           0           0
    0.407188           0           0           0
    0.407188           0           0
    0.420115           0           0           0
    0.420115           0           0
    0.433041           0           0           0
    0.433041           0           0
    0.445968           0           0           0
    0.445968           0           0
    0.458895           0           0           0
    0.458895           0           0
    0.471821           0           0           0
    0.471821           0           0
    0.484748           0           0           0
    0.484748           0           0
    0.497674           0           0           0
    0.497674           0           0
    0.510601           0           0           0
    0.510601           0           0
    0.523528           0           0           0
    0.523528           0           0
    0.536454           0           0           0
    0.536454           0           0
    0.549381           0           0           0
    0.549381           0           0
    0.562307           0           0           0
    0.562307           0           0
    0.575234           0           0           0
    0.575234           0           0
    0.588161           0           0           0
    0.588161           0           0
    0.601087           0           0           0
    0.601087           0           0
    0.614014           0           0           0
    0.614014           0           0
     0.62694           0           0           0
     0.62694           0           0
    0.639867           0           0           0
    0.639867           0           0
    0.652794           0           0           0
    0.652794           0           0
     0.66572           0           0           0
     0.66572           0           0
    0.678647           0           0           0
    0.678647           0           0
    0.691574           0           0           0
    0.691574           0           0
      0.7045           0           0           0
      0.7045           0           0
    0.717427           0           0           0
    0.717427           0           0
    0.730353           0           0           0
    0.730353           0           0
     0.74328           0           0           0
     0.74328           0           0
    0.756207           0           0           0
    0.756207           0           0
    0.769133           0           0           0
    0.769133           0           0
     0.78206           0           0           0
     0.78206           0           0
    0.794986           0           0           0
    0.794986           0           0
    0.807913           0           0           0
    0.807913           0           0
     0.82084           0           0           0
     0.82084           0           0
    0.833766           0           0           0
    0.833766           0           0
    0.846693           0           0           0
    0.846693           0           0
    0.859619           0           0           0
    0.859619           0           0
    0.872546           0 0.000209631 0.000103827
    0.872546 0.000209631 0.000103827
    0.885473           0 0.000959616 0.000216089
    0.885473 0.000959616 0.000216089
    0.898399  0.00141243   0.0047175 0.000422048
    0.898399   0.0047175 0.000422048
    0.911326  0.00823585   0.0158128 0.000814605
    0.911326   0.0158128 0.000814605
    0.924252    0.046708   0.0419305  0.00113933
    0.924252   0.0419305  0.00113933
    0.937179   0.0908569   0.0961785  0.00187491
    0.937179   0.0961785  0.00187491
    0.950106    0.181854    0.206657  0.00309356
    0.950106    0.206657  0.00309356
    0.963032    0.318364    0.353887  0.00383436
    0.963032    0.353887  0.00383436
    0.975959    0.574491    0.569632  0.00433565
    0.975959    0.569632  0.00433565
    0.988886    0.811377    0.798204  0.00618789
    0.988886    0.798204  0.00618789
     1.00181     1.04615     1.05692  0.00675392
     1.00181     1.05692  0.00675392
     1.01474     1.26877     1.29879   0.0089369
     1.01474     1.29879   0.0089369
     1.02767     1.45186     1.54536  0.00916366
     1.02767     1.54536  0.00916366
     1.04059     1.72448     1.77013   0.0104024
     1.04059     1.77013   0.0104024
     1.05352     1.91456     1.92587  0.00880082
     1.05352     1.92587  0.00880082
     1.06645     1.99673     2.06391   0.0120026
     1.06645     2.06391   0.0120026
     1.07937      2.2535     2.17039   0.0121229
     1.07937     2.17039   0.0121229
      1.0923     2.17373        2.24    0.010252
      1.0923        2.24    0.010252
     1.10522     2.12038     2.28729   0.0135905
     1.10522     2.28729   0.0135905
     1.11815     2.35612     2.28832   0.0109149
     1.11815     2.28832   0.0109149
     1.13108     2.15198      2.2585   0.0122795
     1.13108      2.2585   0.0122795
       1.144     2.32488     2.25873   0.0121043
       1.144     2.25873   0.0121043
     1.15693     2.18379     2.24623   0.0106075
     1.15693     2.24623   0.0106075
     1.16986     2.28823     2.18309   0.0111968
     1.16986     2.18309   0.0111968
     1.18278     2.13744     2.13382    0.010511
     1.18278     2.13382    0.010511
     1.19571     2.14809     2.11821  0.00983604
     1.19571     2.11821  0.00983604
     1.20864     1.91978     2.05847   0.0104407
     1.20864     2.05847   0.0104407
     1.22156     2.09938     1.98615   0.0107286
     1.22156     1.98615   0.0107286
     1.23449     1.93297     1.92914   0.0107563
     1.23449     1.92914   0.0107563
     1.24742     1.94879     1.87717   0.0088794
     1.24742     1.87717   0.0088794
     1.26034     1.91261     1.83302  0.00856354
     1.26034     1.83302  0.00856354
     1.27327     1.76568      1.7893  0.00791322
     1.27327      1.7893  0.00791322
      1.2862     1.78481     1.72771  0.00765943
      1.2862     1.72771  0.00765943
     1.29912     1.69949     1.70289  0.00733814
     1.29912     1.70289  0.00733814
     1.31205     1.63173     1.64488  0.00672633
     1.31205     1.64488  0.00672633
     1.32498      1.5903     1.61869  0.00724172
     1.32498     1.61869  0.00724172
      1.3379     1.57373      1.5802   0.0069413
      1.3379      1.5802   0.0069413
     1.35083     1.49003     1.54879  0.00635758
     1.35083     1.54879  0.00635758
     1.36376     1.51341     1.51186  0.00621641
     1.36376     1.51186  0.00621641
     1.37668     1.45745      1.4792  0.00678067
     1.37668      1.4792  0.00678067
     1.38961     1.51488     1.44546  0.00695254
     1.38961     1.44546  0.00695254
     1.40254     1.39031     1.41445  0.00705724
     1.40254     1.41445  0.00705724
     1.41546     1.37413     1.39806  0.00678459
     1.41546     1.39806  0.00678459
     1.42839      1.4695     1.37471   0.0064444
     1.42839     1.37471   0.0064444
     1.44132     1.38455     1.36781  0.00537216
     1.44132     1.36781  0.00537216
     1.45424     1.37675     1.34348  0.00614722
     1.45424     1.34348  0.00614722
     1.46717     1.33141     1.31722  0.00581016
     1.46717     1.31722  0.00581016
      1.4801     1.26819     1.29182  0.00542257
      1.4801     1.29182  0.00542257
     1.49302     1.25962     1.27606  0.00564709
     1.49302     1.27606  0.00564709
     1.50595     1.24764     1.26627  0.00560785
     1.50595     1.26627  0.00560785
     1.51888     1.26207     1.25262   0.0051413
     1.51888     1.25262   0.0051413
      1.5318     1.24329      1.2372  0.00483444
      1.5318      1.2372  0.00483444
     1.54473     1.29232     1.21647  0.00499864
     1.54473     1.21647  0.00499864
     1.55766     1.21646     1.21528  0.00455963
     1.55766     1.21528  0.00455963
     1.57058     1.20207     1.19996  0.00456435
     1.57058     1.19996  0.00456435
     1.58351     1.23071     1.18857  0.00501419
     1.58351     1.18857  0.00501419
     1.59644     1.13214     1.18023  0.00505182
     1.59644     1.18023  0.00505182
     1.60936     1.18797     1.17326  0.00499866
     1.60936     1.17326  0.00499866
     1.62229     1.15092     1.16123   0.0054543
     1.62229     1.16123   0.0054543
     1.63522     1.13706     1.14786  0.00415768
     1.63522     1.14786  0.00415768
     1.64814     1.17427     1.14649  0.00474484
     1.64814     1.14649  0.00474484
     1.66107     1.18705     1.13713   0.0053619
     1.66107     1.13713   0.0053619
       1.674     1.11834     1.13197  0.00424295
       1.674     1.13197  0.00424295
     1.68692     1.08044     1.12721  0.00455137
     1.68692     1.12721  0.00455137
     1.69985     1.07196     1.11136  0.00465736
     1.69985     1.11136  0.00465736
     1.71278     1.11452     1.10921  0.00413944
     1.71278     1.10921  0.00413944
      1.7257     1.13272     1.10649  0.00462638
      1.7257     1.10649  0.00462638
     1.73863     1.07785     1.10564  0.00376872
     1.73863     1.10564  0.00376872
     1.75156     1.10659     1.10481  0.00372014
     1.75156     1.10481  0.00372014
     1.76448     1.07432      1.0906  0.00395043
     1.76448      1.0906  0.00395043
     1.77741     1.10098     1.08591  0.00353166
     1.77741     1.08591  0.00353166
     1.79034     1.06379     1.09539  0.00395944
     1.79034     1.09539  0.00395944
     1.80326     1.05841     1.07948  0.00414377
     1.80326     1.07948  0.00414377
     1.81619     1.09351     1.07419  0.00392932
     1.81619     1.07419  0.00392932
     1.82912     1.05596     1.08048  0.00376546
     1.82912     1.08048  0.00376546
     1.84204     1.09159      1.0767  0.00332993
     1.84204      1.0767  0.00332993
     1.85497     1.07146     1.06684  0.00379131
     1.85497     1.06684  0.00379131
     1.86789     1.05015     1.06889  0.00419516
     1.86789     1.06889  0.00419516
     1.88082     1.05413     1.06434  0.00463457
     1.88082     1.06434  0.00463457
     1.89375      1.0293     1.06798  0.00358607
     1.89375     1.06798  0.00358607
     1.90667     1.07278     1.05994  0.00355198
     1.90667     1.05994  0.00355198
      1.9196     1.03703     1.05994  0.00329095
      1.9196     1.05994  0.00329095
     1.93253      1.0928      1.0621  0.00340964
     1.93253      1.0621  0.00340964
     1.94545     1.06538      1.0587  0.00392442
     1.94545      1.0587  0.00392442
     1.95838     1.03085     1.05737  0.00348923
     1.95838     1.05737  0.00348923
     1.97131     1.05727     1.05913  0.00261204
     1.97131     1.05913  0.00261204
     1.98423     1.10753     1.05865  0.00396474
     1.98423     1.05865  0.00396474
     1.99716     1.10353     1.05839  0.00397305
     1.99716     1.05839  0.00397305
     2.01009     1.09954     1.05955  0.00342456
     2.01009     1.05955  0.00342456
     2.02301     1.06269     1.06348   0.0030595
     2.02301     1.06348   0.0030595
     2.03594     1.08279      1.0612  0.00320126
     2.03594      1.0612  0.00320126
     2.04887     1.05043     1.05691   0.0033952
     2.04887     1.05691   0.0033952
     2.06179     1.05045     1.05866  0.00308255
     2.06179     1.05866  0.00308255
     2.07472     1.06944     1.06041  0.00429209
     2.07472     1.06041  0.00429209
     2.08765     1.03584     1.05255  0.00366655
     2.08765     1.05255  0.00366655
     2.10057     1.07222     1.05414  0.00302922
     2.10057     1.05414  0.00302922
      2.1135     1.07139     1.06055  0.00328634
      2.1135     1.06055  0.00328634
     2.12643     1.00622     1.05568  0.00317684
     2.12643     1.05568  0.00317684
     2.13935     1.06857     1.05819  0.00298866
     2.13935     1.05819  0.00298866
     2.15228      1.0949     1.05279  0.00331808
     2.15228     1.05279  0.00331808
     2.16521     1.10327     1.05525  0.00294727
     2.16521     1.05525  0.00294727
     2.17813     1.03086     1.04604  0.00300818
     2.17813     1.04604  0.00300818
     2.19106      1.0572     1.05051  0.00277989
     2.19106     1.05051  0.00277989
     2.20399     1.03427     1.04692  0.00270668
     2.20399     1.04692  0.00270668
     2.21691      1.0698     1.04525  0.00335335
     2.21691     1.04525  0.00335335
     2.22984      1.0439     1.05061  0.00287132
     2.22984     1.05061  0.00287132
     2.24277     1.05865     1.05063  0.00311779
     2.24277     1.05063  0.00311779
     2.25569     1.05798     1.04985   0.0026411
     2.25569     1.04985   0.0026411
     2.26862     1.03665     1.04473  0.00275203
     2.26862     1.04473  0.00275203
     2.28155     1.05122     1.04255  0.00320303
     2.28155     1.04255  0.00320303
     2.29447     1.02642     1.04163  0.00269589
     2.29447     1.04163  0.00269589
      2.3074     1.03636     1.04836  0.00270248
      2.3074     1.04836  0.00270248
     2.32033     1.05343     1.04325  0.00263523
     2.32033     1.04325  0.00263523
     2.33325     1.03446      1.0398  0.00312189
     2.33325      1.0398  0.00312189
     2.34618     1.06741     1.03866  0.00286448
     2.34618     1.03866  0.00286448
     2.35911     1.03485     1.04074  0.00323519
     2.35911     1.04074  0.00323519
     2.37203     1.06453     1.03965  0.00265508
     2.37203     1.03965  0.00265508
     2.38496     1.02396     1.03345  0.00287808
     2.38496     1.03345  0.00287808
     2.39789     1.00542     1.03059  0.00290408
     2.39789     1.03059  0.00290408
     2.41081     1.02487     1.03684  0.00306936
     2.41081     1.03684  0.00306936
     2.42374     1.04774     1.03205  0.00263436
     2.42374     1.03205  0.00263436
     2.43667     1.02974     1.03278  0.00294889
     2.43667     1.03278  0.00294889
     2.44959     1.00351     1.03251  0.00285894
     2.44959     1.03251  0.00285894
     2.46252     1.01594     1.02853  0.00263692
     2.46252     1.02853  0.00263692
     2.47545     1.00759     1.02675  0.00307328
     2.47545     1.02675  0.00307328
     2.48837     1.00359     1.02711  0.00283194
     2.48837     1.02711  0.00283194
      2.5013     1.05265     1.02571  0.00292137
      2.5013     1.02571  0.00292137
     2.51423      1.0166     1.01937  0.00271019
     2.51423     1.01937  0.00271019
     2.52715     1.02069      1.0251  0.00331215
     2.52715      1.0251  0.00331215
     2.54008      1.0128     1.02565  0.00205905
     2.54008     1.02565  0.00205905
     2.55301     1.02653     1.02543  0.00293521
     2.55301     1.02543  0.00293521
     2.56593     1.06383     1.02067  0.00211973
     2.56593     1.02067  0.00211973
     2.57886     1.03005     1.01803  0.00252212
     2.57886     1.01803  0.00252212
     2.59178     1.01607      1.0177  0.00237888
     2.59178      1.0177  0.00237888
     2.60471     1.05558      1.0188  0.00243805
     2.60471      1.0188  0.00243805
     2.61764     1.00009     1.01924   0.0022443
     2.61764     1.01924   0.0022443
     2.63056     1.01417     1.01621   0.0027743
     2.63056     1.01621   0.0027743
     2.64349     1.02369     1.01768  0.00229873
     2.64349     1.01768  0.00229873
     2.65642     1.03168     1.01478  0.00262258
     2.65642     1.01478  0.00262258
     2.66934     1.02844     1.01494  0.00235175
     2.66934     1.01494  0.00235175
     2.68227     0.98654     1.01055   0.0020401
     2.68227     1.01055   0.0020401
      2.6952     0.98322     1.01304   0.0025524
      2.6952     1.01304   0.0025524
     2.70812      1.0023     1.01276  0.00239681
     2.70812     1.01276  0.00239681
     2.72105     1.00527     1.01317  0.00258666
     2.72105     1.01317  0.00258666
     2.73398     1.04963     1.01299  0.00283034
     2.73398     1.01299  0.00283034
      2.7469     1.02602     1.01506  0.00211921
      2.7469     1.01506  0.00211921
     2.75983     1.00356     1.01031  0.00262571
     2.75983     1.01031  0.00262571
     2.77276     1.01647     1.01362  0.00243374
     2.77276     1.01362  0.00243374
     2.78568     1.00882     1.00855  0.00253797
     2.78568     1.00855  0.00253797
     2.79861      1.0116     1.00611   0.0022777
     2.79861     1.00611   0.0022777
     2.81154     1.00276      1.0082   0.0019471
     2.81154      1.0082   0.0019471
     2.82446    0.983739     1.00715  0.00229369
     2.82446     1.00715  0.00229369
     2.83739     1.01388     1.00885  0.00210458
     2.83739     1.00885  0.00210458
     2.85032     1.02744     1.00518  0.00271069
     2.85032     1.00518  0.00271069
     2.86324    0.995374      1.0062  0.00237947
     2.86324      1.0062  0.00237947
     2.87617     1.04474     1.00633  0.00215215
     2.87617     1.00633  0.00215215
      2.8891    0.983785     1.00418  0.00210319
      2.8891     1.00418  0.00210319
     2.90202     1.00374     1.00545  0.00255601
     2.90202     1.00545  0.00255601
     2.91495     1.01189      1.0071  0.00190813
     2.91495      1.0071  0.00190813
     2.92788     1.00325     1.00013  0.00224369
     2.92788     1.00013  0.00224369
      2.9408      1.0274      1.0019   0.0021459
      2.9408      1.0019   0.0021459
     2.95373    0.997651     1.00313  0.00202101
     2.95373     1.00313  0.00202101
     2.96666     1.01359     1.00076  0.00220318
     2.96666     1.00076  0.00220318
     2.97958     1.00854     1.00368   0.0023802
     2.97958     1.00368   0.0023802
     2.99251     1.01652     1.00343  0.00193087
     2.99251     1.00343  0.00193087
     3.00544     1.01814     1.00247  0.00195663
     3.00544     1.00247  0.00195663
     3.01836     1.01132    0.999807   0.0020726
     3.01836    0.999807   0.0020726
     3.03129     1.00643    0.997518  0.00204107
     3.03129    0.997518  0.00204107
     3.04422     1.01931    0.999017  0.00246017
     3.04422    0.999017  0.00246017
     3.05714     1.01973     1.00156  0.00215092
     3.05714     1.00156  0.00215092
     3.07007     1.00572     1.00271  0.00233725
     3.07007     1.00271  0.00233725
       3.083     0.98531     1.00348  0.00231647
       3.083     1.00348  0.00231647
     3.09592     1.02479     1.00125  0.00207086
     3.09592     1.00125  0.00207086
     3.10885    0.986919    0.997351  0.00205852
     3.10885    0.997351  0.00205852
     3.12178     1.03175     1.00031  0.00211666
     3.12178     1.00031  0.00211666
      3.1347    0.998087    0.996382  0.00216117
      3.1347    0.996382  0.00216117
     3.14763    0.991057     0.99814   0.0021094
     3.14763     0.99814   0.0021094
     3.16056     1.00271    0.996057  0.00200638
     3.16056    0.996057  0.00200638
     3.17348    0.969428    0.998919  0.00230201
     3.17348    0.998919  0.00230201
     3.18641      1.0221     0.99756  0.00222915
     3.18641     0.99756  0.00222915
     3.19934    0.972758    0.995247   0.0020618
     3.19934    0.995247   0.0020618
     3.21226    0.984389    0.998664  0.00220553
     3.21226    0.998664  0.00220553
     3.22519     1.00063    0.997553  0.00196711
     3.22519    0.997553  0.00196711
     3.23812    0.990261     0.99681  0.00214427
     3.23812     0.99681  0.00214427
     3.25104     1.00376    0.999897  0.00218857
     3.25104    0.999897  0.00218857
     3.26397     1.01883     0.99709  0.00188774
     3.26397     0.99709  0.00188774
      3.2769    0.996476    0.995671  0.00181152
      3.2769    0.995671  0.00181152
     3.28982    0.974756    0.997293  0.00185391
     3.28982    0.997293  0.00185391
     3.30275     1.00205    0.996918  0.00210076
     3.30275    0.996918  0.00210076
     3.31567    0.970503    0.995521  0.00195838
     3.31567    0.995521  0.00195838
      3.3286     1.00578    0.995074  0.00215668
      3.3286    0.995074  0.00215668
     3.34153      1.0069    0.997124  0.00194309
     3.34153    0.997124  0.00194309
     3.35445     1.00716    0.993831  0.00224008
     3.35445    0.993831  0.00224008
     3.36738     1.00688     0.99342  0.00174183
     3.36738     0.99342  0.00174183
     3.38031     1.00428    0.994872  0.00238138
     3.38031    0.994872  0.00238138
     3.39323    0.984862    0.994811  0.00199152
     3.39323    0.994811  0.00199152
     3.40616    0.975141    0.996179  0.00235343
     3.40616    0.996179  0.00235343
     3.41909     1.01011    0.999109  0.00191509
     3.41909    0.999109  0.00191509
     3.43201    0.985283    0.991882  0.00211085
     3.43201    0.991882  0.00211085
     3.44494     1.01047    0.995829  0.00198101
     3.44494    0.995829  0.00198101
     3.45787    0.999494    0.993729  0.00211095
     3.45787    0.993729  0.00211095
     3.47079     0.99159    0.995767  0.00177439
     3.47079    0.995767  0.00177439
     3.48372    0.991383     0.99264  0.00179938
     3.48372     0.99264  0.00179938
     3.49665    0.965046    0.999368  0.00218774
     3.49665    0.999368  0.00218774
     3.50957    0.996268    0.991979  0.00157343
     3.50957    0.991979  0.00157343
      3.5225    0.989337     0.99046  0.00173565
      3.5225     0.99046  0.00173565
     3.53543    0.998077    0.992123  0.00168544
     3.53543    0.992123  0.00168544
     3.54835     1.00576    0.994738  0.00182467
     3.54835    0.994738  0.00182467
     3.56128    0.994335    0.992025  0.00197362
     3.56128    0.992025  0.00197362
     3.57421    0.996882    0.991956  0.00182657
     3.57421    0.991956  0.00182657
     3.58713    0.995026     0.99338  0.00154302
     3.58713     0.99338  0.00154302
     3.60006     1.00953    0.993143  0.00156234
     3.60006    0.993143  0.00156234
     3.61299    0.988173    0.990771  0.00155026
     3.61299    0.990771  0.00155026
     3.62591    0.995621     0.99307  0.00188884
     3.62591     0.99307  0.00188884
     3.63884     1.00216    0.992122  0.00177085
     3.63884    0.992122  0.00177085
     3.65177    0.999098     0.99366  0.00190726
     3.65177     0.99366  0.00190726
     3.66469    0.993845    0.989282  0.00186682
     3.66469    0.989282  0.00186682
     3.67762    0.980296    0.991267  0.00187088
     3.67762    0.991267  0.00187088
     3.69055    0.993529     0.99416  0.00152178
     3.69055     0.99416  0.00152178
     3.70347    0.975468     0.99132  0.00169696
     3.70347     0.99132  0.00169696
      3.7164    0.998821    0.993383  0.00194296
      3.7164    0.993383  0.00194296
     3.72933    0.978056    0.992493  0.00152542
     3.72933    0.992493  0.00152542
     3.74225    0.998174    0.990594  0.00199042
     3.74225    0.990594  0.00199042
     3.75518    0.981936    0.991345  0.00174861
     3.75518    0.991345  0.00174861
     3.76811     1.01174    0.991269  0.00160362
     3.76811    0.991269  0.00160362
     3.78103     0.99144    0.989274  0.00167059
     3.78103    0.989274  0.00167059
     3.79396    0.986359    0.989679  0.00159235
     3.79396    0.989679  0.00159235
     3.80689     1.00878    0.993966  0.00198053
     3.80689    0.993966  0.00198053
     3.81981     1.01204    0.991257  0.00154794
     3.81981    0.991257  0.00154794
     3.83274     1.01997    0.991321  0.00169254
     3.83274    0.991321  0.00169254
     3.84567    0.984372    0.992447  0.00124063
     3.84567    0.992447  0.00124063
     3.85859    0.982611    0.990916  0.00156584
     3.85859    0.990916  0.00156584
     3.87152    0.995075    0.989911  0.00148024
     3.87152    0.989911  0.00148024
     3.88445     1.00992     0.99099  0.00182028
     3.88445     0.99099  0.00182028
     3.89737    0.979215    0.989164  0.00174224
     3.89737    0.989164  0.00174224
      3.9103    0.990869    0.992276  0.00174146
      3.9103    0.992276  0.00174146
     3.92323     1.01042    0.987651  0.00167253
     3.92323    0.987651  0.00167253
     3.93615     1.01417    0.993916  0.00183042
     3.93615    0.993916  0.00183042
     3.94908    0.998405    0.989233  0.00176293
     3.94908    0.989233  0.00176293
     3.96201      0.9866    0.991139  0.00151329
     3.96201    0.991139  0.00151329
     3.97493    0.974349    0.989694  0.00172514
     3.97493    0.989694  0.00172514
     3.98786     0.99686    0.988273   0.0016683
     3.98786    0.988273   0.0016683
     4.00079     1.02454    0.992023  0.00198504
     4.00079    0.992023  0.00198504
     4.01371    0.969623    0.988866  0.00178954
     4.01371    0.988866  0.00178954
     4.02664     1.00018    0.986362  0.00156055
     4.02664    0.986362  0.00156055
     4.03957    0.984288    0.989978   0.0016686
     4.03957    0.989978   0.0016686
     4.05249    0.985794    0.991578  0.00166496
     4.05249    0.991578  0.00166496
     4.06542    0.987674    0.990735  0.00174936
     4.06542    0.990735  0.00174936
     4.07834    0.990265    0.989659  0.00204038
     4.07834    0.989659  0.00204038
     4.09127    0.999614    0.987951  0.00160468
     4.09127    0.987951  0.00160468
      4.1042     0.97397    0.989898  0.00145786
      4.1042    0.989898  0.00145786
     4.11712    0.970083    0.988324  0.00159199
     4.11712    0.988324  0.00159199
     4.13005     1.00319    0.990567  0.00147827
     4.13005    0.990567  0.00147827
     4.14298     1.00112    0.990361  0.00172087
     4.14298    0.990361  0.00172087
      4.1559    0.998796    0.986084   0.0016258
      4.1559    0.986084   0.0016258
     4.16883    0.993333    0.991366  0.00131127
     4.16883    0.991366  0.00131127
     4.18176    0.986549    0.990013  0.00142428
     4.18176    0.990013  0.00142428
     4.19468    0.997259    0.988122  0.00151767
     4.19468    0.988122  0.00151767
     4.20761     0.98116    0.986355  0.00141679
     4.20761    0.986355  0.00141679
     4.22054     1.01836    0.988478  0.00176823
     4.22054    0.988478  0.00176823
     4.23346    0.997264    0.986658  0.00171837
     4.23346    0.986658  0.00171837
     4.24639    0.987029    0.988472  0.00139341
     4.24639    0.988472  0.00139341
     4.25932     1.00002    0.988005  0.00153058
     4.25932    0.988005  0.00153058
     4.27224    0.987986    0.990916  0.00167317
     4.27224    0.990916  0.00167317
     4.28517    0.993458    0.987818  0.00160037
     4.28517    0.987818  0.00160037
      4.2981     1.01569    0.988015  0.00160821
      4.2981    0.988015  0.00160821
     4.31102    0.961888     0.98572  0.00164701
     4.31102     0.98572  0.00164701
     4.32395    0.990596    0.986857  0.00136563
     4.32395    0.986857  0.00136563
     4.33688      1.0021    0.990161  0.00139856
     4.33688    0.990161  0.00139856
      4.3498    0.981085    0.988802  0.00167743
      4.3498    0.988802  0.00167743
     4.36273    0.995824    0.987259  0.00163859
     4.36273    0.987259  0.00163859
     4.37566    0.985543    0.987625  0.00147231
     4.37566    0.987625  0.00147231
     4.38858    0.983179    0.986574  0.00153347
     4.38858    0.986574  0.00153347
     4.40151    0.982532    0.986957   0.0013667
     4.40151    0.986957   0.0013667
     4.41444    0.973919    0.985904  0.00143121
     4.41444    0.985904  0.00143121
     4.42736     0.97679    0.986704  0.00161453
     4.42736    0.986704  0.00161453
     4.44029    0.987879    0.987433  0.00140447
     4.44029    0.987433  0.00140447
     4.45322    0.991465    0.987918  0.00150983
     4.45322    0.987918  0.00150983
     4.46614    0.978761    0.988659  0.00163013
     4.46614    0.988659  0.00163013
     4.47907    0.981189    0.990081  0.00164491
     4.47907    0.990081  0.00164491
       4.492    0.990296    0.989173  0.00147601
       4.492    0.989173  0.00147601
     4.50492    0.987037    0.988249  0.00138135
     4.50492    0.988249  0.00138135
     4.51785    0.985027    0.989035  0.00137212
     4.51785    0.989035  0.00137212
     4.53078      1.0079    0.989374  0.00138058
     4.53078    0.989374  0.00138058
      4.5437    0.974125    0.987969  0.00116177
      4.5437    0.987969  0.00116177
     4.55663    0.988592    0.987285  0.00130318
     4.55663    0.987285  0.00130318
     4.56956    0.982952    0.985256  0.00170471
     4.56956    0.985256  0.00170471
     4.58248    0.979478    0.989725  0.00130122
     4.58248    0.989725  0.00130122
     4.59541    0.995029    0.986957  0.00139179
     4.59541    0.986957  0.00139179
     4.60834    0.991333    0.988834  0.00155033
     4.60834    0.988834  0.00155033
     4.62126    0.995297    0.989705  0.00127366
     4.62126    0.989705  0.00127366
     4.63419    0.970589    0.986915  0.00132424
     4.63419    0.986915  0.00132424
     4.64712    0.976705     0.98886   0.0013557
     4.64712     0.98886   0.0013557
     4.66004     0.98552    0.988588  0.00145396
     4.66004    0.988588  0.00145396
     4.67297    0.984043    0.985108  0.00127162
     4.67297    0.985108  0.00127162
      4.6859    0.982879    0.984201  0.00149384
      4.6859    0.984201  0.00149384
     4.69882    0.995757    0.987503  0.00123079
     4.69882    0.987503  0.00123079
     4.71175    0.976846    0.985194  0.00133368
     4.71175    0.985194  0.00133368
     4.72468    0.997401    0.988957  0.00134586
     4.72468    0.988957  0.00134586
      4.7376    0.985058    0.986049  0.00108361
      4.7376    0.986049  0.00108361
     4.75053    0.985867    0.986289  0.00136517
     4.75053    0.986289  0.00136517
     4.76346    0.980775    0.987381  0.00146966
     4.76346    0.987381  0.00146966
     4.77638    0.989415    0.986413   0.0014063
     4.77638    0.986413   0.0014063
     4.78931    0.980304    0.986393  0.00125684
     4.78931    0.986393  0.00125684
     4.80223    0.980966      0.9856    0.001293
     4.80223      0.9856    0.001293
     4.81516    0.992276    0.988363  0.00122143
     4.81516    0.988363  0.00122143
     4.82809    0.987214    0.987725  0.00117149
     4.82809    0.987725  0.00117149
     4.84101    0.994354    0.987678  0.00121244
     4.84101    0.987678  0.00121244
     4.85394    0.989452    0.989992  0.00140182
     4.85394    0.989992  0.00140182
     4.86687     1.00129     0.98848  0.00143665
     4.86687     0.98848  0.00143665
     4.87979     1.00097    0.987212  0.00128995
     4.87979    0.987212  0.00128995
     4.89272    0.989592    0.986035  0.00119603
     4.89272    0.986035  0.00119603
     4.90565     1.00485    0.986678  0.00153401
     4.90565    0.986678  0.00153401
     4.91857    0.983222    0.986079  0.00130783
     4.91857    0.986079  0.00130783
      4.9315     1.00259    0.986634   0.0013681
      4.9315    0.986634   0.0013681
     4.94443    0.979588    0.985616  0.00104091
     4.94443    0.985616  0.00104091
     4.95735    0.992624    0.987184  0.00112446
     4.95735    0.987184  0.00112446
     4.97028    0.992036    0.987958  0.00123471
     4.97028    0.987958  0.00123471
     4.98321    0.992497     0.98703  0.00126482
     4.98321     0.98703  0.00126482
     4.99613    0.991433    0.988513  0.00116331
     4.99613    0.988513  0.00116331
     5.00906    0.982233    0.988937  0.00113544
     5.00906    0.988937  0.00113544
     5.02199    0.986856    0.985854  0.00143453
     5.02199    0.985854  0.00143453
     5.03491    0.989215    0.987507  0.00143855
     5.03491    0.987507  0.00143855
     5.04784    0.987601    0.984427  0.00102513
     5.04784    0.984427  0.00102513
     5.06077    0.997384    0.986485  0.00123077
     5.06077    0.986485  0.00123077
     5.07369     1.00462    0.988689   0.0012562
     5.07369    0.988689   0.0012562
     5.08662    0.982205    0.986403  0.00131549
     5.08662    0.986403  0.00131549
     5.09955     1.00485    0.986171  0.00135861
     5.09955    0.986171  0.00135861
     5.11247     0.98006    0.986874  0.00138184
     5.11247    0.986874  0.00138184
      5.1254    0.976164    0.985143  0.00124319
      5.1254    0.985143  0.00124319
     5.13833    0.979592    0.987101  0.00123399
     5.13833    0.987101  0.00123399
     5.15125     0.98263     0.98823  0.00124427
     5.15125     0.98823  0.00124427
     5.16418    0.997979    0.986049   0.0011577
     5.16418    0.986049   0.0011577
     5.17711    0.984069     0.98514  0.00132029
     5.17711     0.98514  0.00132029
     5.19003     1.00317    0.988406  0.00132079
     5.19003    0.988406  0.00132079
     5.20296    0.987916    0.987082  0.00103363
     5.20296    0.987082  0.00103363
     5.21589    0.995094    0.987872 0.000976356
     5.21589    0.987872 0.000976356
     5.22881    0.987178    0.988023  0.00128913
     5.22881    0.988023  0.00128913
     5.24174    0.990655    0.985255  0.00114671
     5.24174    0.985255  0.00114671
     5.25467    0.997058    0.988393  0.00138503
     5.25467    0.988393  0.00138503
     5.26759    0.979557    0.986151   0.0012449
     5.26759    0.986151   0.0012449
     5.28052    0.982372    0.984282  0.00116694
     5.28052    0.984282  0.00116694
     5.29345    0.989989     0.98665  0.00115101
     5.29345     0.98665  0.00115101
     5.30637    0.981932    0.988726  0.00114667
     5.30637    0.988726  0.00114667
      5.3193    0.989495    0.986988  0.00151185
      5.3193    0.986988  0.00151185
     5.33223    0.983179    0.983912  0.00114779
     5.33223    0.983912  0.00114779
     5.34515    0.983417    0.986943  0.00118345
     5.34515    0.986943  0.00118345
     5.35808    0.993887    0.986481  0.00125395
     5.35808    0.986481  0.00125395
     5.37101    0.996459    0.987634  0.00103009
     5.37101    0.987634  0.00103009
     5.38393     1.00411    0.986652  0.00138154
     5.38393    0.986652  0.00138154
     5.39686    0.992649    0.987595  0.00103567
     5.39686    0.987595  0.00103567
     5.40979    0.997533    0.986021  0.00128663
     5.40979    0.986021  0.00128663
     5.42271    0.994333    0.987683  0.00122702
     5.42271    0.987683  0.00122702
     5.43564    0.993237    0.987212  0.00113767
     5.43564    0.987212  0.00113767
     5.44857    0.984766    0.987809  0.00117064
     5.44857    0.987809  0.00117064
     5.46149     0.97667    0.985973  0.00113545
     5.46149    0.985973  0.00113545
     5.47442    0.976704    0.987244  0.00128657
     5.47442    0.987244  0.00128657
     5.48735    0.977446    0.985221  0.00119931
     5.48735    0.985221  0.00119931
     5.50027    0.991096    0.986709  0.00110891
     5.50027    0.986709  0.00110891
      5.5132    0.989792    0.986996  0.00115444
      5.5132    0.986996  0.00115444
     5.52612    0.993827     0.98696 0.000969064
     5.52612     0.98696 0.000969064
     5.53905     0.97983    0.986858  0.00120774
     5.53905    0.986858  0.00120774
     5.55198    0.983742    0.985502  0.00109555
     5.55198    0.985502  0.00109555
      5.5649     0.99589     0.98767  0.00122912
      5.5649     0.98767  0.00122912
     5.57783    0.997472    0.986521  0.00106822
     5.57783    0.986521  0.00106822
     5.59076    0.983783    0.986847  0.00116642
     5.59076    0.986847  0.00116642
     5.60368    0.982445    0.985862  0.00118842
     5.60368    0.985862  0.00118842
     5.61661    0.985227    0.987146  0.00113062
     5.61661    0.987146  0.00113062
     5.62954    0.983766    0.984337  0.00109753
     5.62954    0.984337  0.00109753
     5.64246    0.986103     0.98519  0.00117726
     5.64246     0.98519  0.00117726
     5.65539    0.988087    0.986059  0.00116531
     5.65539    0.986059  0.00116531
     5.66832    0.989192    0.986605 0.000959815
     5.66832    0.986605 0.000959815
     5.68124    0.988651    0.985831  0.00119403
     5.68124    0.985831  0.00119403
     5.69417      1.0022    0.988795  0.00125771
     5.69417    0.988795  0.00125771
      5.7071    0.994625     0.98652   0.0010485
      5.7071     0.98652   0.0010485
     5.72002    0.996929     0.98604  0.00121753
     5.72002     0.98604  0.00121753
     5.73295    0.985952    0.987488 0.000890686
     5.73295    0.987488 0.000890686
     5.74588    0.995056    0.987929  0.00127995
     5.74588    0.987929  0.00127995
      5.7588    0.989872     0.98598  0.00109601
      5.7588     0.98598  0.00109601
     5.77173    0.985614    0.987634  0.00114069
     5.77173    0.987634  0.00114069
     5.78466    0.988812    0.986369 0.000959909
     5.78466    0.986369 0.000959909
     5.79758    0.993565    0.987477  0.00123317
     5.79758    0.987477  0.00123317
     5.81051    0.998401    0.985664  0.00118017
     5.81051    0.985664  0.00118017
     5.82344    0.989435    0.985547 0.000905473
     5.82344    0.985547 0.000905473
     5.83636    0.986798    0.984688  0.00103569
     5.83636    0.984688  0.00103569
     5.84929    0.992137    0.985209   0.0010384
     5.84929    0.985209   0.0010384
     5.86222    0.978577      0.9862  0.00110687
     5.86222      0.9862  0.00110687
     5.87514    0.989336    0.984942  0.00103703
     5.87514    0.984942  0.00103703
     5.88807    0.999761    0.987618  0.00109537
     5.88807    0.987618  0.00109537
       5.901     1.00226    0.986678  0.00128477
       5.901    0.986678  0.00128477
     5.91392    0.986867    0.986466  0.00113342
     5.91392    0.986466  0.00113342
     5.92685    0.990648    0.987009  0.00114339
     5.92685    0.987009  0.00114339
     5.93978    0.981623     0.98492  0.00103374
     5.93978     0.98492  0.00103374
      5.9527    0.986598    0.984802  0.00111078
      5.9527    0.984802  0.00111078
     5.96563    0.991168    0.985757 0.000949177
     5.96563    0.985757 0.000949177
     5.97856    0.987206     0.98548  0.00110374
     5.97856     0.98548  0.00110374
     5.99148    0.986539    0.986657 0.000921408
     5.99148    0.986657 0.000921408
     6.00441    0.984699    0.986113 0.000973191
     6.00441    0.986113 0.000973191
     6.01734    0.987966    0.986538  0.00123537
     6.01734    0.986538  0.00123537
     6.03026    0.987341    0.986046  0.00116362
     6.03026    0.986046  0.00116362
     6.04319    0.984432    0.986506 0.000816391
     6.04319    0.986506 0.000816391
     6.05612    0.992667    0.985977  0.00107238
     6.05612    0.985977  0.00107238
     6.06904    0.989031    0.985094  0.00106925
     6.06904    0.985094  0.00106925
     6.08197    0.995187    0.985949  0.00103112
     6.08197    0.985949  0.00103112
      6.0949    0.988085    0.988011   0.0012751
      6.0949    0.988011   0.0012751
     6.10782    0.985924    0.986268   0.0012075
     6.10782    0.986268   0.0012075
     6.12075    0.991958    0.987111  0.00101573
     6.12075    0.987111  0.00101573
     6.13368    0.987721    0.986079 0.000985141
     6.13368    0.986079 0.000985141
      6.1466    0.990149    0.985141 0.000843506
      6.1466    0.985141 0.000843506
     6.15953    0.996154    0.987246 0.000984645
     6.15953    0.987246 0.000984645
     6.17246    0.981932    0.985146  0.00115348
     6.17246    0.985146  0.00115348
     6.18538    0.987576    0.985406  0.00104027
     6.18538    0.985406  0.00104027
     6.19831    0.983817    0.987026  0.00101819
     6.19831    0.987026  0.00101819
     6.21124    0.996215    0.986737  0.00117565
     6.21124    0.986737  0.00117565
     6.22416    0.992346    0.986753 0.000970307
     6.22416    0.986753 0.000970307
     6.23709    0.999549     0.98656  0.00128577
     6.23709     0.98656  0.00128577
     6.25002    0.975573    0.985571 0.000934686
     6.25002    0.985571 0.000934686
     6.26294    0.996749    0.988048  0.00102342
     6.26294    0.988048  0.00102342
     6.27587    0.989752    0.986517 0.000878392
     6.27587    0.986517 0.000878392
     6.28879      1.0054    0.985278  0.00103409
     6.28879    0.985278  0.00103409
     6.30172    0.991179    0.985839 0.000930396
     6.30172    0.985839 0.000930396
     6.31465    0.982493    0.985867 0.000916001
     6.31465    0.985867 0.000916001
     6.32757    0.991951    0.984778 0.000973401
     6.32757    0.984778 0.000973401
      6.3405    0.979403     0.98552  0.00100573
      6.3405     0.98552  0.00100573
     6.35343    0.988131    0.986298   0.0010231
     6.35343    0.986298   0.0010231
     6.36635    0.989101    0.984603 0.000898512
     6.36635    0.984603 0.000898512
     6.37928    0.985993    0.984681  0.00105958
     6.37928    0.984681  0.00105958
     6.39221    0.996489     0.98595  0.00109275
     6.39221     0.98595  0.00109275
     6.40513    0.988859    0.987095  0.00100032
     6.40513    0.987095  0.00100032
     6.41806    0.993874    0.985988 0.000969858
     6.41806    0.985988 0.000969858
     6.43099    0.984949    0.986328  0.00091114
     6.43099    0.986328  0.00091114
     6.44391     1.00697    0.986391  0.00095233
     6.44391    0.986391  0.00095233
     6.45684    0.989574    0.987086  0.00101896
     6.45684    0.987086  0.00101896
