  0.00256496           0           0
  0.00769489           0           0           0
  0.00769489           0           0
   0.0128248           0           0           0
   0.0128248           0           0
   0.0179547           0           0           0
   0.0179547           0           0
   0.0230847           0           0           0
   0.0230847           0           0
   0.0282146           0           0           0
   0.0282146           0           0
   0.0333445           0           0           0
   0.0333445           0           0
   0.0384745           0           0           0
   0.0384745           0           0
   0.0436044           0           0           0
   0.0436044           0           0
   0.0487343           0           0           0
   0.0487343           0           0
   0.0538642           0           0           0
   0.0538642           0           0
   0.0589942           0           0           0
   0.0589942           0           0
   0.0641241           0           0           0
   0.0641241           0           0
    0.069254           0           0           0
    0.069254           0           0
    0.074384           0           0           0
    0.074384           0           0
   0.0795139           0           0           0
   0.0795139           0           0
   0.0846438           0           0           0
   0.0846438           0           0
   0.0897737           0           0           0
   0.0897737           0           0
   0.0949037           0           0           0
   0.0949037           0           0
    0.100034           0           0           0
    0.100034           0           0
    0.105164           0           0           0
    0.105164           0           0
    0.110293           0           0           0
    0.110293           0           0
    0.115423           0           0           0
    0.115423           0           0
    0.120553           0           0           0
    0.120553           0           0
    0.125683           0           0           0
    0.125683           0           0
    0.130813           0           0           0
    0.130813           0           0
    0.135943           0           0           0
    0.135943           0           0
    0.141073           0           0           0
    0.141073           0           0
    0.146203           0           0           0
    0.146203           0           0
    0.151333           0           0           0
    0.151333           0           0
    0.156463           0           0           0
    0.156463           0           0
    0.161593           0           0           0
    0.161593           0           0
    0.166723           0           0           0
    0.166723           0           0
    0.171853           0           0           0
    0.171853           0           0
    0.176983           0           0           0
    0.176983           0           0
    0.182112           0           0           0
    0.182112           0           0
    0.187242           0           0           0
    0.187242           0           0
    0.192372           0           0           0
    0.192372           0           0
    0.197502           0           0           0
    0.197502           0           0
    0.202632           0           0           0
    0.202632           0           0
    0.207762           0           0           0
    0.207762           0           0
    0.212892           0           0           0
    0.212892           0           0
    0.218022           0           0           0
    0.218022           0           0
    0.223152           0           0           0
    0.223152           0           0
    0.228282           0           0           0
    0.228282           0           0
    0.233412           0           0           0
    0.233412           0           0
    0.238542           0           0           0
    0.238542           0           0
    0.243672           0           0           0
    0.243672           0           0
    0.248802           0           0           0
    0.248802           0           0
    0.253931           0           0           0
    0.253931           0           0
    0.259061           0           0           0
    0.259061           0           0
    0.264191           0           0           0
    0.264191           0           0
    0.269321           0           0           0
    0.269321           0           0
    0.274451           0           0           0
    0.274451           0           0
    0.279581           0           0           0
    0.279581           0           0
    0.284711           0           0           0
    0.284711           0           0
    0.289841           0           0           0
    0.289841           0           0
    0.294971           0           0           0
    0.294971           0           0
    0.300101           0           0           0
    0.300101           0           0
    0.305231           0           0           0
    0.305231           0           0
    0.310361           0           0           0
    0.310361           0           0
    0.315491           0           0           0
    0.315491           0           0
     0.32062           0           0           0
     0.32062           0           0
     0.32575           0           0           0
     0.32575           0           0
     0.33088           0           0           0
     0.33088           0           0
     0.33601           0           0           0
     0.33601           0           0
     0.34114           0           0           0
     0.34114           0           0
     0.34627           0           0           0
     0.34627           0           0
      0.3514           0           0           0
      0.3514           0           0
     0.35653           0           0           0
     0.35653           0           0
     0.36166           0           0           0
     0.36166           0           0
     0.36679           0           0           0
     0.36679           0           0
     0.37192           0           0           0
     0.37192           0           0
     0.37705           0           0           0
     0.37705           0           0
     0.38218           0           0           0
     0.38218           0           0
     0.38731           0           0           0
     0.38731           0           0
    0.392439           0           0           0
    0.392439           0           0
    0.397569           0           0           0
    0.397569           0           0
    0.402699           0           0           0
    0.402699           0           0
    0.407829           0           0           0
    0.407829           0           0
    0.412959           0           0           0
    0.412959           0           0
    0.418089           0           0           0
    0.418089           0           0
    0.423219           0           0           0
    0.423219           0           0
    0.428349           0           0           0
    0.428349           0           0
    0.433479           0           0           0
    0.433479           0           0
    0.438609           0           0           0
    0.438609           0           0
    0.443739           0           0           0
    0.443739           0           0
    0.448869           0           0           0
    0.448869           0           0
    0.453999           0           0           0
    0.453999           0           0
    0.459129           0           0           0
    0.459129           0           0
    0.464258           0           0           0
    0.464258           0           0
    0.469388           0           0           0
    0.469388           0           0
    0.474518           0           0           0
    0.474518           0           0
    0.479648           0           0           0
    0.479648           0           0
    0.484778           0           0           0
    0.484778           0           0
    0.489908           0           0           0
    0.489908           0           0
    0.495038           0           0           0
    0.495038           0           0
    0.500168           0           0           0
    0.500168           0           0
    0.505298           0           0           0
    0.505298           0           0
    0.510428           0           0           0
    0.510428           0           0
    0.515558           0           0           0
    0.515558           0           0
    0.520688           0           0           0
    0.520688           0           0
    0.525818           0           0           0
    0.525818           0           0
    0.530948           0           0           0
    0.530948           0           0
    0.536077           0           0           0
    0.536077           0           0
    0.541207           0           0           0
    0.541207           0           0
    0.546337           0           0           0
    0.546337           0           0
    0.551467           0           0           0
    0.551467           0           0
    0.556597           0           0           0
    0.556597           0           0
    0.561727           0           0           0
    0.561727           0           0
    0.566857           0           0           0
    0.566857           0           0
    0.571987           0           0           0
    0.571987           0           0
    0.577117           0           0           0
    0.577117           0           0
    0.582247           0           0           0
    0.582247           0           0
    0.587377           0           0           0
    0.587377           0           0
    0.592507           0           0           0
    0.592507           0           0
    0.597637           0           0           0
    0.597637           0           0
    0.602767           0           0           0
    0.602767           0           0
    0.607896           0           0           0
    0.607896           0           0
    0.613026           0           0           0
    0.613026           0           0
    0.618156           0           0           0
    0.618156           0           0
    0.623286           0           0           0
    0.623286           0           0
    0.628416           0           0           0
    0.628416           0           0
    0.633546           0           0           0
    0.633546           0           0
    0.638676           0           0           0
    0.638676           0           0
    0.643806           0           0           0
    0.643806           0           0
    0.648936           0           0           0
    0.648936           0           0
    0.654066           0           0           0
    0.654066           0           0
    0.659196           0           0           0
    0.659196           0           0
    0.664326           0           0           0
    0.664326           0           0
    0.669456           0           0           0
    0.669456           0           0
    0.674586           0           0           0
    0.674586           0           0
    0.679715           0           0           0
    0.679715           0           0
    0.684845           0           0           0
    0.684845           0           0
    0.689975           0           0           0
    0.689975           0           0
    0.695105           0           0           0
    0.695105           0           0
    0.700235           0           0           0
    0.700235           0           0
    0.705365           0           0           0
    0.705365           0           0
    0.710495           0           0           0
    0.710495           0           0
    0.715625           0           0           0
    0.715625           0           0
    0.720755           0           0           0
    0.720755           0           0
    0.725885           0           0           0
    0.725885           0           0
    0.731015           0           0           0
    0.731015           0           0
    0.736145           0           0           0
    0.736145           0           0
    0.741275           0           0           0
    0.741275           0           0
    0.746405           0           0           0
    0.746405           0           0
    0.751534           0           0           0
    0.751534           0           0
    0.756664           0           0           0
    0.756664           0           0
    0.761794           0           0           0
    0.761794           0           0
    0.766924           0           0           0
    0.766924           0           0
    0.772054           0           0           0
    0.772054           0           0
    0.777184           0           0           0
    0.777184           0           0
    0.782314           0           0           0
    0.782314           0           0
    0.787444           0           0           0
    0.787444           0           0
    0.792574           0           0           0
    0.792574           0           0
    0.797704           0           0           0
    0.797704           0           0
    0.802834           0           0           0
    0.802834           0           0
    0.807964           0           0           0
    0.807964           0           0
    0.813094           0           0           0
    0.813094           0           0
    0.818223           0           0           0
    0.818223           0           0
    0.823353           0           0           0
    0.823353           0           0
    0.828483           0           0           0
    0.828483           0           0
    0.833613           0           0           0
    0.833613           0           0
    0.838743           0           0           0
    0.838743           0           0
    0.843873           0           0           0
    0.843873           0           0
    0.849003           0           0           0
    0.849003           0           0
    0.854133           0           0           0
    0.854133           0           0
    0.859263           0           0           0
    0.859263           0           0
    0.864393           0 4.80586e-05 2.25415e-05
    0.864393 4.80586e-05 2.25415e-05
    0.869523           0 5.22426e-05 1.93386e-05
    0.869523 5.22426e-05 1.93386e-05
    0.874653           0 7.04067e-05 2.22645e-05
    0.874653 7.04067e-05 2.22645e-05
    0.879783  0.00046392 0.000334022 3.99941e-05
    0.879783 0.000334022 3.99941e-05
    0.884913  0.00137567 0.000669493 7.58603e-05
    0.884913 0.000669493 7.58603e-05
    0.890042  0.00249307  0.00177688 0.000142675
    0.890042  0.00177688 0.000142675
    0.895172  0.00627348  0.00329806 0.000217231
    0.895172  0.00329806 0.000217231
    0.900302   0.0112969  0.00614017 0.000224065
    0.900302  0.00614017 0.000224065
    0.905432   0.0100742   0.0111079  0.00030504
    0.905432   0.0111079  0.00030504
    0.910562   0.0270679   0.0197531 0.000415641
    0.910562   0.0197531 0.000415641
    0.915692   0.0312621   0.0325425 0.000506908
    0.915692   0.0325425 0.000506908
    0.920822   0.0535714   0.0508272 0.000677873
    0.920822   0.0508272 0.000677873
    0.925952   0.0655438    0.076014 0.000975045
    0.925952    0.076014 0.000975045
    0.931082     0.10583    0.111343  0.00117802
    0.931082    0.111343  0.00117802
    0.936212    0.158956    0.152643  0.00139161
    0.936212    0.152643  0.00139161
    0.941342    0.212137    0.207675  0.00155233
    0.941342    0.207675  0.00155233
    0.946472    0.268968    0.276424   0.0017228
    0.946472    0.276424   0.0017228
    0.951602    0.343401    0.358184  0.00233811
    0.951602    0.358184  0.00233811
    0.956732    0.439372    0.447778  0.00221737
    0.956732    0.447778  0.00221737
    0.961861    0.556956     0.55762   0.0024352
    0.961861     0.55762   0.0024352
    0.966991    0.677596    0.665468  0.00336192
    0.966991    0.665468  0.00336192
    0.972121    0.781605    0.795964  0.00323619
    0.972121    0.795964  0.00323619
    0.977251    0.889415    0.925142  0.00325496
    0.977251    0.925142  0.00325496
    0.982381     1.03084     1.06193  0.00357385
    0.982381     1.06193  0.00357385
    0.987511      1.2039     1.20447  0.00351158
    0.987511     1.20447  0.00351158
    0.992641     1.35712     1.34148  0.00421941
    0.992641     1.34148  0.00421941
    0.997771     1.46728     1.48071  0.00419728
    0.997771     1.48071  0.00419728
      1.0029     1.61582     1.61105  0.00483947
      1.0029     1.61105  0.00483947
     1.00803     1.77858     1.74631  0.00493235
     1.00803     1.74631  0.00493235
     1.01316      1.8743     1.87019  0.00433675
     1.01316     1.87019  0.00433675
     1.01829     1.95884     1.98285   0.0044983
     1.01829     1.98285   0.0044983
     1.02342     2.11958     2.09067  0.00443967
     1.02342     2.09067  0.00443967
     1.02855     2.24512     2.18826  0.00418629
     1.02855     2.18826  0.00418629
     1.03368     2.32052     2.27938  0.00481258
     1.03368     2.27938  0.00481258
     1.03881     2.39033     2.35446  0.00552537
     1.03881     2.35446  0.00552537
     1.04394     2.40643     2.40735  0.00478883
     1.04394     2.40735  0.00478883
     1.04907     2.46534     2.47072  0.00449281
     1.04907     2.47072  0.00449281
      1.0542     2.52994      2.5104   0.0047121
      1.0542      2.5104   0.0047121
     1.05933     2.61349     2.53573  0.00479119
     1.05933     2.53573  0.00479119
     1.06446     2.61466     2.55803  0.00470104
     1.06446     2.55803  0.00470104
     1.06959     2.60957     2.56604  0.00397688
     1.06959     2.56604  0.00397688
     1.07472     2.59529     2.58673  0.00362719
     1.07472     2.58673  0.00362719
     1.07985     2.63028     2.57345   0.0043219
     1.07985     2.57345   0.0043219
     1.08498     2.54369     2.57594  0.00396308
     1.08498     2.57594  0.00396308
     1.09011     2.54988      2.5642  0.00411349
     1.09011      2.5642  0.00411349
     1.09524     2.51347      2.5384  0.00341194
     1.09524      2.5384  0.00341194
     1.10037     2.47897     2.50959  0.00429294
     1.10037     2.50959  0.00429294
      1.1055     2.49348     2.48519  0.00304433
      1.1055     2.48519  0.00304433
     1.11063      2.4622     2.44937  0.00434655
     1.11063     2.44937  0.00434655
     1.11576      2.4187     2.40607  0.00304475
     1.11576     2.40607  0.00304475
     1.12089     2.41362     2.36965   0.0041129
     1.12089     2.36965   0.0041129
     1.12602      2.3659     2.33388  0.00463437
     1.12602     2.33388  0.00463437
     1.13115     2.29159     2.29176  0.00454666
     1.13115     2.29176  0.00454666
     1.13628     2.30766     2.24563  0.00378776
     1.13628     2.24563  0.00378776
     1.14141     2.15067     2.19139  0.00390867
     1.14141     2.19139  0.00390867
     1.14654     2.18897     2.15592  0.00384383
     1.14654     2.15592  0.00384383
     1.15167     2.10792     2.11269  0.00332088
     1.15167     2.11269  0.00332088
      1.1568     2.06847      2.0626  0.00368966
      1.1568      2.0626  0.00368966
     1.16193     2.03894     2.01453  0.00374493
     1.16193     2.01453  0.00374493
     1.16706     1.95383     1.97053  0.00347575
     1.16706     1.97053  0.00347575
     1.17219     1.94264     1.92429  0.00334675
     1.17219     1.92429  0.00334675
     1.17732     1.90956     1.88036   0.0032531
     1.17732     1.88036   0.0032531
     1.18245     1.83884     1.83873  0.00320407
     1.18245     1.83873  0.00320407
     1.18758     1.78581     1.79714  0.00321738
     1.18758     1.79714  0.00321738
     1.19271     1.75837     1.75349  0.00282354
     1.19271     1.75349  0.00282354
     1.19784      1.7337     1.71387  0.00296256
     1.19784     1.71387  0.00296256
     1.20297     1.67602     1.66919  0.00303098
     1.20297     1.66919  0.00303098
      1.2081     1.62479      1.6339  0.00332176
      1.2081      1.6339  0.00332176
     1.21323     1.60181     1.59489  0.00311155
     1.21323     1.59489  0.00311155
     1.21836     1.54747     1.55799  0.00306009
     1.21836     1.55799  0.00306009
     1.22349     1.52696     1.51836  0.00318331
     1.22349     1.51836  0.00318331
     1.22862      1.4738     1.48353  0.00304748
     1.22862     1.48353  0.00304748
     1.23375     1.45354     1.45155  0.00290952
     1.23375     1.45155  0.00290952
     1.23888     1.38105     1.41869   0.0030269
     1.23888     1.41869   0.0030269
     1.24401     1.39011     1.38188  0.00317834
     1.24401     1.38188  0.00317834
     1.24914     1.36099      1.3564  0.00277224
     1.24914      1.3564  0.00277224
     1.25427     1.34406     1.32623  0.00254297
     1.25427     1.32623  0.00254297
      1.2594     1.29702     1.30328   0.0029947
      1.2594     1.30328   0.0029947
     1.26453     1.22286     1.26875  0.00257699
     1.26453     1.26875  0.00257699
     1.26966     1.22981     1.24671  0.00318292
     1.26966     1.24671  0.00318292
     1.27479     1.19707     1.21697  0.00250073
     1.27479     1.21697  0.00250073
     1.27992     1.18672     1.18927  0.00245931
     1.27992     1.18927  0.00245931
     1.28505     1.14715     1.16816  0.00205864
     1.28505     1.16816  0.00205864
     1.29018     1.12672     1.14517  0.00243619
     1.29018     1.14517  0.00243619
     1.29531     1.12092     1.12238  0.00261878
     1.29531     1.12238  0.00261878
     1.30044     1.08077     1.09907  0.00238256
     1.30044     1.09907  0.00238256
     1.30557     1.07356     1.07264  0.00259036
     1.30557     1.07264  0.00259036
      1.3107     1.06162     1.05676  0.00270489
      1.3107     1.05676  0.00270489
     1.31583     1.04185     1.03816  0.00266275
     1.31583     1.03816  0.00266275
     1.32096     1.00043     1.01773  0.00227815
     1.32096     1.01773  0.00227815
     1.32609    0.985765     1.00572  0.00246948
     1.32609     1.00572  0.00246948
     1.33122     0.97494    0.988891  0.00242548
     1.33122    0.988891  0.00242548
     1.33635    0.958722    0.967139  0.00198414
     1.33635    0.967139  0.00198414
     1.34148     0.94452    0.954648  0.00215067
     1.34148    0.954648  0.00215067
     1.34661    0.956644    0.940088  0.00203318
     1.34661    0.940088  0.00203318
     1.35174    0.909503    0.921986  0.00208797
     1.35174    0.921986  0.00208797
     1.35687    0.858853    0.905114  0.00221713
     1.35687    0.905114  0.00221713
       1.362    0.876689    0.894277  0.00198915
       1.362    0.894277  0.00198915
     1.36713    0.865319    0.882281  0.00209249
     1.36713    0.882281  0.00209249
     1.37226    0.871637    0.871094   0.0020192
     1.37226    0.871094   0.0020192
     1.37739    0.838659     0.85843  0.00217769
     1.37739     0.85843  0.00217769
     1.38252    0.841464     0.84766  0.00223754
     1.38252     0.84766  0.00223754
     1.38765    0.836093    0.837524  0.00195092
     1.38765    0.837524  0.00195092
     1.39278    0.819579    0.823078  0.00217569
     1.39278    0.823078  0.00217569
     1.39791    0.789044     0.81886  0.00197734
     1.39791     0.81886  0.00197734
     1.40304    0.786385    0.804992  0.00195345
     1.40304    0.804992  0.00195345
     1.40817     0.80131     0.79769  0.00211928
     1.40817     0.79769  0.00211928
      1.4133    0.778785    0.790233  0.00178915
      1.4133    0.790233  0.00178915
     1.41843    0.781907    0.777565    0.001604
     1.41843    0.777565    0.001604
     1.42355    0.789571     0.77092  0.00195838
     1.42355     0.77092  0.00195838
     1.42868    0.758578    0.762917  0.00203682
     1.42868    0.762917  0.00203682
     1.43381    0.752636    0.756281  0.00175358
     1.43381    0.756281  0.00175358
     1.43894    0.739128    0.748863  0.00200173
     1.43894    0.748863  0.00200173
     1.44407    0.758854    0.743913  0.00187707
     1.44407    0.743913  0.00187707
      1.4492    0.750585    0.734927  0.00167912
      1.4492    0.734927  0.00167912
     1.45433     0.72968    0.733481  0.00176495
     1.45433    0.733481  0.00176495
     1.45946    0.723885    0.726625  0.00169742
     1.45946    0.726625  0.00169742
     1.46459     0.71807    0.722394   0.0017973
     1.46459    0.722394   0.0017973
     1.46972    0.687299    0.715361  0.00170201
     1.46972    0.715361  0.00170201
     1.47485    0.686571    0.711663  0.00192111
     1.47485    0.711663  0.00192111
     1.47998     0.70264    0.705418  0.00192779
     1.47998    0.705418  0.00192779
     1.48511    0.708783    0.702242  0.00192965
     1.48511    0.702242  0.00192965
     1.49024     0.69413    0.697673  0.00156186
     1.49024    0.697673  0.00156186
     1.49537    0.714426    0.695255  0.00192332
     1.49537    0.695255  0.00192332
      1.5005    0.685866    0.694107  0.00174469
      1.5005    0.694107  0.00174469
     1.50563    0.685477    0.688774  0.00188648
     1.50563    0.688774  0.00188648
     1.51076    0.680043    0.685611  0.00169635
     1.51076    0.685611  0.00169635
     1.51589    0.698419    0.683638  0.00159394
     1.51589    0.683638  0.00159394
     1.52102    0.677419    0.680436  0.00165665
     1.52102    0.680436  0.00165665
     1.52615    0.685514    0.677448  0.00205309
     1.52615    0.677448  0.00205309
     1.53128    0.660408     0.67811  0.00170115
     1.53128     0.67811  0.00170115
     1.53641    0.684832    0.675372  0.00170248
     1.53641    0.675372  0.00170248
     1.54154    0.671669    0.675241  0.00167569
     1.54154    0.675241  0.00167569
     1.54667    0.676602    0.673369  0.00142728
     1.54667    0.673369  0.00142728
      1.5518    0.676386    0.670299  0.00154218
      1.5518    0.670299  0.00154218
     1.55693    0.667196    0.671486  0.00165918
     1.55693    0.671486  0.00165918
     1.56206    0.655904     0.67038  0.00147698
     1.56206     0.67038  0.00147698
     1.56719     0.69058    0.671715  0.00127953
     1.56719    0.671715  0.00127953
     1.57232    0.671483    0.670748  0.00153876
     1.57232    0.670748  0.00153876
     1.57745    0.664453     0.66968  0.00154712
     1.57745     0.66968  0.00154712
     1.58258    0.673128     0.67166  0.00196048
     1.58258     0.67166  0.00196048
     1.58771    0.682958    0.669997   0.0015872
     1.58771    0.669997   0.0015872
     1.59284    0.655002    0.673399  0.00140701
     1.59284    0.673399  0.00140701
     1.59797    0.678365    0.673502  0.00163586
     1.59797    0.673502  0.00163586
      1.6031     0.68437    0.677684  0.00150454
      1.6031    0.677684  0.00150454
     1.60823    0.673486    0.677817   0.0013162
     1.60823    0.677817   0.0013162
     1.61336    0.700249    0.684022  0.00170772
     1.61336    0.684022  0.00170772
     1.61849    0.677448    0.681834  0.00158552
     1.61849    0.681834  0.00158552
     1.62362    0.686796    0.683265  0.00146137
     1.62362    0.683265  0.00146137
     1.62875    0.691275    0.689732  0.00162516
     1.62875    0.689732  0.00162516
     1.63388    0.692926    0.687667  0.00143621
     1.63388    0.687667  0.00143621
     1.63901    0.693408     0.69443  0.00182263
     1.63901     0.69443  0.00182263
     1.64414    0.674343    0.697687  0.00176649
     1.64414    0.697687  0.00176649
     1.64927    0.691144    0.699149  0.00179043
     1.64927    0.699149  0.00179043
      1.6544    0.699459    0.701755  0.00165904
      1.6544    0.701755  0.00165904
     1.65953      0.7014    0.706749  0.00149011
     1.65953    0.706749  0.00149011
     1.66466    0.729803    0.710889   0.0014449
     1.66466    0.710889   0.0014449
     1.66979    0.713477    0.714952   0.0017542
     1.66979    0.714952   0.0017542
     1.67492    0.713977    0.719116  0.00172672
     1.67492    0.719116  0.00172672
     1.68005    0.719102     0.72552    0.001727
     1.68005     0.72552    0.001727
     1.68518    0.731611    0.729135  0.00172302
     1.68518    0.729135  0.00172302
     1.69031    0.741881    0.735167  0.00180542
     1.69031    0.735167  0.00180542
     1.69544    0.748891    0.741477    0.001252
     1.69544    0.741477    0.001252
     1.70057    0.730659    0.744592  0.00166379
     1.70057    0.744592  0.00166379
      1.7057    0.757867    0.751594  0.00143195
      1.7057    0.751594  0.00143195
     1.71083    0.767744    0.759402  0.00174236
     1.71083    0.759402  0.00174236
     1.71596     0.75505    0.762744  0.00174485
     1.71596    0.762744  0.00174485
     1.72109    0.754678    0.768924  0.00177074
     1.72109    0.768924  0.00177074
     1.72622    0.775264    0.773736  0.00169061
     1.72622    0.773736  0.00169061
     1.73135    0.809609    0.783263  0.00132884
     1.73135    0.783263  0.00132884
     1.73648    0.802391    0.788701  0.00139627
     1.73648    0.788701  0.00139627
     1.74161    0.818388    0.795486  0.00199279
     1.74161    0.795486  0.00199279
     1.74674    0.788932    0.802233  0.00153573
     1.74674    0.802233  0.00153573
     1.75187    0.809474    0.808188  0.00171286
     1.75187    0.808188  0.00171286
       1.757    0.824761    0.814712  0.00158267
       1.757    0.814712  0.00158267
     1.76213     0.82835    0.823559  0.00171609
     1.76213    0.823559  0.00171609
     1.76726     0.85436    0.830481  0.00157434
     1.76726    0.830481  0.00157434
     1.77239    0.835991     0.83909  0.00166557
     1.77239     0.83909  0.00166557
     1.77752    0.866972    0.848939  0.00186197
     1.77752    0.848939  0.00186197
     1.78265    0.862272    0.853383  0.00170439
     1.78265    0.853383  0.00170439
     1.78778    0.859128    0.861195  0.00157124
     1.78778    0.861195  0.00157124
     1.79291    0.881475    0.869979   0.0013837
     1.79291    0.869979   0.0013837
     1.79804    0.886115    0.880418  0.00172577
     1.79804    0.880418  0.00172577
     1.80317    0.882627    0.886945  0.00212042
     1.80317    0.886945  0.00212042
      1.8083    0.912162     0.89375  0.00207574
      1.8083     0.89375  0.00207574
     1.81343    0.909357    0.904671  0.00218431
     1.81343    0.904671  0.00218431
     1.81856    0.919597    0.911885  0.00159647
     1.81856    0.911885  0.00159647
     1.82369    0.963826    0.919393  0.00204395
     1.82369    0.919393  0.00204395
     1.82882    0.941087    0.927305  0.00168071
     1.82882    0.927305  0.00168071
     1.83395    0.951631    0.938072  0.00195509
     1.83395    0.938072  0.00195509
     1.83908    0.958273    0.946135  0.00158039
     1.83908    0.946135  0.00158039
     1.84421    0.952052     0.95133  0.00213967
     1.84421     0.95133  0.00213967
     1.84934    0.991295    0.960524  0.00191585
     1.84934    0.960524  0.00191585
     1.85447    0.979344    0.971133  0.00211222
     1.85447    0.971133  0.00211222
      1.8596    0.978414    0.981529   0.0020644
      1.8596    0.981529   0.0020644
     1.86473    0.999681    0.987836  0.00148735
     1.86473    0.987836  0.00148735
     1.86986      1.0112    0.993327  0.00178067
     1.86986    0.993327  0.00178067
     1.87499     1.01671     1.00426  0.00166609
     1.87499     1.00426  0.00166609
     1.88012     1.01574     1.01092  0.00151053
     1.88012     1.01092  0.00151053
     1.88525     1.02194     1.02203  0.00202354
     1.88525     1.02203  0.00202354
     1.89038     1.05222     1.02848  0.00191421
     1.89038     1.02848  0.00191421
     1.89551     1.06187     1.03511  0.00192205
     1.89551     1.03511  0.00192205
     1.90064     1.04188     1.04289   0.0018326
     1.90064     1.04289   0.0018326
     1.90577     1.07652     1.05394  0.00174949
     1.90577     1.05394  0.00174949
      1.9109     1.08801     1.05958  0.00169019
      1.9109     1.05958  0.00169019
     1.91603     1.06678     1.06445   0.0017365
     1.91603     1.06445   0.0017365
     1.92116     1.09213     1.07464  0.00198158
     1.92116     1.07464  0.00198158
     1.92629     1.09697     1.08329  0.00175145
     1.92629     1.08329  0.00175145
     1.93142     1.10915     1.09044  0.00156579
     1.93142     1.09044  0.00156579
     1.93655     1.09169     1.09791  0.00169208
     1.93655     1.09791  0.00169208
     1.94168     1.10655     1.10284  0.00189589
     1.94168     1.10284  0.00189589
     1.94681     1.11702      1.1093  0.00169402
     1.94681      1.1093  0.00169402
     1.95194     1.11323     1.11779  0.00197121
     1.95194     1.11779  0.00197121
     1.95707     1.12564     1.12256  0.00181934
     1.95707     1.12256  0.00181934
      1.9622     1.11757     1.12919  0.00155306
      1.9622     1.12919  0.00155306
     1.96733     1.17479     1.13718  0.00197261
     1.96733     1.13718  0.00197261
     1.97246     1.14239     1.14377  0.00181399
     1.97246     1.14377  0.00181399
     1.97759     1.15515      1.1494  0.00164364
     1.97759      1.1494  0.00164364
     1.98272     1.15749     1.15436  0.00162299
     1.98272     1.15436  0.00162299
     1.98785      1.1518      1.1599  0.00158882
     1.98785      1.1599  0.00158882
     1.99298     1.14809     1.16567  0.00149057
     1.99298     1.16567  0.00149057
     1.99811     1.16442     1.16999  0.00176545
     1.99811     1.16999  0.00176545
     2.00324     1.18777     1.17508  0.00152349
     2.00324     1.17508  0.00152349
     2.00837      1.1725     1.18073  0.00177622
     2.00837     1.18073  0.00177622
      2.0135      1.1857     1.18355  0.00208423
      2.0135     1.18355  0.00208423
     2.01863     1.17982     1.19227  0.00159113
     2.01863     1.19227  0.00159113
     2.02376     1.17775     1.19336  0.00151331
     2.02376     1.19336  0.00151331
     2.02889       1.196     1.19632  0.00177434
     2.02889     1.19632  0.00177434
     2.03402     1.19028      1.2011  0.00171509
     2.03402      1.2011  0.00171509
     2.03915     1.19631     1.20107  0.00160077
     2.03915     1.20107  0.00160077
     2.04428     1.19774      1.2077  0.00157867
     2.04428      1.2077  0.00157867
     2.04941     1.21257     1.20703  0.00142879
     2.04941     1.20703  0.00142879
     2.05454     1.20482      1.2089   0.0015962
     2.05454      1.2089   0.0015962
     2.05967     1.19989     1.21312  0.00151425
     2.05967     1.21312  0.00151425
      2.0648     1.21006     1.21192  0.00147535
      2.0648     1.21192  0.00147535
     2.06993     1.19569     1.21619  0.00130111
     2.06993     1.21619  0.00130111
     2.07506     1.19771     1.21247  0.00165254
     2.07506     1.21247  0.00165254
     2.08019     1.19708     1.21446  0.00158919
     2.08019     1.21446  0.00158919
     2.08532     1.21126     1.21531  0.00164522
     2.08532     1.21531  0.00164522
     2.09045     1.22455     1.21685  0.00162654
     2.09045     1.21685  0.00162654
     2.09558     1.20213     1.21401  0.00135094
     2.09558     1.21401  0.00135094
     2.10071     1.21538     1.21339  0.00132375
     2.10071     1.21339  0.00132375
     2.10584     1.20453     1.21122  0.00171027
     2.10584     1.21122  0.00171027
     2.11097     1.20622     1.20795  0.00167817
     2.11097     1.20795  0.00167817
      2.1161     1.19741     1.20778  0.00163872
      2.1161     1.20778  0.00163872
     2.12123     1.18213     1.20311  0.00170515
     2.12123     1.20311  0.00170515
     2.12636     1.18719     1.20303  0.00136227
     2.12636     1.20303  0.00136227
     2.13149     1.18156     1.19733  0.00180858
     2.13149     1.19733  0.00180858
     2.13661     1.17885      1.1987  0.00180417
     2.13661      1.1987  0.00180417
     2.14174     1.19344     1.19281  0.00151985
     2.14174     1.19281  0.00151985
     2.14687     1.19293     1.19215  0.00161296
     2.14687     1.19215  0.00161296
       2.152     1.17949     1.18787  0.00156028
       2.152     1.18787  0.00156028
     2.15713     1.18056     1.18119  0.00156732
     2.15713     1.18119  0.00156732
     2.16226     1.17397     1.17867  0.00169137
     2.16226     1.17867  0.00169137
     2.16739     1.14786     1.17424  0.00165673
     2.16739     1.17424  0.00165673
     2.17252      1.1453      1.1696  0.00186478
     2.17252      1.1696  0.00186478
     2.17765       1.151      1.1675  0.00169818
     2.17765      1.1675  0.00169818
     2.18278     1.14318     1.15966  0.00165579
     2.18278     1.15966  0.00165579
     2.18791     1.14499     1.15331  0.00181881
     2.18791     1.15331  0.00181881
     2.19304     1.15551     1.14854  0.00177276
     2.19304     1.14854  0.00177276
     2.19817     1.16052      1.1458  0.00171853
     2.19817      1.1458  0.00171853
      2.2033     1.15365     1.13618  0.00163411
      2.2033     1.13618  0.00163411
     2.20843     1.13272      1.1337  0.00158224
     2.20843      1.1337  0.00158224
     2.21356     1.12708     1.12777  0.00181452
     2.21356     1.12777  0.00181452
     2.21869     1.10258     1.12165  0.00154881
     2.21869     1.12165  0.00154881
     2.22382     1.10385     1.11582  0.00140525
     2.22382     1.11582  0.00140525
     2.22895     1.11019     1.11208  0.00163303
     2.22895     1.11208  0.00163303
     2.23408     1.10586     1.10553  0.00136868
     2.23408     1.10553  0.00136868
     2.23921     1.09145      1.1008  0.00143261
     2.23921      1.1008  0.00143261
     2.24434     1.08785      1.0963  0.00168622
     2.24434      1.0963  0.00168622
     2.24947     1.07676     1.08721  0.00150906
     2.24947     1.08721  0.00150906
      2.2546     1.07932     1.08273  0.00172957
      2.2546     1.08273  0.00172957
     2.25973     1.07594     1.07595  0.00183516
     2.25973     1.07595  0.00183516
     2.26486     1.06582     1.07133  0.00160737
     2.26486     1.07133  0.00160737
     2.26999     1.03508     1.06484  0.00157633
     2.26999     1.06484  0.00157633
     2.27512     1.06767     1.06247  0.00174567
     2.27512     1.06247  0.00174567
     2.28025     1.04181      1.0542  0.00132351
     2.28025      1.0542  0.00132351
     2.28538     1.05388     1.04999  0.00161047
     2.28538     1.04999  0.00161047
     2.29051      1.0441     1.04449  0.00156744
     2.29051     1.04449  0.00156744
     2.29564     1.03211       1.038  0.00132389
     2.29564       1.038  0.00132389
     2.30077     1.02138     1.03255  0.00160729
     2.30077     1.03255  0.00160729
      2.3059     1.00894     1.02778  0.00136259
      2.3059     1.02778  0.00136259
     2.31103     1.00271     1.02329  0.00126187
     2.31103     1.02329  0.00126187
     2.31616     1.01334     1.01657  0.00141068
     2.31616     1.01657  0.00141068
     2.32129    0.991337       1.013  0.00132279
     2.32129       1.013  0.00132279
     2.32642    0.987766     1.00813  0.00148475
     2.32642     1.00813  0.00148475
     2.33155     1.00529     1.00051  0.00146865
     2.33155     1.00051  0.00146865
     2.33668     1.00006    0.998461  0.00141553
     2.33668    0.998461  0.00141553
     2.34181    0.981178    0.992405   0.0013248
     2.34181    0.992405   0.0013248
     2.34694    0.990648    0.988762  0.00142318
     2.34694    0.988762  0.00142318
     2.35207    0.976433    0.982881  0.00122296
     2.35207    0.982881  0.00122296
      2.3572    0.983918    0.978486  0.00164912
      2.3572    0.978486  0.00164912
     2.36233    0.982834    0.975542  0.00141859
     2.36233    0.975542  0.00141859
     2.36746    0.956541     0.96937  0.00153444
     2.36746     0.96937  0.00153444
     2.37259    0.967973    0.963252  0.00138536
     2.37259    0.963252  0.00138536
     2.37772    0.943032    0.961013  0.00138177
     2.37772    0.961013  0.00138177
     2.38285    0.948051    0.957793  0.00116295
     2.38285    0.957793  0.00116295
     2.38798    0.954624    0.954196  0.00123326
     2.38798    0.954196  0.00123326
     2.39311     0.94577    0.950137  0.00130548
     2.39311    0.950137  0.00130548
     2.39824    0.949314    0.945687  0.00161713
     2.39824    0.945687  0.00161713
     2.40337    0.940013    0.946194  0.00143092
     2.40337    0.946194  0.00143092
      2.4085    0.933227     0.93946  0.00130419
      2.4085     0.93946  0.00130419
     2.41363    0.930929     0.93874    0.001334
     2.41363     0.93874    0.001334
     2.41876    0.934472    0.934689  0.00125277
     2.41876    0.934689  0.00125277
     2.42389    0.919642     0.93333  0.00128428
     2.42389     0.93333  0.00128428
     2.42902    0.927355    0.928942  0.00124928
     2.42902    0.928942  0.00124928
     2.43415    0.922027    0.925361  0.00117596
     2.43415    0.925361  0.00117596
     2.43928    0.930886    0.924019  0.00118454
     2.43928    0.924019  0.00118454
     2.44441    0.916106    0.921011  0.00104982
     2.44441    0.921011  0.00104982
     2.44954    0.923344    0.916717  0.00110565
     2.44954    0.916717  0.00110565
     2.45467    0.916628    0.917214  0.00128883
     2.45467    0.917214  0.00128883
      2.4598    0.905272    0.913803  0.00114329
      2.4598    0.913803  0.00114329
     2.46493    0.905792    0.912959  0.00119828
     2.46493    0.912959  0.00119828
     2.47006    0.917218    0.910405   0.0012025
     2.47006    0.910405   0.0012025
     2.47519    0.903808    0.907415   0.0011619
     2.47519    0.907415   0.0011619
     2.48032    0.891931     0.90544  0.00124698
     2.48032     0.90544  0.00124698
     2.48545    0.911708    0.906495  0.00127286
     2.48545    0.906495  0.00127286
     2.49058    0.917739    0.905522  0.00111526
     2.49058    0.905522  0.00111526
     2.49571    0.907254    0.902332  0.00102223
     2.49571    0.902332  0.00102223
     2.50084    0.902301    0.891398  0.00130442
     2.50084    0.891398  0.00130442
     2.50597    0.899668    0.887567  0.00147448
     2.50597    0.887567  0.00147448
      2.5111    0.898929    0.888246  0.00129941
      2.5111    0.888246  0.00129941
     2.51623    0.886562    0.887829  0.00117237
     2.51623    0.887829  0.00117237
     2.52136    0.896627     0.88677  0.00143105
     2.52136     0.88677  0.00143105
     2.52649    0.912285    0.886892  0.00123163
     2.52649    0.886892  0.00123163
     2.53162    0.893016     0.88431  0.00122317
     2.53162     0.88431  0.00122317
     2.53675    0.905646    0.885947   0.0012575
     2.53675    0.885947   0.0012575
     2.54188    0.894992    0.885789  0.00148347
     2.54188    0.885789  0.00148347
     2.54701    0.903512      0.8865  0.00134833
     2.54701      0.8865  0.00134833
     2.55214    0.900159    0.886293  0.00106669
     2.55214    0.886293  0.00106669
     2.55727    0.873819    0.884459  0.00123189
     2.55727    0.884459  0.00123189
      2.5624       0.875     0.88617  0.00128277
      2.5624     0.88617  0.00128277
