           1    -6.40954    -6.40954           0
           2    -6.27255    -6.34104   0.0484358
           3    -6.13897    -6.27369   0.0637754
           4    -6.08284    -6.22598    0.063207
           5    -6.03341    -6.18746   0.0611843
           6    -5.89866    -6.13933   0.0673084
           7    -5.84928    -6.09789   0.0692826
           8     -5.7808    -6.05826   0.0710612
           9    -5.70814    -6.01936   0.0730415
          10    -5.68371    -5.98579   0.0730431
          11    -5.66249     -5.9564   0.0720739
          12    -5.68026    -5.93339   0.0696444
          13    -5.63016    -5.91006   0.0680813
          14    -5.60229    -5.88808   0.0666732
          15     -5.5574    -5.86603    0.065772
          16    -5.58284    -5.84833   0.0639985
          17     -5.5242    -5.82927   0.0630102
          18    -5.47262    -5.80945   0.0625473
          19    -5.52907     -5.7947   0.0609714
          20     -5.5061    -5.78027   0.0596058
          21    -5.46969    -5.76548   0.0585735
          22    -5.44271    -5.75081   0.0577192
          23    -5.49908    -5.73986   0.0562378
          24     -5.4868    -5.72932   0.0548741
          25    -5.48484    -5.71954   0.0535434
          26    -5.39924    -5.70722   0.0528822
          27    -5.48858    -5.69912   0.0515399
          28    -5.45475    -5.69039   0.0504327
          29    -5.40923     -5.6807   0.0496168
          30    -5.38721    -5.67092   0.0489179
          31    -5.45702    -5.66402    0.047824
          32    -5.49624    -5.65877    0.046616
          33    -5.49139     -5.6537   0.0454785
          34     -5.5262    -5.64995   0.0442953
          35    -5.53419    -5.64664    0.043153
          36    -5.51574    -5.64301   0.0421072
          37      -5.425    -5.63711   0.0413794
          38    -5.42718    -5.63159   0.0406576
          39    -5.44026    -5.62668     0.03991
          40    -5.30481    -5.61864   0.0397152
          41    -5.25631     -5.6098   0.0397175
          42    -5.21564    -5.60042   0.0398652
          43     -5.2698    -5.59273   0.0396727
          44    -5.26247    -5.58522   0.0394746
          45    -5.29887    -5.57886    0.039107
          46    -5.35687    -5.57403   0.0385534
          47    -5.40196    -5.57037   0.0379066
          48     -5.4768    -5.56842   0.0371669
          49    -5.47331    -5.56648   0.0364591
          50    -5.43434    -5.56384   0.0358256
          51    -5.44553    -5.56152   0.0351981
          52    -5.50582    -5.56045   0.0345375
          53    -5.60725    -5.56133   0.0338972
          54    -5.65237    -5.56302   0.0333113
          55    -5.64677    -5.56454   0.0327405
          56    -5.63123    -5.56573   0.0321775
          57    -5.56004    -5.56563   0.0316131
          58    -5.61007     -5.5664   0.0310773
          59    -5.61885    -5.56728   0.0305633
          60    -5.53634    -5.56677   0.0300583
          61    -5.53745    -5.56629   0.0295694
          62     -5.5277    -5.56567    0.029099
          63    -5.53877    -5.56524   0.0286402
          64     -5.5652    -5.56524   0.0281927
          65     -5.6037    -5.56583   0.0277652
          66    -5.53558    -5.56537   0.0273483
          67    -5.49557    -5.56433   0.0269599
          68    -5.46362    -5.56285   0.0266041
          69    -5.40559    -5.56057    0.026316
          70    -5.32615    -5.55722   0.0261523
          71    -5.25985    -5.55303   0.0261172
          72    -5.27402    -5.54916   0.0260403
          73    -5.46391    -5.54799   0.0257098
          74      -5.458    -5.54677   0.0253911
          75    -5.45959    -5.54561   0.0250792
          76    -5.44065    -5.54423   0.0247872
          77    -5.43113    -5.54276   0.0245087
          78     -5.4467    -5.54153   0.0242254
          79    -5.43117    -5.54013    0.023959
          80    -5.33937    -5.53762   0.0237906
          81    -5.33552    -5.53513   0.0236274
          82     -5.3683    -5.53309   0.0234267
          83    -5.35768    -5.53098   0.0232396
          84    -5.46039    -5.53014   0.0229781
          85    -5.37678    -5.52834   0.0227785
          86    -5.47186    -5.52768   0.0225231
          87    -5.49585    -5.52731   0.0222672
          88    -5.58751      -5.528   0.0220246
          89    -5.43838    -5.52699   0.0218002
          90    -5.45203    -5.52616   0.0215738
          91    -5.46992    -5.52554   0.0213456
          92     -5.4664     -5.5249   0.0211233
          93    -5.48907    -5.52451   0.0208997
          94    -5.45504    -5.52377   0.0206904
          95    -5.48883     -5.5234   0.0204759
          96    -5.40839    -5.52221   0.0202976
          97    -5.44781    -5.52144   0.0201028
          98    -5.39912    -5.52019   0.0199364
          99    -5.42938    -5.51927   0.0197561
         100      -5.474    -5.51882   0.0195637
         101    -5.43997    -5.51804   0.0193856
         102    -5.47189    -5.51759   0.0192008
         103    -5.47426    -5.51717    0.019019
         104     -5.4751    -5.51676   0.0188405
         105    -5.53271    -5.51691   0.0186616
         106    -5.63558    -5.51803   0.0185191
         107    -5.60557    -5.51885   0.0183641
         108    -5.53501      -5.519   0.0181947
         109    -5.52119    -5.51902   0.0180278
         110    -5.50117    -5.51886   0.0178646
         111    -5.55771    -5.51921   0.0177071
         112    -5.55024    -5.51949   0.0175512
         113    -5.58561    -5.52007   0.0174056
         114    -5.54083    -5.52025   0.0172539
         115    -5.51625    -5.52022   0.0171039
         116    -5.51718    -5.52019   0.0169564
         117    -5.47607    -5.51982   0.0168157
         118    -5.46876    -5.51938   0.0166788
         119    -5.51876    -5.51938   0.0165386
         120    -5.49222    -5.51915   0.0164023
         121    -5.44449    -5.51853   0.0162784
         122    -5.46471    -5.51809   0.0161509
         123    -5.47491    -5.51774   0.0160234
         124    -5.46813    -5.51734   0.0158992
         125    -5.34612    -5.51597   0.0158309
         126    -5.44119    -5.51538   0.0157164
         127    -5.46349    -5.51497    0.015598
         128    -5.44078    -5.51439   0.0154869
         129    -5.36527    -5.51323   0.0154099
         130    -5.38679    -5.51226    0.015322
         131    -5.37267     -5.5112   0.0152421
         132    -5.37535    -5.51017   0.0151613
         133    -5.38957    -5.50926   0.0150744
         134    -5.38562    -5.50834   0.0149901
         135    -5.35837    -5.50723   0.0149202
         136    -5.38356    -5.50632   0.0148382
         137    -5.43147    -5.50577   0.0147399
         138    -5.49155    -5.50567   0.0146334
         139    -5.43531    -5.50516   0.0145369
         140    -5.51915    -5.50526   0.0144334
         141    -5.52398    -5.50539   0.0143317
         142    -5.54673    -5.50569   0.0142337
         143      -5.461    -5.50537   0.0141376
         144    -5.47313    -5.50515   0.0140412
         145    -5.44804    -5.50476   0.0139499
         146    -5.46371    -5.50447   0.0138572
         147    -5.50359    -5.50447   0.0137629
         148    -5.43913    -5.50403    0.013677
         149    -5.46083    -5.50374   0.0135883
         150    -5.42406    -5.50321   0.0135081
         151    -5.36701     -5.5023   0.0134487
         152    -5.34826    -5.50129   0.0133983
         153    -5.27681    -5.49982   0.0133909
         154      -5.421    -5.49931   0.0133137
         155    -5.40601    -5.49871   0.0132414
         156    -5.48573    -5.49863   0.0131568
         157    -5.45487    -5.49835   0.0130759
         158     -5.4233    -5.49787   0.0130018
         159    -5.45147    -5.49758   0.0129233
         160    -5.45799    -5.49733   0.0128449
         161    -5.50698    -5.49739   0.0127652
         162    -5.52006    -5.49753   0.0126872
         163    -5.51517    -5.49764   0.0126098
         164    -5.49813    -5.49764   0.0125329
         165     -5.5336    -5.49786   0.0124589
         166    -5.53084    -5.49806   0.0123854
         167    -5.53441    -5.49828   0.0123132
         168    -5.54886    -5.49858   0.0122436
         169    -5.51375    -5.49867   0.0121714
         170    -5.49884    -5.49867   0.0120998
         171    -5.55949    -5.49903   0.0120343
         172    -5.55481    -5.49935   0.0119687
         173     -5.4854    -5.49927   0.0118998
         174    -5.39764    -5.49869   0.0118457
         175    -5.46547     -5.4985   0.0117796
         176    -5.47507    -5.49836   0.0117134
         177    -5.58175    -5.49883   0.0116567
         178    -5.51381    -5.49892   0.0115915
         179    -5.51003    -5.49898   0.0115269
         180    -5.49567    -5.49896   0.0114629
         181    -5.51517    -5.49905   0.0113999
         182    -5.40351    -5.49853   0.0113493
         183     -5.4913    -5.49849   0.0112874
         184    -5.53715     -5.4987    0.011228
         185    -5.47952    -5.49859   0.0111678
         186    -5.46366    -5.49841   0.0111093
         187    -5.48202    -5.49832   0.0110503
         188    -5.47061    -5.49817   0.0109925
         189    -5.49596    -5.49816   0.0109343
         190    -5.57651    -5.49857   0.0108845
         191    -5.49226    -5.49854   0.0108276
         192    -5.60612     -5.4991   0.0107857
         193    -5.51322    -5.49917   0.0107301
         194    -5.48007    -5.49907   0.0106752
         195    -5.48956    -5.49902   0.0106206
         196    -5.50033    -5.49903   0.0105664
         197    -5.50431    -5.49906   0.0105128
         198    -5.54336    -5.49928   0.0104621
         199    -5.57027    -5.49964   0.0104156
         200    -5.57706    -5.50003   0.0103707
         201    -5.61587     -5.5006   0.0103351
         202    -5.63644    -5.50127   0.0103058
         203    -5.59656    -5.50174   0.0102657
         204    -5.56097    -5.50203   0.0102195
         205    -5.52741    -5.50216   0.0101704
         206    -5.48284    -5.50206   0.0101214
         207    -5.46459    -5.50188   0.0100742
         208    -5.51794    -5.50196    0.010026
         209    -5.52321    -5.50206  0.00997858
         210    -5.39216    -5.50154  0.00994478
         211    -5.37576    -5.50094   0.0099155
         212     -5.4381    -5.50065  0.00987315
         213    -5.50518    -5.50067  0.00982682
         214    -5.54443    -5.50087  0.00978303
         215    -5.57197     -5.5012  0.00974312
         216    -5.56305    -5.50149  0.00970222
         217    -5.52035    -5.50158   0.0096579
         218     -5.5242    -5.50168  0.00961415
         219    -5.53004    -5.50181  0.00957112
         220    -5.45413    -5.50159  0.00953007
         221    -5.45339    -5.50137  0.00948944
         222    -5.47238    -5.50124   0.0094476
         223    -5.51855    -5.50132  0.00940555
         224     -5.4535    -5.50111  0.00936598
         225    -5.34153     -5.5004  0.00935117
         226    -5.39857    -5.49995  0.00932064
         227    -5.39311    -5.49948  0.00929146
         228     -5.3067    -5.49863  0.00928909
         229    -5.27628    -5.49766  0.00929914
         230    -5.28651    -5.49674  0.00930391
         231    -5.32384    -5.49599   0.0092937
         232      -5.318    -5.49523  0.00928525
         233     -5.3487     -5.4946  0.00926667
         234    -5.38103    -5.49411  0.00923977
         235    -5.33912    -5.49345  0.00922396
         236    -5.37607    -5.49296  0.00919827
         237    -5.33344    -5.49228  0.00918406
         238    -5.38555    -5.49183  0.00915641
         239     -5.3532    -5.49125  0.00913645
         240    -5.37606    -5.49077  0.00911098
         241    -5.36624    -5.49026  0.00908782
         242    -5.40551    -5.48991  0.00905701
         243    -5.36307    -5.48939  0.00903477
         244    -5.38409    -5.48895  0.00900804
         245    -5.42573     -5.4887  0.00897497
         246    -5.40165    -5.48834  0.00894546
         247    -5.36714    -5.48785  0.00892269
         248    -5.32418    -5.48719  0.00891108
         249    -5.31184    -5.48649  0.00890308
         250    -5.22289    -5.48543  0.00892968
         251    -5.12519      -5.484  0.00900871
         252    -5.13222     -5.4826  0.00908047
         253    -5.22436    -5.48158  0.00910177
         254    -5.26128    -5.48071  0.00910717
         255    -5.21372    -5.47967  0.00913144
         256    -5.22948    -5.47869  0.00914792
         257    -5.27732    -5.47791  0.00914582
         258    -5.25665    -5.47705  0.00915049
         259    -5.33045    -5.47648  0.00913265
         260    -5.34702    -5.47598  0.00911108
         261    -5.44316    -5.47586  0.00907704
         262    -5.42723    -5.47567   0.0090443
         263    -5.44181    -5.47554  0.00901082
         264    -5.56226    -5.47587  0.00898268
         265    -5.47921    -5.47588  0.00894879
         266    -5.44009    -5.47575  0.00891616
         267    -5.47229    -5.47574  0.00888277
         268    -5.35791     -5.4753   0.0088605
         269    -5.41341    -5.47507  0.00883055
         270    -5.35787    -5.47463  0.00880851
         271    -5.45589    -5.47456  0.00877628
         272    -5.46785    -5.47454  0.00874404
         273    -5.44566    -5.47443  0.00871265
         274      -5.446    -5.47433  0.00868147
         275    -5.39708    -5.47405  0.00865445
         276    -5.33375    -5.47354  0.00863801
         277    -5.31568    -5.47297   0.0086256
         278    -5.29566    -5.47233  0.00861813
         279     -5.3268    -5.47181  0.00860301
         280    -5.42856    -5.47166  0.00857367
         281    -5.44494    -5.47156  0.00854369
         282    -5.45121    -5.47149  0.00851369
         283    -5.34301    -5.47104  0.00849571
         284    -5.39278    -5.47076  0.00847026
         285    -5.39059    -5.47048  0.00844521
         286    -5.44032    -5.47037  0.00841634
         287    -5.49725    -5.47047  0.00838753
         288    -5.48072     -5.4705  0.00835848
         289    -5.45215    -5.47044   0.0083298
         290    -5.41924    -5.47026  0.00830295
         291    -5.41421    -5.47007  0.00827665
         292    -5.44438    -5.46998  0.00824878
         293    -5.44003    -5.46988  0.00822126
         294    -5.39963    -5.46964  0.00819677
         295     -5.4532    -5.46959  0.00816917
         296    -5.42127    -5.46942   0.0081432
         297    -5.36816    -5.46908  0.00812292
         298    -5.35377    -5.46869  0.00810487
         299    -5.37916    -5.46839  0.00808329
         300    -5.33548    -5.46795  0.00806848
         301    -5.34806    -5.46755   0.0080515
         302    -5.34336    -5.46714  0.00803534
         303    -5.32656    -5.46668   0.0080222
         304     -5.3296    -5.46623  0.00800848
         305    -5.32044    -5.46575  0.00799647
         306    -5.34235    -5.46535   0.0079805
         307    -5.39712    -5.46512   0.0079576
         308    -5.41282    -5.46495  0.00793357
         309    -5.43739    -5.46486   0.0079084
         310    -5.42549    -5.46474  0.00788391
         311    -5.40901    -5.46456   0.0078606
         312    -5.45487    -5.46453  0.00783546
         313      -5.458    -5.46451  0.00781046
         314    -5.41593    -5.46435  0.00778711
         315    -5.38099    -5.46409  0.00776689
         316    -5.47301    -5.46412  0.00774236
         317     -5.4789    -5.46416  0.00771808
         318    -5.54432    -5.46441  0.00769792
         319    -5.58549    -5.46479  0.00768314
         320    -5.50474    -5.46492  0.00766015
         321    -5.52854    -5.46512  0.00763885
         322    -5.58644    -5.46549  0.00762441
         323    -5.65946    -5.46609  0.00762442
         324     -5.7032    -5.46683  0.00763593
         325    -5.69235    -5.46752  0.00764389
         326    -5.60306    -5.46794  0.00763175
         327    -5.66154    -5.46853  0.00763134
         328    -5.64918    -5.46908  0.00762792
         329    -5.63397    -5.46958  0.00762118
         330    -5.60118    -5.46998  0.00760852
         331    -5.62541    -5.47045  0.00760001
         332    -5.67801    -5.47107  0.00760279
         333    -5.74693     -5.4719  0.00762495
         334    -5.74377    -5.47272  0.00764545
         335    -5.74908    -5.47354  0.00766701
         336    -5.67918    -5.47415  0.00766858
         337    -5.67163    -5.47474  0.00766818
         338    -5.60313    -5.47512  0.00765489
         339     -5.5878    -5.47545  0.00763953
         340     -5.5617     -5.4757  0.00762127
         341    -5.51314    -5.47581  0.00759971
         342    -5.47926    -5.47582  0.00757749
         343    -5.48735    -5.47586  0.00755548
         344    -5.50414    -5.47594  0.00753396
         345    -5.50983    -5.47604  0.00751276
         346    -5.51643    -5.47616  0.00749196
         347    -5.59898    -5.47651  0.00747872
         348    -5.56242    -5.47676   0.0074613
         349    -5.56817    -5.47702  0.00744452
         350    -5.60608    -5.47739  0.00743238
         351    -5.56456    -5.47763  0.00741535
         352    -5.50847    -5.47772   0.0073948
         353    -5.54916    -5.47792  0.00737662
         354    -5.52498    -5.47806  0.00735698
         355    -5.44914    -5.47798  0.00733671
         356      -5.525    -5.47811  0.00731729
         357    -5.53797    -5.47828  0.00729871
         358    -5.50313    -5.47835  0.00727866
         359    -5.46316     -5.4783   0.0072585
         360    -5.46918    -5.47828  0.00723839
         361    -5.49898    -5.47834  0.00721856
         362     -5.4871    -5.47836  0.00719866
         363    -5.45755     -5.4783  0.00717906
         364    -5.45346    -5.47823  0.00715966
         365    -5.41558    -5.47806   0.0071421
         366    -5.46205    -5.47802  0.00712272
         367    -5.40878    -5.47783  0.00710581
         368    -5.47843    -5.47783   0.0070865
         369    -5.54618    -5.47802  0.00706972
         370    -5.55566    -5.47823  0.00705373
         371    -5.53333    -5.47838  0.00703628
         372    -5.45392    -5.47831  0.00701767
         373    -5.43542    -5.47819   0.0069998
         374     -5.4595    -5.47814  0.00698126
         375    -5.49124    -5.47818  0.00696273
         376    -5.59914     -5.4785  0.00695164
         377      -5.589    -5.47879  0.00693938
         378     -5.6199    -5.47917  0.00693105
         379    -5.62432    -5.47955  0.00692334
         380    -5.62615    -5.47994  0.00691586
         381    -5.51322    -5.48002  0.00689826
         382    -5.62146    -5.48039  0.00689013
         383    -5.66271    -5.48087  0.00688856
         384    -5.58647    -5.48114  0.00687611
         385    -5.57962     -5.4814  0.00686301
         386    -5.51436    -5.48149  0.00684576
         387     -5.5304    -5.48161  0.00682924
         388    -5.52084    -5.48171  0.00681238
         389    -5.54963    -5.48189  0.00679711
         390    -5.47881    -5.48188  0.00677968
         391     -5.4845    -5.48189  0.00676235
         392    -5.56588     -5.4821  0.00674849
         393    -5.60488    -5.48241  0.00673855
         394    -5.56472    -5.48262  0.00672468
         395    -5.53849    -5.48276  0.00670914
         396    -5.52025    -5.48286  0.00669287
         397    -5.57807     -5.4831  0.00668031
         398    -5.56075    -5.48329  0.00666637
         399    -5.54123    -5.48344  0.00665124
         400    -5.50757     -5.4835  0.00663489
         401    -5.56561     -5.4837   0.0066215
         402    -5.52993    -5.48382  0.00660603
         403    -5.48835    -5.48383  0.00658965
         404    -5.48121    -5.48382  0.00657334
         405    -5.47381     -5.4838  0.00655716
         406     -5.4341    -5.48368  0.00654215
         407     -5.3803    -5.48342    0.006531
         408    -5.37969    -5.48317  0.00651994
         409    -5.40616    -5.48298  0.00650672
         410    -5.43252    -5.48286  0.00649201
         411    -5.33658     -5.4825  0.00648597
         412     -5.4223    -5.48235  0.00647187
         413    -5.46723    -5.48232   0.0064563
         414    -5.42961    -5.48219  0.00644196
         415    -5.44856    -5.48211  0.00642695
         416    -5.46724    -5.48207   0.0064116
         417    -5.51632    -5.48216  0.00639675
         418     -5.5074    -5.48222  0.00638173
         419    -5.55334    -5.48239  0.00636876
         420    -5.55405    -5.48256  0.00635588
         421    -5.51946    -5.48264  0.00634139
         422    -5.50721     -5.4827  0.00632663
         423    -5.51515    -5.48278  0.00631214
         424    -5.49419    -5.48281  0.00629731
         425    -5.52788    -5.48291  0.00628338
         426    -5.49282    -5.48294  0.00626867
         427     -5.4231     -5.4828  0.00625556
         428    -5.35681     -5.4825  0.00624787
         429    -5.37328    -5.48225  0.00623849
         430    -5.46441    -5.48221  0.00622412
         431    -5.44583    -5.48212  0.00621025
         432    -5.48103    -5.48212  0.00619587
         433    -5.48779    -5.48213  0.00618158
         434    -5.38722    -5.48191   0.0061712
         435    -5.28909    -5.48147  0.00617291
         436    -5.37702    -5.48123   0.0061634
         437    -5.40374    -5.48105  0.00615185
         438    -5.44506    -5.48097  0.00613835
         439    -5.47656    -5.48096  0.00612438
         440    -5.39293    -5.48076  0.00611373
         441    -5.38251    -5.48054  0.00610392
         442    -5.34486    -5.48023  0.00609782
         443    -5.43903    -5.48014  0.00608477
         444    -5.48011    -5.48014  0.00607106
         445    -5.53856    -5.48027  0.00605884
         446    -5.45831    -5.48022  0.00604546
         447    -5.54344    -5.48036  0.00603359
         448    -5.57823    -5.48058  0.00602407
         449    -5.48869     -5.4806  0.00601068
         450    -5.41105    -5.48044  0.00599931
         451     -5.3211    -5.48009   0.0059964
         452    -5.34264    -5.47979  0.00599084
         453    -5.38993    -5.47959   0.0059809
         454    -5.48179    -5.47959  0.00596773
         455    -5.49575    -5.47963  0.00595472
         456    -5.46793     -5.4796  0.00594172
         457    -5.47377    -5.47959  0.00592873
         458    -5.43944     -5.4795  0.00591643
         459    -5.43757    -5.47941  0.00590425
         460    -5.46199    -5.47937  0.00589153
         461    -5.51619    -5.47945  0.00587929
         462    -5.52509    -5.47955   0.0058674
         463    -5.46901    -5.47953  0.00585477
         464    -5.46655     -5.4795  0.00584222
         465    -5.38232    -5.47929  0.00583339
         466    -5.36722    -5.47905  0.00582583
         467    -5.41553    -5.47891  0.00581494
         468    -5.43832    -5.47883  0.00580316
         469    -5.54433    -5.47897  0.00579247
         470    -5.50664    -5.47903  0.00578044
         471    -5.45111    -5.47897  0.00576848
         472    -5.42807    -5.47886  0.00575726
         473    -5.47216    -5.47885  0.00574511
         474    -5.49043    -5.47887  0.00573304
         475    -5.40563    -5.47872  0.00572304
         476    -5.38824    -5.47853  0.00571418
         477    -5.45304    -5.47847  0.00570245
         478    -5.45407    -5.47842  0.00569074
         479    -5.45177    -5.47837  0.00567914
         480    -5.49299     -5.4784  0.00566739
         481    -5.46726    -5.47837  0.00565565
         482    -5.48293    -5.47838  0.00564392
         483    -5.56675    -5.47856   0.0056352
         484    -5.53932    -5.47869  0.00562496
         485     -5.5985    -5.47894  0.00561878
         486    -5.64212    -5.47927  0.00561725
         487    -5.73706     -5.4798   0.0056306
         488    -5.72193     -5.4803  0.00564088
         489    -5.69397    -5.48074  0.00564624
         490     -5.7539    -5.48129  0.00566217
         491    -5.67488    -5.48169  0.00566435
         492    -5.67441    -5.48208  0.00566636
         493    -5.60006    -5.48232  0.00565992
         494    -5.53865    -5.48243  0.00564961
         495    -5.61408     -5.4827  0.00564446
         496    -5.62156    -5.48298  0.00564001
         497    -5.61417    -5.48324  0.00563484
         498    -5.60022    -5.48348  0.00562842
         499     -5.5707    -5.48365  0.00561985
         500    -5.55833     -5.4838   0.0056106
         501    -5.47673    -5.48379  0.00559942
         502    -5.50201    -5.48382  0.00558838
         503     -5.4753    -5.48381   0.0055773
         504    -5.46555    -5.48377  0.00556635
         505    -5.46564    -5.48373  0.00555544
         506    -5.45972    -5.48369  0.00554466
         507    -5.44999    -5.48362  0.00553413
         508    -5.49731    -5.48365   0.0055233
         509    -5.48784    -5.48366  0.00551245
         510    -5.43056    -5.48355  0.00550263
         511    -5.50241    -5.48359  0.00549198
         512    -5.51372    -5.48365  0.00548157
         513    -5.48379    -5.48365  0.00547089
         514    -5.53746    -5.48375  0.00546124
         515    -5.56442    -5.48391  0.00545288
         516    -5.53486    -5.48401  0.00544321
         517    -5.59742    -5.48423   0.0054371
         518    -5.55782    -5.48437  0.00542846
         519    -5.55897    -5.48451   0.0054199
         520    -5.48657    -5.48452  0.00540948
         521    -5.47551     -5.4845  0.00539913
         522    -5.51233    -5.48455  0.00538905
         523    -5.53878    -5.48466  0.00537974
         524     -5.4881    -5.48466  0.00536948
         525    -5.50471     -5.4847  0.00535939
         526    -5.45212    -5.48464  0.00534956
         527    -5.44681    -5.48457  0.00533989
         528     -5.3984     -5.4844  0.00533227
         529     -5.3585    -5.48417  0.00532749
         530    -5.39167    -5.48399   0.0053203
         531    -5.45291    -5.48393   0.0053106
         532    -5.46743     -5.4839  0.00530071
         533    -5.42997     -5.4838  0.00529173
         534    -5.50453    -5.48384  0.00528196
         535    -5.51096    -5.48389  0.00527234
         536    -5.43529     -5.4838  0.00526328
         537    -5.36137    -5.48357  0.00525841
         538    -5.49885     -5.4836  0.00524872
         539    -5.44226    -5.48352  0.00523954
         540     -5.3996    -5.48337  0.00523214
         541    -5.43679    -5.48328  0.00522318
         542    -5.42451    -5.48317  0.00521467
         543    -5.41697    -5.48305  0.00520649
         544    -5.43403    -5.48296   0.0051977
         545     -5.4563    -5.48291  0.00518839
         546    -5.44045    -5.48284  0.00517947
         547    -5.42486    -5.48273  0.00517109
         548    -5.50504    -5.48277  0.00516181
         549    -5.52047    -5.48284  0.00515286
         550    -5.50051    -5.48287   0.0051436
         551     -5.5157    -5.48293  0.00513461
         552    -5.54581    -5.48304  0.00512657
         553    -5.53113    -5.48313  0.00511803
         554    -5.54809    -5.48325  0.00511014
         555    -5.51453     -5.4833  0.00510124
         556    -5.55843    -5.48344  0.00509386
         557    -5.52056    -5.48351  0.00508515
         558    -5.56009    -5.48364  0.00507789
         559     -5.5386    -5.48374  0.00506975
         560    -5.56254    -5.48388  0.00506265
         561     -5.5422    -5.48399   0.0050547
         562    -5.53829    -5.48408  0.00504662
         563    -5.51884    -5.48414  0.00503804
         564    -5.49715    -5.48417  0.00502916
         565    -5.52305    -5.48424  0.00502073
         566    -5.55655    -5.48436  0.00501348
         567    -5.52644    -5.48444  0.00500519
         568    -5.46347     -5.4844  0.00499651
         569    -5.41149    -5.48427  0.00498938
         570    -5.33341    -5.48401  0.00498764
         571    -5.49797    -5.48403  0.00497896
         572    -5.50117    -5.48406  0.00497035
         573    -5.52135    -5.48413   0.0049621
         574    -5.50516    -5.48417  0.00495359
         575     -5.5258    -5.48424  0.00494551
         576     -5.4833    -5.48424  0.00493692
         577    -5.53288    -5.48432  0.00492908
         578    -5.48656    -5.48432  0.00492056
         579    -5.50629    -5.48436   0.0049122
         580     -5.4824    -5.48436  0.00490374
         581    -5.51703    -5.48441  0.00489562
         582    -5.54865    -5.48453  0.00488845
         583    -5.59721    -5.48472  0.00488389
         584    -5.60981    -5.48493  0.00488022
         585    -5.59565    -5.48512  0.00487554
         586    -5.58375    -5.48529  0.00487013
         587    -5.71086    -5.48567  0.00487697
         588    -5.66956    -5.48599  0.00487869
         589    -5.69156    -5.48634  0.00488288
         590     -5.7275    -5.48675  0.00489168
         591     -5.6263    -5.48698   0.0048891
         592    -5.62744    -5.48722  0.00488659
         593    -5.60619    -5.48742  0.00488247
         594    -5.59545     -5.4876  0.00487764
         595    -5.54415     -5.4877  0.00487037
         596    -5.43125     -5.4876  0.00486311
         597    -5.46309    -5.48756  0.00485514
         598    -5.48593    -5.48756  0.00484702
         599    -5.45057     -5.4875  0.00483933
         600    -5.55661    -5.48761  0.00483263
         601    -5.60436    -5.48781  0.00482849
         602    -5.57635    -5.48795  0.00482271
         603    -5.60585    -5.48815  0.00481867
         604    -5.57353    -5.48829  0.00481277
         605    -5.50979    -5.48832  0.00480495
         606      -5.493    -5.48833  0.00479702
         607    -5.48144    -5.48832  0.00478913
         608    -5.46586    -5.48828   0.0047814
         609      -5.432    -5.48819  0.00477444
         610    -5.47776    -5.48817  0.00476665
         611    -5.54092    -5.48826  0.00475963
         612    -5.55457    -5.48837  0.00475308
         613    -5.53066    -5.48844  0.00474583
         614    -5.43425    -5.48835  0.00473892
         615    -5.52248    -5.48841  0.00473154
         616    -5.53965    -5.48849  0.00472459
         617    -5.51552    -5.48853  0.00471713
         618    -5.54897    -5.48863  0.00471052
         619    -5.58788    -5.48879  0.00470563
         620     -5.5549     -5.4889  0.00469925
         621    -5.56323    -5.48902  0.00469321
         622    -5.61117    -5.48921  0.00468977
         623    -5.59166    -5.48938  0.00468512
         624    -5.50456     -5.4894  0.00467768
         625    -5.58024    -5.48955  0.00467245
         626    -5.52944    -5.48961  0.00466542
         627    -5.48737    -5.48961  0.00465798
         628    -5.47186    -5.48958  0.00465065
         629    -5.47904    -5.48956  0.00464329
         630    -5.50467    -5.48959  0.00463598
         631    -5.51896    -5.48963  0.00462887
         632     -5.5033    -5.48965  0.00462159
         633    -5.53314    -5.48972   0.0046148
         634    -5.54196    -5.48981  0.00460826
         635    -5.49147    -5.48981    0.004601
         636    -5.44747    -5.48974  0.00459425
         637     -5.3834    -5.48958  0.00459007
         638    -5.38169    -5.48941  0.00458599
         639    -5.42143     -5.4893  0.00458005
         640     -5.4037    -5.48917  0.00457484
         641    -5.39436    -5.48902   0.0045701
         642    -5.44154    -5.48894  0.00456358
         643    -5.49535    -5.48895  0.00455649
         644    -5.38307    -5.48879  0.00455238
         645    -5.50382    -5.48881  0.00454538
         646    -5.47466    -5.48879   0.0045384
         647    -5.57821    -5.48893  0.00453349
         648    -5.58995    -5.48908  0.00452917
         649    -5.55068    -5.48918  0.00452319
         650    -5.50826    -5.48921  0.00451632
         651    -5.48957    -5.48921  0.00450939
         652    -5.51367    -5.48925  0.00450263
         653    -5.49116    -5.48925  0.00449573
         654    -5.47416    -5.48923  0.00448892
         655    -5.58693    -5.48938  0.00448454
         656    -5.57814    -5.48951  0.00447975
         657    -5.53071    -5.48957  0.00447337
         658    -5.49526    -5.48958  0.00446658
         659    -5.48944    -5.48958   0.0044598
         660    -5.49683    -5.48959  0.00445305
         661    -5.45499    -5.48954  0.00444662
         662    -5.45754    -5.48949  0.00444017
         663     -5.5071    -5.48952  0.00443355
         664    -5.51661    -5.48956  0.00442706
         665    -5.55081    -5.48965  0.00442136
         666    -5.50109    -5.48967  0.00441476
         667    -5.43633    -5.48959  0.00440886
         668     -5.3691    -5.48941  0.00440595
         669    -5.39778    -5.48927   0.0044015
         670    -5.52237    -5.48932   0.0043952
         671    -5.61037     -5.4895  0.00439235
         672    -5.60792    -5.48968  0.00438935
         673    -5.52294    -5.48973  0.00438311
         674    -5.53936     -5.4898  0.00437722
         675    -5.56997    -5.48992  0.00437235
         676     -5.5499    -5.49001  0.00436678
         677     -5.5308    -5.49007  0.00436075
         678     -5.5498    -5.49016   0.0043552
         679    -5.55384    -5.49025   0.0043498
         680     -5.5499    -5.49034  0.00434429
         681    -5.62813    -5.49054  0.00434262
         682     -5.5661    -5.49065  0.00433766
         683    -5.61578    -5.49084  0.00433518
         684    -5.66704    -5.49109  0.00433649
         685    -5.62637    -5.49129  0.00433465
         686    -5.62357    -5.49148  0.00433262
         687     -5.5738     -5.4916  0.00432797
         688    -5.54658    -5.49168  0.00432242
         689    -5.55837    -5.49178  0.00431723
         690    -5.40374    -5.49165  0.00431286
         691    -5.47019    -5.49162  0.00430673
         692    -5.52177    -5.49166  0.00430072
         693    -5.55741    -5.49176  0.00429556
         694    -5.56342    -5.49186  0.00429061
         695    -5.51782     -5.4919   0.0042846
         696    -5.52628    -5.49195  0.00427873
         697     -5.4753    -5.49193  0.00427266
         698    -5.41426    -5.49181  0.00426799
         699    -5.47112    -5.49178  0.00426198
         700    -5.42713    -5.49169   0.0042569
         701    -5.44861    -5.49163  0.00425127
         702      -5.481    -5.49162  0.00424524
         703    -5.49199    -5.49162   0.0042392
         704    -5.45562    -5.49157  0.00423349
         705    -5.46067    -5.49152  0.00422771
         706    -5.53503    -5.49158  0.00422217
         707    -5.56853    -5.49169   0.0042176
         708    -5.53044    -5.49175    0.004212
         709    -5.48417    -5.49174  0.00420607
         710     -5.5556    -5.49183  0.00420111
         711    -5.52106    -5.49187   0.0041954
         712    -5.51028    -5.49189  0.00418959
         713    -5.54198    -5.49196   0.0041843
         714    -5.51178    -5.49199  0.00417853
         715     -5.4526    -5.49194  0.00417305
         716    -5.43158    -5.49185  0.00416807
         717     -5.4602    -5.49181  0.00416249
         718    -5.42229    -5.49171  0.00415782
         719    -5.37615    -5.49155  0.00415515
         720    -5.31738    -5.49131  0.00415641
         721    -5.28385    -5.49102  0.00416059
         722    -5.36367    -5.49084  0.00415857
         723    -5.33812    -5.49063  0.00415818
         724    -5.42064    -5.49054  0.00415356
         725    -5.43985    -5.49047  0.00414842
         726    -5.49728    -5.49048  0.00414271
         727    -5.53135    -5.49053   0.0041374
         728    -5.54345     -5.4906  0.00413235
         729    -5.59747    -5.49075  0.00412928
         730    -5.54171    -5.49082  0.00412422
         731    -5.51018    -5.49085  0.00411866
         732    -5.43158    -5.49077  0.00411383
         733    -5.47718    -5.49075  0.00410826
         734    -5.41239    -5.49064  0.00410405
         735    -5.42774    -5.49056  0.00409936
         736    -5.40592    -5.49044   0.0040954
         737    -5.44416    -5.49038  0.00409032
         738    -5.45104    -5.49032  0.00408513
         739    -5.45646    -5.49028  0.00407986
         740    -5.41078    -5.49017  0.00407576
         741    -5.47761    -5.49015  0.00407029
         742    -5.46811    -5.49012  0.00406492
         743    -5.46717    -5.49009  0.00405956
         744    -5.53686    -5.49016  0.00405459
         745    -5.52615     -5.4902  0.00404944
         746    -5.56545    -5.49031  0.00404527
         747    -5.55988     -5.4904  0.00404092
         748    -5.51572    -5.49043  0.00403566
         749    -5.54163     -5.4905  0.00403085
         750    -5.64752    -5.49071  0.00403091
         751    -5.66509    -5.49094  0.00403223
         752    -5.62305    -5.49112  0.00403069
         753    -5.56999    -5.49122   0.0040267
         754    -5.54153    -5.49129  0.00402191
         755    -5.54104    -5.49136  0.00401712
         756    -5.59778     -5.4915  0.00401427
         757    -5.53991    -5.49156  0.00400948
         758    -5.57669    -5.49167  0.00400576
         759    -5.51887    -5.49171  0.00400065
         760    -5.44126    -5.49164  0.00399593
         761    -5.48661    -5.49164  0.00399069
         762    -5.54938    -5.49171  0.00398617
         763    -5.56508    -5.49181  0.00398211
         764    -5.48106    -5.49179  0.00397692
         765    -5.43266    -5.49172  0.00397247
         766    -5.51458    -5.49175   0.0039674
         767    -5.51414    -5.49177  0.00396233
         768    -5.55539    -5.49186  0.00395804
         769    -5.51141    -5.49188  0.00395297
         770    -5.47925    -5.49187  0.00394787
         771    -5.50577    -5.49188  0.00394279
         772    -5.58863    -5.49201  0.00393968
         773    -5.60232    -5.49215  0.00393716
         774    -5.65406    -5.49236  0.00393763
         775    -5.59613     -5.4925  0.00393483
         776     -5.6074    -5.49264  0.00393254
         777     -5.5763    -5.49275  0.00392895
         778    -5.57459    -5.49286  0.00392531
         779    -5.61842    -5.49302  0.00392358
         780     -5.5953    -5.49315  0.00392074
         781    -5.62863    -5.49332  0.00391956
         782    -5.59747    -5.49346  0.00391681
         783     -5.5871    -5.49358  0.00391363
         784    -5.55818    -5.49366   0.0039095
         785    -5.55643    -5.49374  0.00390534
         786    -5.58809    -5.49386  0.00390222
         787    -5.54218    -5.49392  0.00389774
         788    -5.44903    -5.49386  0.00389321
         789    -5.43651    -5.49379  0.00388896
         790    -5.41133    -5.49368  0.00388543
         791    -5.42371     -5.4936  0.00388153
         792    -5.39163    -5.49347  0.00387876
         793    -5.41018    -5.49336  0.00387529
         794     -5.4547    -5.49331  0.00387072
         795    -5.47778    -5.49329   0.0038659
         796    -5.40818    -5.49319  0.00386252
         797    -5.40713    -5.49308  0.00385918
         798    -5.46064    -5.49304  0.00385456
         799    -5.45907      -5.493  0.00384997
         800    -5.43625    -5.49293  0.00384581
         801    -5.37101    -5.49277  0.00384402
         802     -5.4639    -5.49274   0.0038394
         803    -5.50615    -5.49275  0.00383465
         804    -5.55007    -5.49283  0.00383054
         805    -5.58836    -5.49294  0.00382762
         806    -5.59982    -5.49308  0.00382517
         807    -5.55776    -5.49316  0.00382127
         808    -5.46265    -5.49312  0.00381673
         809    -5.47936     -5.4931  0.00381205
         810    -5.55376    -5.49318  0.00380808
         811    -5.48436    -5.49317   0.0038034
         812    -5.43782     -5.4931  0.00379932
         813     -5.4714    -5.49307  0.00379475
         814    -5.49528    -5.49307  0.00379008
         815     -5.4803    -5.49306  0.00378547
         816    -5.49228    -5.49306  0.00378083
         817    -5.43928    -5.49299  0.00377677
         818    -5.47139    -5.49296  0.00377225
         819    -5.47708    -5.49295  0.00376769
         820    -5.51134    -5.49297  0.00376316
         821    -5.46387    -5.49293  0.00375875
         822    -5.40214    -5.49282   0.0037558
         823    -5.39956    -5.49271  0.00375294
         824    -5.39042    -5.49258  0.00375044
         825    -5.36954    -5.49244  0.00374886
         826    -5.32988    -5.49224  0.00374948
         827    -5.26913    -5.49197  0.00375464
         828    -5.27744    -5.49171  0.00375904
         829    -5.30782    -5.49149  0.00376104
         830    -5.36967    -5.49134  0.00375937
         831    -5.37669     -5.4912  0.00375738
         832    -5.40901     -5.4911  0.00375416
         833    -5.41947    -5.49102  0.00375064
         834    -5.38904     -5.4909  0.00374813
         835    -5.32347     -5.4907    0.003749
         836    -5.36556    -5.49055  0.00374751
         837    -5.33837    -5.49036  0.00374744
         838     -5.2811    -5.49011  0.00375128
         839    -5.41434    -5.49002  0.00374789
         840    -5.32826    -5.48983  0.00374838
         841    -5.32443    -5.48963  0.00374907
         842    -5.33331    -5.48945  0.00374922
         843    -5.41962    -5.48937  0.00374568
         844    -5.42608    -5.48929    0.003742
         845     -5.5039    -5.48931  0.00373761
         846    -5.48421     -5.4893   0.0037332
         847    -5.44683    -5.48925  0.00372912
         848    -5.45273    -5.48921  0.00372498
         849    -5.42102    -5.48913  0.00372145
         850    -5.43716    -5.48907  0.00371758
         851    -5.44871    -5.48902  0.00371351
         852    -5.44017    -5.48896   0.0037096
         853    -5.44632    -5.48891  0.00370558
         854    -5.38059    -5.48879  0.00370341
         855     -5.4162     -5.4887  0.00370006
         856    -5.42019    -5.48862   0.0036966
         857     -5.3724    -5.48849  0.00369477
         858    -5.32079    -5.48829  0.00369563
         859    -5.35839    -5.48814  0.00369442
         860    -5.44264    -5.48809  0.00369051
         861    -5.45709    -5.48805  0.00368639
         862    -5.43352    -5.48799  0.00368266
         863     -5.3604    -5.48784  0.00368136
         864    -5.43349    -5.48778  0.00367764
         865    -5.51849    -5.48781  0.00367356
         866    -5.54007    -5.48787  0.00366981
         867    -5.55984    -5.48796  0.00366652
         868    -5.53185    -5.48801  0.00366264
         869    -5.53992    -5.48807  0.00365891
         870    -5.56192    -5.48815  0.00365569
         871    -5.55164    -5.48822  0.00365222
         872    -5.60089    -5.48835  0.00365032
         873    -5.59204    -5.48847  0.00364807
         874    -5.60091     -5.4886  0.00364616
         875    -5.59888    -5.48873  0.00364417
         876     -5.5457    -5.48879  0.00364059
         877    -5.57002    -5.48888  0.00363762
         878    -5.51188    -5.48891  0.00363357
         879    -5.47991     -5.4889  0.00362945
         880    -5.48045    -5.48889  0.00362534
         881    -5.49156    -5.48889  0.00362123
         882    -5.46176    -5.48886  0.00361725
         883    -5.38805    -5.48875  0.00361496
         884    -5.51589    -5.48878    0.003611
         885    -5.56952    -5.48887  0.00360807
         886    -5.56873    -5.48896  0.00360512
         887    -5.53766    -5.48901  0.00360148
         888    -5.56579     -5.4891  0.00359846
         889    -5.43313    -5.48904  0.00359496
         890    -5.41538    -5.48896  0.00359187
         891    -5.44231     -5.4889  0.00358822
         892    -5.43863    -5.48885  0.00358464
         893    -5.28527    -5.48862  0.00358787
         894    -5.39988    -5.48852  0.00358523
         895    -5.41559    -5.48844  0.00358215
         896    -5.51421    -5.48847  0.00357827
         897     -5.5389    -5.48852  0.00357472
         898    -5.44721    -5.48848  0.00357104
         899    -5.59165    -5.48859  0.00356891
         900     -5.6822    -5.48881  0.00357142
         901    -5.58477    -5.48891  0.00356904
         902     -5.5945    -5.48903  0.00356701
         903    -5.61133    -5.48917  0.00356563
         904    -5.57899    -5.48927  0.00356307
         905    -5.58897    -5.48938  0.00356083
         906    -5.62965    -5.48953  0.00356027
         907    -5.59565    -5.48965  0.00355826
         908    -5.51499    -5.48968  0.00355445
         909    -5.56629    -5.48976  0.00355154
         910    -5.57772    -5.48986  0.00354896
         911    -5.61439    -5.48999  0.00354769
         912    -5.61437    -5.49013  0.00354642
         913    -5.52524    -5.49017  0.00354275
         914    -5.58702    -5.49027  0.00354045
         915    -5.55517    -5.49034  0.00353729
         916    -5.52493    -5.49038  0.00353363
         917    -5.52568    -5.49042  0.00352999
         918    -5.58746    -5.49053  0.00352773
         919    -5.51422    -5.49055  0.00352398
         920    -5.46397    -5.49052  0.00352027
         921    -5.44595    -5.49048  0.00351678
         922    -5.44393    -5.49042  0.00351333
         923    -5.48007    -5.49041  0.00350954
         924    -5.49636    -5.49042  0.00350575
         925    -5.43174    -5.49036  0.00350253
         926    -5.39007    -5.49025  0.00350042
         927    -5.44915     -5.4902  0.00349693
         928    -5.40853    -5.49012  0.00349427
         929    -5.41042    -5.49003  0.00349156
         930    -5.38402    -5.48992  0.00348967
         931    -5.39927    -5.48982  0.00348728
         932    -5.35149    -5.48967  0.00348669
         933    -5.46175    -5.48964  0.00348308
         934    -5.49557    -5.48965  0.00347936
         935    -5.49699    -5.48965  0.00347565
         936    -5.50587    -5.48967  0.00347198
         937    -5.47194    -5.48965  0.00346832
         938    -5.44091     -5.4896  0.00346501
         939    -5.38555    -5.48949  0.00346309
         940    -5.41786    -5.48941  0.00346025
         941    -5.38127     -5.4893  0.00345848
         942    -5.31693    -5.48912  0.00345965
         943    -5.39109    -5.48901  0.00345754
         944    -5.34082    -5.48886  0.00345744
         945    -5.35047    -5.48871  0.00345688
         946    -5.36758    -5.48858  0.00345559
         947    -5.36787    -5.48845   0.0034543
         948    -5.51179    -5.48848  0.00345074
         949    -5.55869    -5.48855   0.0034479
         950    -5.53043     -5.4886  0.00344455
         951    -5.52308    -5.48863  0.00344112
         952    -5.56162    -5.48871  0.00343836
         953     -5.6538    -5.48888  0.00343911
         954    -5.62175    -5.48902  0.00343832
         955    -5.61223    -5.48915  0.00343714
         956    -5.59282    -5.48926  0.00343526
         957    -5.54632    -5.48932  0.00343219
         958    -5.57645    -5.48941  0.00342981
         959    -5.49501    -5.48942  0.00342624
         960    -5.47358     -5.4894  0.00342271
         961    -5.44053    -5.48935  0.00341952
         962    -5.48822    -5.48935  0.00341597
         963    -5.51483    -5.48937  0.00341252
         964    -5.47659    -5.48936  0.00340901
         965    -5.47024    -5.48934  0.00340554
         966    -5.41525    -5.48926  0.00340287
         967    -5.36651    -5.48914  0.00340172
         968    -5.35619      -5.489  0.00340098
         969    -5.43726    -5.48895  0.00339789
         970    -5.42757    -5.48888  0.00339497
         971    -5.48865    -5.48888  0.00339148
         972    -5.47686    -5.48887  0.00338801
         973    -5.45775    -5.48884  0.00338468
         974    -5.47374    -5.48882  0.00338124
         975      -5.442    -5.48877  0.00337811
         976    -5.38623    -5.48867  0.00337629
         977    -5.40125    -5.48858  0.00337402
         978    -5.34751    -5.48844  0.00337365
         979    -5.38744    -5.48833  0.00337178
         980    -5.48245    -5.48833  0.00336834
         981    -5.41468    -5.48825  0.00336575
         982    -5.43758     -5.4882  0.00336271
         983    -5.45774    -5.48817  0.00335944
         984    -5.44354    -5.48812  0.00335633
         985    -5.39963    -5.48803  0.00335412
         986    -5.39322    -5.48794   0.0033521
         987     -5.4608    -5.48791  0.00334882
         988    -5.50798    -5.48793  0.00334549
         989    -5.54031    -5.48798  0.00334252
         990    -5.52359    -5.48802  0.00333934
         991    -5.57866    -5.48811  0.00333722
         992    -5.51924    -5.48814  0.00333401
         993     -5.4807    -5.48813  0.00333066
         994    -5.47223    -5.48812  0.00332735
         995    -5.46123    -5.48809  0.00332411
         996    -5.45133    -5.48805  0.00332098
         997     -5.4441    -5.48801  0.00331794
         998     -5.4934    -5.48802  0.00331462
         999    -5.44477    -5.48797  0.00331159
        1000    -5.30801    -5.48779  0.00331316
