           1    -8.47245    -8.47245           0
           2    -8.33545    -8.40395   0.0484358
           3    -8.20188     -8.3366   0.0637754
           4    -8.14575    -8.28888    0.063207
           5    -8.09632    -8.25037   0.0611843
           6    -7.96157    -8.20224   0.0673084
           7    -7.91219     -8.1608   0.0692826
           8    -7.84371    -8.12116   0.0710612
           9    -7.77105    -8.08226   0.0730415
          10    -7.74662     -8.0487   0.0730431
          11     -7.7254    -8.01931   0.0720739
          12    -7.74317     -7.9963   0.0696444
          13    -7.69306    -7.97297   0.0680813
          14     -7.6652    -7.95099   0.0666732
          15    -7.62031    -7.92894    0.065772
          16    -7.64575    -7.91124   0.0639985
          17     -7.5871    -7.89218   0.0630102
          18    -7.53553    -7.87236   0.0625473
          19    -7.59198    -7.85761   0.0609714
          20    -7.56901    -7.84318   0.0596058
          21     -7.5326    -7.82839   0.0585735
          22    -7.50562    -7.81371   0.0577192
          23    -7.56199    -7.80277   0.0562378
          24     -7.5497    -7.79223   0.0548741
          25    -7.54775    -7.78245   0.0535434
          26    -7.46215    -7.77013   0.0528822
          27    -7.55148    -7.76203   0.0515399
          28    -7.51766     -7.7533   0.0504327
          29    -7.47214    -7.74361   0.0496168
          30    -7.45012    -7.73382   0.0489179
          31    -7.51993    -7.72692    0.047824
          32    -7.55914    -7.72168    0.046616
          33     -7.5543    -7.71661   0.0454785
          34     -7.5891    -7.71286   0.0442953
          35     -7.5971    -7.70955    0.043153
          36    -7.57864    -7.70592   0.0421072
          37     -7.4879    -7.70002   0.0413794
          38    -7.49009     -7.6945   0.0406576
          39    -7.50317    -7.68959     0.03991
          40    -7.36772    -7.68155   0.0397152
          41    -7.31922    -7.67271   0.0397175
          42    -7.27855    -7.66332   0.0398652
          43     -7.3327    -7.65563   0.0396727
          44    -7.32538    -7.64813   0.0394746
          45    -7.36177    -7.64177    0.039107
          46    -7.41978    -7.63694   0.0385534
          47    -7.46487    -7.63328   0.0379066
          48    -7.53971    -7.63133   0.0371669
          49    -7.53621    -7.62939   0.0364591
          50    -7.49725    -7.62675   0.0358256
          51    -7.50843    -7.62443   0.0351981
          52    -7.56873    -7.62335   0.0345375
          53    -7.67016    -7.62424   0.0338972
          54    -7.71528    -7.62592   0.0333113
          55    -7.70968    -7.62745   0.0327405
          56    -7.69414    -7.62864   0.0321775
          57    -7.62294    -7.62854   0.0316131
          58    -7.67298     -7.6293   0.0310773
          59    -7.68176    -7.63019   0.0305633
          60    -7.59925    -7.62968   0.0300583
          61    -7.60036     -7.6292   0.0295694
          62    -7.59061    -7.62857    0.029099
          63    -7.60167    -7.62815   0.0286402
          64    -7.62811    -7.62815   0.0281927
          65     -7.6666    -7.62874   0.0277652
          66    -7.59849    -7.62828   0.0273483
          67    -7.55848    -7.62724   0.0269599
          68    -7.52653    -7.62576   0.0266041
          69     -7.4685    -7.62348    0.026316
          70    -7.38906    -7.62013   0.0261523
          71    -7.32275    -7.61594   0.0261172
          72    -7.33692    -7.61207   0.0260403
          73    -7.52682     -7.6109   0.0257098
          74    -7.52091    -7.60968   0.0253911
          75     -7.5225    -7.60852   0.0250792
          76    -7.50356    -7.60714   0.0247872
          77    -7.49404    -7.60567   0.0245087
          78    -7.50961    -7.60444   0.0242254
          79    -7.49407    -7.60304    0.023959
          80    -7.40228    -7.60053   0.0237906
          81    -7.39843    -7.59804   0.0236274
          82    -7.43121      -7.596   0.0234267
          83    -7.42059    -7.59389   0.0232396
          84     -7.5233    -7.59305   0.0229781
          85    -7.43969    -7.59124   0.0227785
          86    -7.53477    -7.59059   0.0225231
          87    -7.55875    -7.59022   0.0222672
          88    -7.65041    -7.59091   0.0220246
          89    -7.50129     -7.5899   0.0218002
          90    -7.51493    -7.58907   0.0215738
          91    -7.53283    -7.58845   0.0213456
          92    -7.52931     -7.5878   0.0211233
          93    -7.55197    -7.58742   0.0208997
          94    -7.51795    -7.58668   0.0206904
          95    -7.55174    -7.58631   0.0204759
          96     -7.4713    -7.58511   0.0202976
          97    -7.51072    -7.58435   0.0201028
          98    -7.46202     -7.5831   0.0199364
          99    -7.49229    -7.58218   0.0197561
         100    -7.53691    -7.58173   0.0195637
         101    -7.50288    -7.58095   0.0193856
         102     -7.5348     -7.5805   0.0192008
         103    -7.53717    -7.58008    0.019019
         104    -7.53801    -7.57967   0.0188405
         105    -7.59562    -7.57982   0.0186616
         106    -7.69849    -7.58094   0.0185191
         107    -7.66847    -7.58176   0.0183641
         108    -7.59792    -7.58191   0.0181947
         109     -7.5841    -7.58193   0.0180278
         110    -7.56408    -7.58177   0.0178646
         111    -7.62061    -7.58212   0.0177071
         112    -7.61315    -7.58239   0.0175512
         113    -7.64851    -7.58298   0.0174056
         114    -7.60374    -7.58316   0.0172539
         115    -7.57916    -7.58313   0.0171039
         116    -7.58008     -7.5831   0.0169564
         117    -7.53898    -7.58272   0.0168157
         118    -7.53167    -7.58229   0.0166788
         119    -7.58167    -7.58229   0.0165386
         120    -7.55513    -7.58206   0.0164023
         121    -7.50739    -7.58144   0.0162784
         122    -7.52762      -7.581   0.0161509
         123    -7.53782    -7.58065   0.0160234
         124    -7.53104    -7.58025   0.0158992
         125    -7.40903    -7.57888   0.0158309
         126     -7.5041    -7.57829   0.0157164
         127     -7.5264    -7.57788    0.015598
         128    -7.50369     -7.5773   0.0154869
         129    -7.42818    -7.57614   0.0154099
         130     -7.4497    -7.57517    0.015322
         131    -7.43558     -7.5741   0.0152421
         132    -7.43826    -7.57308   0.0151613
         133    -7.45248    -7.57217   0.0150744
         134    -7.44853    -7.57125   0.0149901
         135    -7.42128    -7.57014   0.0149202
         136    -7.44647    -7.56923   0.0148382
         137    -7.49438    -7.56868   0.0147399
         138    -7.55446    -7.56858   0.0146334
         139    -7.49822    -7.56807   0.0145369
         140    -7.58206    -7.56817   0.0144334
         141    -7.58689     -7.5683   0.0143317
         142    -7.60964    -7.56859   0.0142337
         143     -7.5239    -7.56828   0.0141376
         144    -7.53604    -7.56806   0.0140412
         145    -7.51095    -7.56766   0.0139499
         146    -7.52662    -7.56738   0.0138572
         147     -7.5665    -7.56738   0.0137629
         148    -7.50204    -7.56694    0.013677
         149    -7.52373    -7.56665   0.0135883
         150    -7.48697    -7.56611   0.0135081
         151    -7.42992    -7.56521   0.0134487
         152    -7.41117     -7.5642   0.0133983
         153    -7.33971    -7.56273   0.0133909
         154     -7.4839    -7.56222   0.0133137
         155    -7.46892    -7.56162   0.0132414
         156    -7.54864    -7.56153   0.0131568
         157    -7.51777    -7.56126   0.0130759
         158    -7.48621    -7.56078   0.0130018
         159    -7.51438    -7.56049   0.0129233
         160     -7.5209    -7.56024   0.0128449
         161    -7.56989     -7.5603   0.0127652
         162    -7.58296    -7.56044   0.0126872
         163    -7.57808    -7.56055   0.0126098
         164    -7.56104    -7.56055   0.0125329
         165    -7.59651    -7.56077   0.0124589
         166    -7.59375    -7.56097   0.0123854
         167    -7.59731    -7.56119   0.0123132
         168    -7.61176    -7.56149   0.0122436
         169    -7.57666    -7.56158   0.0121714
         170    -7.56174    -7.56158   0.0120998
         171     -7.6224    -7.56193   0.0120343
         172    -7.61772    -7.56226   0.0119687
         173    -7.54831    -7.56218   0.0118998
         174    -7.46054    -7.56159   0.0118457
         175    -7.52838     -7.5614   0.0117796
         176    -7.53798    -7.56127   0.0117134
         177    -7.64466    -7.56174   0.0116567
         178    -7.57672    -7.56183   0.0115915
         179    -7.57294    -7.56189   0.0115269
         180    -7.55857    -7.56187   0.0114629
         181    -7.57808    -7.56196   0.0113999
         182    -7.46642    -7.56143   0.0113493
         183    -7.55421    -7.56139   0.0112874
         184    -7.60006    -7.56161    0.011228
         185    -7.54243     -7.5615   0.0111678
         186    -7.52657    -7.56131   0.0111093
         187    -7.54493    -7.56123   0.0110503
         188    -7.53351    -7.56108   0.0109925
         189    -7.55886    -7.56107   0.0109343
         190    -7.63941    -7.56148   0.0108845
         191    -7.55516    -7.56145   0.0108276
         192    -7.66903    -7.56201   0.0107857
         193    -7.57612    -7.56208   0.0107301
         194    -7.54297    -7.56198   0.0106752
         195    -7.55247    -7.56193   0.0106206
         196    -7.56324    -7.56194   0.0105664
         197    -7.56721    -7.56197   0.0105128
         198    -7.60627    -7.56219   0.0104621
         199    -7.63318    -7.56255   0.0104156
         200    -7.63997    -7.56293   0.0103707
         201    -7.67878    -7.56351   0.0103351
         202    -7.69935    -7.56418   0.0103058
         203    -7.65947    -7.56465   0.0102657
         204    -7.62388    -7.56494   0.0102195
         205    -7.59032    -7.56507   0.0101704
         206    -7.54575    -7.56497   0.0101214
         207    -7.52749    -7.56479   0.0100742
         208    -7.58085    -7.56487    0.010026
         209    -7.58612    -7.56497  0.00997858
         210    -7.45506    -7.56445  0.00994478
         211    -7.43866    -7.56385   0.0099155
         212    -7.50101    -7.56355  0.00987315
         213    -7.56808    -7.56358  0.00982682
         214    -7.60734    -7.56378  0.00978303
         215    -7.63488    -7.56411  0.00974312
         216    -7.62596     -7.5644  0.00970222
         217    -7.58326    -7.56448   0.0096579
         218     -7.5871    -7.56459  0.00961415
         219    -7.59295    -7.56472  0.00957112
         220    -7.51704     -7.5645  0.00953007
         221     -7.5163    -7.56428  0.00948944
         222    -7.53529    -7.56415   0.0094476
         223    -7.58146    -7.56423  0.00940555
         224    -7.51641    -7.56402  0.00936598
         225    -7.40443    -7.56331  0.00935117
         226    -7.46148    -7.56286  0.00932064
         227    -7.45602    -7.56239  0.00929146
         228    -7.36961    -7.56154  0.00928909
         229    -7.33919    -7.56057  0.00929914
         230    -7.34942    -7.55965  0.00930391
         231    -7.38675     -7.5589   0.0092937
         232    -7.38091    -7.55814  0.00928525
         233    -7.41161    -7.55751  0.00926667
         234    -7.44394    -7.55702  0.00923977
         235    -7.40203    -7.55636  0.00922396
         236    -7.43898    -7.55586  0.00919827
         237    -7.39635    -7.55519  0.00918406
         238    -7.44845    -7.55474  0.00915641
         239    -7.41611    -7.55416  0.00913645
         240    -7.43897    -7.55368  0.00911098
         241    -7.42915    -7.55317  0.00908782
         242    -7.46841    -7.55282  0.00905701
         243    -7.42598    -7.55229  0.00903477
         244    -7.44699    -7.55186  0.00900804
         245    -7.48863     -7.5516  0.00897497
         246    -7.46456    -7.55125  0.00894546
         247    -7.43005    -7.55076  0.00892269
         248    -7.38709     -7.5501  0.00891108
         249    -7.37475     -7.5494  0.00890308
         250     -7.2858    -7.54834  0.00892968
         251    -7.18809    -7.54691  0.00900871
         252    -7.19512    -7.54551  0.00908047
         253    -7.28726    -7.54449  0.00910177
         254    -7.32419    -7.54362  0.00910717
         255    -7.27663    -7.54257  0.00913144
         256    -7.29238     -7.5416  0.00914792
         257    -7.34023    -7.54081  0.00914582
         258    -7.31956    -7.53996  0.00915049
         259    -7.39336    -7.53939  0.00913265
         260    -7.40993    -7.53889  0.00911108
         261    -7.50607    -7.53877  0.00907704
         262    -7.49014    -7.53858   0.0090443
         263    -7.50472    -7.53845  0.00901082
         264    -7.62517    -7.53878  0.00898268
         265    -7.54211    -7.53879  0.00894879
         266      -7.503    -7.53866  0.00891616
         267     -7.5352    -7.53865  0.00888277
         268    -7.42082    -7.53821   0.0088605
         269    -7.47632    -7.53798  0.00883055
         270    -7.42078    -7.53754  0.00880851
         271     -7.5188    -7.53747  0.00877628
         272    -7.53076    -7.53745  0.00874404
         273    -7.50857    -7.53734  0.00871265
         274    -7.50891    -7.53724  0.00868147
         275    -7.45998    -7.53696  0.00865445
         276    -7.39666    -7.53645  0.00863801
         277    -7.37858    -7.53588   0.0086256
         278    -7.35857    -7.53524  0.00861813
         279     -7.3897    -7.53472  0.00860301
         280    -7.49147    -7.53457  0.00857367
         281    -7.50784    -7.53447  0.00854369
         282    -7.51412     -7.5344  0.00851369
         283    -7.40592    -7.53394  0.00849571
         284    -7.45569    -7.53367  0.00847026
         285     -7.4535    -7.53339  0.00844521
         286    -7.50322    -7.53328  0.00841634
         287    -7.56016    -7.53338  0.00838753
         288    -7.54363    -7.53341  0.00835848
         289    -7.51506    -7.53335   0.0083298
         290    -7.48215    -7.53317  0.00830295
         291    -7.47712    -7.53298  0.00827665
         292    -7.50729    -7.53289  0.00824878
         293    -7.50294    -7.53279  0.00822126
         294    -7.46254    -7.53255  0.00819677
         295    -7.51611    -7.53249  0.00816917
         296    -7.48418    -7.53233   0.0081432
         297    -7.43106    -7.53199  0.00812292
         298    -7.41668     -7.5316  0.00810487
         299    -7.44207     -7.5313  0.00808329
         300    -7.39839    -7.53086  0.00806848
         301    -7.41097    -7.53046   0.0080515
         302    -7.40627    -7.53005  0.00803534
         303    -7.38947    -7.52959   0.0080222
         304     -7.3925    -7.52914  0.00800848
         305    -7.38335    -7.52866  0.00799647
         306    -7.40526    -7.52825   0.0079805
         307    -7.46003    -7.52803   0.0079576
         308    -7.47573    -7.52786  0.00793357
         309     -7.5003    -7.52777   0.0079084
         310     -7.4884    -7.52765  0.00788391
         311    -7.47192    -7.52747   0.0078606
         312    -7.51778    -7.52744  0.00783546
         313    -7.52091    -7.52741  0.00781046
         314    -7.47884    -7.52726  0.00778711
         315     -7.4439      -7.527  0.00776689
         316    -7.53592    -7.52702  0.00774236
         317    -7.54181    -7.52707  0.00771808
         318    -7.60723    -7.52732  0.00769792
         319     -7.6484     -7.5277  0.00768314
         320    -7.56765    -7.52783  0.00766015
         321    -7.59145    -7.52802  0.00763885
         322    -7.64935     -7.5284  0.00762441
         323    -7.72237      -7.529  0.00762442
         324    -7.76611    -7.52973  0.00763593
         325    -7.75526    -7.53043  0.00764389
         326    -7.66597    -7.53084  0.00763175
         327    -7.72445    -7.53144  0.00763134
         328    -7.71209    -7.53199  0.00762792
         329    -7.69687    -7.53249  0.00762118
         330    -7.66409    -7.53289  0.00760852
         331    -7.68832    -7.53336  0.00760001
         332    -7.74092    -7.53398  0.00760279
         333    -7.80984    -7.53481  0.00762495
         334    -7.80668    -7.53562  0.00764545
         335    -7.81199    -7.53645  0.00766701
         336    -7.74209    -7.53706  0.00766858
         337    -7.73454    -7.53765  0.00766818
         338    -7.66604    -7.53803  0.00765489
         339     -7.6507    -7.53836  0.00763953
         340    -7.62461    -7.53861  0.00762127
         341    -7.57604    -7.53872  0.00759971
         342    -7.54217    -7.53873  0.00757749
         343    -7.55026    -7.53877  0.00755548
         344    -7.56704    -7.53885  0.00753396
         345    -7.57273    -7.53895  0.00751276
         346    -7.57933    -7.53906  0.00749196
         347    -7.66188    -7.53942  0.00747872
         348    -7.62533    -7.53966   0.0074613
         349    -7.63108    -7.53993  0.00744452
         350    -7.66898    -7.54029  0.00743238
         351    -7.62747    -7.54054  0.00741535
         352    -7.57138    -7.54063   0.0073948
         353    -7.61206    -7.54083  0.00737662
         354    -7.58789    -7.54097  0.00735698
         355    -7.51205    -7.54088  0.00733671
         356    -7.58791    -7.54102  0.00731729
         357    -7.60087    -7.54118  0.00729871
         358    -7.56604    -7.54125  0.00727866
         359    -7.52607    -7.54121   0.0072585
         360    -7.53209    -7.54119  0.00723839
         361    -7.56189    -7.54124  0.00721856
         362    -7.55001    -7.54127  0.00719866
         363    -7.52046    -7.54121  0.00717906
         364    -7.51636    -7.54114  0.00715966
         365    -7.47849    -7.54097   0.0071421
         366    -7.52495    -7.54093  0.00712272
         367    -7.47168    -7.54074  0.00710581
         368    -7.54134    -7.54074   0.0070865
         369    -7.60909    -7.54092  0.00706972
         370    -7.61857    -7.54113  0.00705373
         371    -7.59624    -7.54128  0.00703628
         372    -7.51683    -7.54122  0.00701767
         373    -7.49833     -7.5411   0.0069998
         374    -7.52241    -7.54105  0.00698126
         375    -7.55414    -7.54109  0.00696273
         376    -7.66205    -7.54141  0.00695164
         377    -7.65191     -7.5417  0.00693938
         378    -7.68281    -7.54208  0.00693105
         379    -7.68723    -7.54246  0.00692334
         380    -7.68906    -7.54284  0.00691586
         381    -7.57613    -7.54293  0.00689826
         382    -7.68437     -7.5433  0.00689013
         383    -7.72561    -7.54378  0.00688856
         384    -7.64938    -7.54405  0.00687611
         385    -7.64253    -7.54431  0.00686301
         386    -7.57727    -7.54439  0.00684576
         387    -7.59331    -7.54452  0.00682924
         388    -7.58375    -7.54462  0.00681238
         389    -7.61254     -7.5448  0.00679711
         390    -7.54172    -7.54479  0.00677968
         391    -7.54741     -7.5448  0.00676235
         392    -7.62878    -7.54501  0.00674849
         393    -7.66779    -7.54532  0.00673855
         394    -7.62763    -7.54553  0.00672468
         395    -7.60139    -7.54567  0.00670914
         396    -7.58316    -7.54577  0.00669287
         397    -7.64098    -7.54601  0.00668031
         398    -7.62366     -7.5462  0.00666637
         399    -7.60414    -7.54635  0.00665124
         400    -7.57048    -7.54641  0.00663489
         401    -7.62852    -7.54661   0.0066215
         402    -7.59284    -7.54673  0.00660603
         403    -7.55126    -7.54674  0.00658965
         404    -7.54412    -7.54673  0.00657334
         405    -7.53672    -7.54671  0.00655716
         406    -7.49701    -7.54658  0.00654215
         407    -7.44321    -7.54633    0.006531
         408     -7.4426    -7.54608  0.00651994
         409    -7.46906    -7.54589  0.00650672
         410    -7.49543    -7.54576  0.00649201
         411    -7.39949    -7.54541  0.00648597
         412     -7.4852    -7.54526  0.00647187
         413    -7.53014    -7.54523   0.0064563
         414    -7.49252     -7.5451  0.00644196
         415    -7.51147    -7.54502  0.00642695
         416    -7.53014    -7.54498   0.0064116
         417    -7.57923    -7.54506  0.00639675
         418     -7.5703    -7.54512  0.00638173
         419    -7.61625    -7.54529  0.00636876
         420    -7.61696    -7.54547  0.00635588
         421    -7.58237    -7.54555  0.00634139
         422    -7.57012    -7.54561  0.00632663
         423    -7.57806    -7.54569  0.00631214
         424     -7.5571    -7.54571  0.00629731
         425    -7.59079    -7.54582  0.00628338
         426    -7.55573    -7.54584  0.00626867
         427    -7.48601     -7.5457  0.00625556
         428    -7.41972    -7.54541  0.00624787
         429    -7.43619    -7.54515  0.00623849
         430    -7.52731    -7.54511  0.00622412
         431    -7.50873    -7.54503  0.00621025
         432    -7.54394    -7.54503  0.00619587
         433     -7.5507    -7.54504  0.00618158
         434    -7.45013    -7.54482   0.0061712
         435      -7.352    -7.54438  0.00617291
         436    -7.43993    -7.54414   0.0061634
         437    -7.46665    -7.54396  0.00615185
         438    -7.50797    -7.54388  0.00613835
         439    -7.53947    -7.54387  0.00612438
         440    -7.45584    -7.54367  0.00611373
         441    -7.44542    -7.54345  0.00610392
         442    -7.40777    -7.54314  0.00609782
         443    -7.50194    -7.54305  0.00608477
         444    -7.54301    -7.54305  0.00607106
         445    -7.60147    -7.54318  0.00605884
         446    -7.52122    -7.54313  0.00604546
         447    -7.60635    -7.54327  0.00603359
         448    -7.64114    -7.54349  0.00602407
         449     -7.5516    -7.54351  0.00601068
         450    -7.47396    -7.54335  0.00599931
         451      -7.384      -7.543   0.0059964
         452    -7.40555    -7.54269  0.00599084
         453    -7.45284     -7.5425   0.0059809
         454     -7.5447     -7.5425  0.00596773
         455    -7.55866    -7.54254  0.00595472
         456    -7.53084    -7.54251  0.00594172
         457    -7.53668     -7.5425  0.00592873
         458    -7.50235    -7.54241  0.00591643
         459    -7.50048    -7.54232  0.00590425
         460     -7.5249    -7.54228  0.00589153
         461     -7.5791    -7.54236  0.00587929
         462      -7.588    -7.54246   0.0058674
         463    -7.53192    -7.54244  0.00585477
         464    -7.52946    -7.54241  0.00584222
         465    -7.44523     -7.5422  0.00583339
         466    -7.43013    -7.54196  0.00582583
         467    -7.47844    -7.54182  0.00581494
         468    -7.50123    -7.54174  0.00580316
         469    -7.60724    -7.54188  0.00579247
         470    -7.56954    -7.54193  0.00578044
         471    -7.51402    -7.54188  0.00576848
         472    -7.49098    -7.54177  0.00575726
         473    -7.53507    -7.54175  0.00574511
         474    -7.55334    -7.54178  0.00573304
         475    -7.46854    -7.54162  0.00572304
         476    -7.45115    -7.54143  0.00571418
         477    -7.51595    -7.54138  0.00570245
         478    -7.51697    -7.54133  0.00569074
         479    -7.51467    -7.54127  0.00567914
         480     -7.5559     -7.5413  0.00566739
         481    -7.53017    -7.54128  0.00565565
         482    -7.54584    -7.54129  0.00564392
         483    -7.62966    -7.54147   0.0056352
         484    -7.60223     -7.5416  0.00562496
         485    -7.66141    -7.54185  0.00561878
         486    -7.70503    -7.54218  0.00561725
         487    -7.79997    -7.54271   0.0056306
         488    -7.78483    -7.54321  0.00564088
         489    -7.75687    -7.54364  0.00564624
         490    -7.81681     -7.5442  0.00566217
         491    -7.73778     -7.5446  0.00566435
         492    -7.73732    -7.54499  0.00566636
         493    -7.66296    -7.54523  0.00565992
         494    -7.60156    -7.54534  0.00564961
         495    -7.67699    -7.54561  0.00564446
         496    -7.68447    -7.54589  0.00564001
         497    -7.67708    -7.54615  0.00563484
         498    -7.66312    -7.54639  0.00562842
         499    -7.63361    -7.54656  0.00561985
         500    -7.62124    -7.54671   0.0056106
         501    -7.53963     -7.5467  0.00559942
         502    -7.56491    -7.54673  0.00558838
         503     -7.5382    -7.54671   0.0055773
         504    -7.52845    -7.54668  0.00556635
         505    -7.52855    -7.54664  0.00555544
         506    -7.52262     -7.5466  0.00554466
         507     -7.5129    -7.54653  0.00553413
         508    -7.56022    -7.54656   0.0055233
         509    -7.55075    -7.54656  0.00551245
         510    -7.49347    -7.54646  0.00550263
         511    -7.56532     -7.5465  0.00549198
         512    -7.57663    -7.54656  0.00548157
         513     -7.5467    -7.54656  0.00547089
         514    -7.60037    -7.54666  0.00546124
         515    -7.62733    -7.54682  0.00545288
         516    -7.59777    -7.54692  0.00544321
         517    -7.66033    -7.54714   0.0054371
         518    -7.62073    -7.54728  0.00542846
         519    -7.62188    -7.54742   0.0054199
         520    -7.54948    -7.54743  0.00540948
         521    -7.53842    -7.54741  0.00539913
         522    -7.57524    -7.54746  0.00538905
         523    -7.60169    -7.54756  0.00537974
         524    -7.55101    -7.54757  0.00536948
         525    -7.56762    -7.54761  0.00535939
         526    -7.51503    -7.54755  0.00534956
         527    -7.50972    -7.54748  0.00533989
         528     -7.4613    -7.54731  0.00533227
         529    -7.42141    -7.54707  0.00532749
         530    -7.45458     -7.5469   0.0053203
         531    -7.51582    -7.54684   0.0053106
         532    -7.53034    -7.54681  0.00530071
         533    -7.49288    -7.54671  0.00529173
         534    -7.56744    -7.54675  0.00528196
         535    -7.57387     -7.5468  0.00527234
         536     -7.4982    -7.54671  0.00526328
         537    -7.42427    -7.54648  0.00525841
         538    -7.56176    -7.54651  0.00524872
         539    -7.50517    -7.54643  0.00523954
         540    -7.46251    -7.54628  0.00523214
         541    -7.49969    -7.54619  0.00522318
         542    -7.48742    -7.54608  0.00521467
         543    -7.47988    -7.54596  0.00520649
         544    -7.49693    -7.54587   0.0051977
         545    -7.51921    -7.54582  0.00518839
         546    -7.50335    -7.54574  0.00517947
         547    -7.48776    -7.54564  0.00517109
         548    -7.56794    -7.54568  0.00516181
         549    -7.58338    -7.54575  0.00515286
         550    -7.56342    -7.54578   0.0051436
         551    -7.57861    -7.54584  0.00513461
         552    -7.60872    -7.54595  0.00512657
         553    -7.59404    -7.54604  0.00511803
         554      -7.611    -7.54616  0.00511014
         555    -7.57744    -7.54621  0.00510124
         556    -7.62134    -7.54635  0.00509386
         557    -7.58347    -7.54641  0.00508515
         558      -7.623    -7.54655  0.00507789
         559     -7.6015    -7.54665  0.00506975
         560    -7.62545    -7.54679  0.00506265
         561    -7.60511    -7.54689   0.0050547
         562     -7.6012    -7.54699  0.00504662
         563    -7.58175    -7.54705  0.00503804
         564    -7.56005    -7.54708  0.00502916
         565    -7.58596    -7.54714  0.00502073
         566    -7.61946    -7.54727  0.00501348
         567    -7.58935    -7.54735  0.00500519
         568    -7.52638    -7.54731  0.00499651
         569    -7.47439    -7.54718  0.00498938
         570    -7.39631    -7.54692  0.00498764
         571    -7.56088    -7.54694  0.00497896
         572    -7.56408    -7.54697  0.00497035
         573    -7.58426    -7.54704   0.0049621
         574    -7.56807    -7.54707  0.00495359
         575    -7.58871    -7.54715  0.00494551
         576    -7.54621    -7.54714  0.00493692
         577    -7.59579    -7.54723  0.00492908
         578    -7.54947    -7.54723  0.00492056
         579     -7.5692    -7.54727   0.0049122
         580    -7.54531    -7.54727  0.00490374
         581    -7.57994    -7.54732  0.00489562
         582    -7.61156    -7.54743  0.00488845
         583    -7.66012    -7.54763  0.00488389
         584    -7.67272    -7.54784  0.00488022
         585    -7.65856    -7.54803  0.00487554
         586    -7.64665     -7.5482  0.00487013
         587    -7.77377    -7.54858  0.00487697
         588    -7.73247     -7.5489  0.00487869
         589    -7.75447    -7.54924  0.00488288
         590    -7.79041    -7.54965  0.00489168
         591    -7.68921    -7.54989   0.0048891
         592    -7.69035    -7.55013  0.00488659
         593     -7.6691    -7.55033  0.00488247
         594    -7.65836    -7.55051  0.00487764
         595    -7.60706     -7.5506  0.00487037
         596    -7.49416    -7.55051  0.00486311
         597      -7.526    -7.55047  0.00485514
         598    -7.54883    -7.55047  0.00484702
         599    -7.51347     -7.5504  0.00483933
         600    -7.61952    -7.55052  0.00483263
         601    -7.66726    -7.55071  0.00482849
         602    -7.63926    -7.55086  0.00482271
         603    -7.66876    -7.55106  0.00481867
         604    -7.63644     -7.5512  0.00481277
         605     -7.5727    -7.55123  0.00480495
         606    -7.55591    -7.55124  0.00479702
         607    -7.54435    -7.55123  0.00478913
         608    -7.52877    -7.55119   0.0047814
         609     -7.4949     -7.5511  0.00477444
         610    -7.54067    -7.55108  0.00476665
         611    -7.60383    -7.55117  0.00475963
         612    -7.61748    -7.55128  0.00475308
         613    -7.59357    -7.55135  0.00474583
         614    -7.49716    -7.55126  0.00473892
         615    -7.58539    -7.55131  0.00473154
         616    -7.60255     -7.5514  0.00472459
         617    -7.57843    -7.55144  0.00471713
         618    -7.61188    -7.55154  0.00471052
         619    -7.65079     -7.5517  0.00470563
         620     -7.6178    -7.55181  0.00469925
         621    -7.62614    -7.55193  0.00469321
         622    -7.67408    -7.55212  0.00468977
         623    -7.65457    -7.55229  0.00468512
         624    -7.56747    -7.55231  0.00467768
         625    -7.64315    -7.55246  0.00467245
         626    -7.59235    -7.55252  0.00466542
         627    -7.55027    -7.55252  0.00465798
         628    -7.53476    -7.55249  0.00465065
         629    -7.54195    -7.55247  0.00464329
         630    -7.56758    -7.55249  0.00463598
         631    -7.58187    -7.55254  0.00462887
         632     -7.5662    -7.55256  0.00462159
         633    -7.59605    -7.55263   0.0046148
         634    -7.60487    -7.55271  0.00460826
         635    -7.55438    -7.55272    0.004601
         636    -7.51037    -7.55265  0.00459425
         637    -7.44631    -7.55248  0.00459007
         638     -7.4446    -7.55231  0.00458599
         639    -7.48433    -7.55221  0.00458005
         640     -7.4666    -7.55207  0.00457484
         641    -7.45726    -7.55193   0.0045701
         642    -7.50445    -7.55185  0.00456358
         643    -7.55826    -7.55186  0.00455649
         644    -7.44597     -7.5517  0.00455238
         645    -7.56673    -7.55172  0.00454538
         646    -7.53757     -7.5517   0.0045384
         647    -7.64112    -7.55184  0.00453349
         648    -7.65286    -7.55199  0.00452917
         649    -7.61359    -7.55209  0.00452319
         650    -7.57117    -7.55212  0.00451632
         651    -7.55248    -7.55212  0.00450939
         652    -7.57658    -7.55216  0.00450263
         653    -7.55407    -7.55216  0.00449573
         654    -7.53706    -7.55214  0.00448892
         655    -7.64984    -7.55228  0.00448454
         656    -7.64104    -7.55242  0.00447975
         657    -7.59362    -7.55248  0.00447337
         658    -7.55817    -7.55249  0.00446658
         659    -7.55234    -7.55249   0.0044598
         660    -7.55974     -7.5525  0.00445305
         661     -7.5179    -7.55245  0.00444662
         662    -7.52045     -7.5524  0.00444017
         663    -7.57001    -7.55243  0.00443355
         664    -7.57952    -7.55247  0.00442706
         665    -7.61371    -7.55256  0.00442136
         666      -7.564    -7.55258  0.00441476
         667    -7.49924     -7.5525  0.00440886
         668    -7.43201    -7.55232  0.00440595
         669    -7.46069    -7.55218   0.0044015
         670    -7.58528    -7.55223   0.0043952
         671    -7.67328    -7.55241  0.00439235
         672    -7.67083    -7.55259  0.00438935
         673    -7.58585    -7.55264  0.00438311
         674    -7.60227    -7.55271  0.00437722
         675    -7.63288    -7.55283  0.00437235
         676    -7.61281    -7.55292  0.00436678
         677    -7.59371    -7.55298  0.00436075
         678    -7.61271    -7.55307   0.0043552
         679    -7.61675    -7.55316   0.0043498
         680     -7.6128    -7.55325  0.00434429
         681    -7.69104    -7.55345  0.00434262
         682    -7.62901    -7.55356  0.00433766
         683    -7.67868    -7.55374  0.00433518
         684    -7.72995      -7.554  0.00433649
         685    -7.68928     -7.5542  0.00433465
         686    -7.68648    -7.55439  0.00433262
         687     -7.6367    -7.55451  0.00432797
         688    -7.60948    -7.55459  0.00432242
         689    -7.62128    -7.55469  0.00431723
         690    -7.46665    -7.55456  0.00431286
         691     -7.5331    -7.55453  0.00430673
         692    -7.58468    -7.55457  0.00430072
         693    -7.62032    -7.55467  0.00429556
         694    -7.62633    -7.55477  0.00429061
         695    -7.58073    -7.55481   0.0042846
         696    -7.58918    -7.55486  0.00427873
         697    -7.53821    -7.55483  0.00427266
         698    -7.47717    -7.55472  0.00426799
         699    -7.53403    -7.55469  0.00426198
         700    -7.49004     -7.5546   0.0042569
         701    -7.51151    -7.55454  0.00425127
         702    -7.54391    -7.55452  0.00424524
         703     -7.5549    -7.55452   0.0042392
         704    -7.51853    -7.55447  0.00423349
         705    -7.52358    -7.55443  0.00422771
         706    -7.59794    -7.55449  0.00422217
         707    -7.63143     -7.5546   0.0042176
         708    -7.59335    -7.55465    0.004212
         709    -7.54708    -7.55464  0.00420607
         710    -7.61851    -7.55473  0.00420111
         711    -7.58396    -7.55477   0.0041954
         712    -7.57319     -7.5548  0.00418959
         713    -7.60489    -7.55487   0.0041843
         714    -7.57468     -7.5549  0.00417853
         715     -7.5155    -7.55484  0.00417305
         716    -7.49449    -7.55476  0.00416807
         717    -7.52311    -7.55472  0.00416249
         718     -7.4852    -7.55462  0.00415782
         719    -7.43905    -7.55446  0.00415515
         720    -7.38029    -7.55422  0.00415641
         721    -7.34676    -7.55393  0.00416059
         722    -7.42658    -7.55375  0.00415857
         723    -7.40103    -7.55354  0.00415818
         724    -7.48354    -7.55344  0.00415356
         725    -7.50275    -7.55337  0.00414842
         726    -7.56018    -7.55338  0.00414271
         727    -7.59426    -7.55344   0.0041374
         728    -7.60636    -7.55351  0.00413235
         729    -7.66038    -7.55366  0.00412928
         730    -7.60461    -7.55373  0.00412422
         731    -7.57308    -7.55376  0.00411866
         732    -7.49449    -7.55367  0.00411383
         733    -7.54009    -7.55366  0.00410826
         734     -7.4753    -7.55355  0.00410405
         735    -7.49065    -7.55346  0.00409936
         736    -7.46883    -7.55335   0.0040954
         737    -7.50706    -7.55329  0.00409032
         738    -7.51395    -7.55323  0.00408513
         739    -7.51936    -7.55319  0.00407986
         740    -7.47369    -7.55308  0.00407576
         741    -7.54052    -7.55306  0.00407029
         742    -7.53102    -7.55303  0.00406492
         743    -7.53008      -7.553  0.00405956
         744    -7.59977    -7.55306  0.00405459
         745    -7.58906    -7.55311  0.00404944
         746    -7.62835    -7.55321  0.00404527
         747    -7.62279    -7.55331  0.00404092
         748    -7.57863    -7.55334  0.00403566
         749    -7.60453    -7.55341  0.00403085
         750    -7.71043    -7.55362  0.00403091
         751      -7.728    -7.55385  0.00403223
         752    -7.68596    -7.55403  0.00403069
         753    -7.63289    -7.55413   0.0040267
         754    -7.60444     -7.5542  0.00402191
         755    -7.60395    -7.55426  0.00401712
         756    -7.66069     -7.5544  0.00401427
         757    -7.60282    -7.55447  0.00400948
         758     -7.6396    -7.55458  0.00400576
         759    -7.58178    -7.55462  0.00400065
         760    -7.50417    -7.55455  0.00399593
         761    -7.54952    -7.55454  0.00399069
         762    -7.61229    -7.55462  0.00398617
         763    -7.62799    -7.55472  0.00398211
         764    -7.54397     -7.5547  0.00397692
         765    -7.49557    -7.55462  0.00397247
         766    -7.57749    -7.55465   0.0039674
         767    -7.57704    -7.55468  0.00396233
         768     -7.6183    -7.55477  0.00395804
         769    -7.57432    -7.55479  0.00395297
         770    -7.54216    -7.55477  0.00394787
         771    -7.56868    -7.55479  0.00394279
         772    -7.65154    -7.55492  0.00393968
         773    -7.66523    -7.55506  0.00393716
         774    -7.71697    -7.55527  0.00393763
         775    -7.65903     -7.5554  0.00393483
         776    -7.67031    -7.55555  0.00393254
         777    -7.63921    -7.55566  0.00392895
         778     -7.6375    -7.55576  0.00392531
         779    -7.68133    -7.55593  0.00392358
         780    -7.65821    -7.55606  0.00392074
         781    -7.69154    -7.55623  0.00391956
         782    -7.66038    -7.55636  0.00391681
         783    -7.65001    -7.55648  0.00391363
         784    -7.62108    -7.55657   0.0039095
         785    -7.61934    -7.55665  0.00390534
         786      -7.651    -7.55677  0.00390222
         787    -7.60508    -7.55683  0.00389774
         788    -7.51194    -7.55677  0.00389321
         789    -7.49942     -7.5567  0.00388896
         790    -7.47424    -7.55659  0.00388543
         791    -7.48662     -7.5565  0.00388153
         792    -7.45454    -7.55638  0.00387876
         793    -7.47309    -7.55627  0.00387529
         794     -7.5176    -7.55622  0.00387072
         795    -7.54068     -7.5562   0.0038659
         796    -7.47109     -7.5561  0.00386252
         797    -7.47004    -7.55599  0.00385918
         798    -7.52355    -7.55595  0.00385456
         799    -7.52198     -7.5559  0.00384997
         800    -7.49916    -7.55583  0.00384581
         801    -7.43392    -7.55568  0.00384402
         802    -7.52681    -7.55565   0.0038394
         803    -7.56906    -7.55566  0.00383465
         804    -7.61298    -7.55573  0.00383054
         805    -7.65127    -7.55585  0.00382762
         806    -7.66273    -7.55598  0.00382517
         807    -7.62067    -7.55606  0.00382127
         808    -7.52556    -7.55603  0.00381673
         809    -7.54227    -7.55601  0.00381205
         810    -7.61667    -7.55608  0.00380808
         811    -7.54727    -7.55607   0.0038034
         812    -7.50073    -7.55601  0.00379932
         813     -7.5343    -7.55598  0.00379475
         814    -7.55818    -7.55598  0.00379008
         815    -7.54321    -7.55597  0.00378547
         816    -7.55519    -7.55597  0.00378083
         817    -7.50218     -7.5559  0.00377677
         818     -7.5343    -7.55587  0.00377225
         819    -7.53999    -7.55585  0.00376769
         820    -7.57425    -7.55588  0.00376316
         821    -7.52677    -7.55584  0.00375875
         822    -7.46505    -7.55573   0.0037558
         823    -7.46247    -7.55562  0.00375294
         824    -7.45332    -7.55549  0.00375044
         825    -7.43244    -7.55534  0.00374886
         826    -7.39279    -7.55515  0.00374948
         827    -7.33204    -7.55488  0.00375464
         828    -7.34035    -7.55462  0.00375904
         829    -7.37073     -7.5544  0.00376104
         830    -7.43258    -7.55425  0.00375937
         831     -7.4396    -7.55411  0.00375738
         832    -7.47192    -7.55401  0.00375416
         833    -7.48238    -7.55393  0.00375064
         834    -7.45194     -7.5538  0.00374813
         835    -7.38638     -7.5536    0.003749
         836    -7.42846    -7.55345  0.00374751
         837    -7.40128    -7.55327  0.00374744
         838    -7.34401    -7.55302  0.00375128
         839    -7.47724    -7.55293  0.00374789
         840    -7.39117    -7.55274  0.00374838
         841    -7.38733    -7.55254  0.00374907
         842    -7.39622    -7.55236  0.00374922
         843    -7.48253    -7.55227  0.00374568
         844    -7.48899     -7.5522    0.003742
         845    -7.56681    -7.55222  0.00373761
         846    -7.54712    -7.55221   0.0037332
         847    -7.50973    -7.55216  0.00372912
         848    -7.51563    -7.55212  0.00372498
         849    -7.48393    -7.55204  0.00372145
         850    -7.50006    -7.55198  0.00371758
         851    -7.51162    -7.55193  0.00371351
         852    -7.50308    -7.55187   0.0037096
         853    -7.50923    -7.55182  0.00370558
         854     -7.4435    -7.55169  0.00370341
         855    -7.47911    -7.55161  0.00370006
         856     -7.4831    -7.55153   0.0036966
         857    -7.43531    -7.55139  0.00369477
         858     -7.3837     -7.5512  0.00369563
         859    -7.42129    -7.55105  0.00369442
         860    -7.50555    -7.55099  0.00369051
         861       -7.52    -7.55096  0.00368639
         862    -7.49643     -7.5509  0.00368266
         863    -7.42331    -7.55075  0.00368136
         864    -7.49639    -7.55068  0.00367764
         865     -7.5814    -7.55072  0.00367356
         866    -7.60298    -7.55078  0.00366981
         867    -7.62275    -7.55086  0.00366652
         868    -7.59475    -7.55091  0.00366264
         869    -7.60282    -7.55097  0.00365891
         870    -7.62483    -7.55106  0.00365569
         871    -7.61455    -7.55113  0.00365222
         872     -7.6638    -7.55126  0.00365032
         873    -7.65495    -7.55138  0.00364807
         874    -7.66382    -7.55151  0.00364616
         875    -7.66179    -7.55163  0.00364417
         876    -7.60861     -7.5517  0.00364059
         877    -7.63292    -7.55179  0.00363762
         878    -7.57479    -7.55182  0.00363357
         879    -7.54282    -7.55181  0.00362945
         880    -7.54336     -7.5518  0.00362534
         881    -7.55447     -7.5518  0.00362123
         882    -7.52467    -7.55177  0.00361725
         883    -7.45096    -7.55166  0.00361496
         884     -7.5788    -7.55169    0.003611
         885    -7.63243    -7.55178  0.00360807
         886    -7.63164    -7.55187  0.00360512
         887    -7.60057    -7.55192  0.00360148
         888     -7.6287    -7.55201  0.00359846
         889    -7.49604    -7.55195  0.00359496
         890    -7.47829    -7.55186  0.00359187
         891    -7.50522    -7.55181  0.00358822
         892    -7.50154    -7.55176  0.00358464
         893    -7.34818    -7.55153  0.00358787
         894    -7.46279    -7.55143  0.00358523
         895    -7.47849    -7.55135  0.00358215
         896    -7.57712    -7.55138  0.00357827
         897     -7.6018    -7.55143  0.00357472
         898    -7.51012    -7.55139  0.00357104
         899    -7.65456     -7.5515  0.00356891
         900    -7.74511    -7.55172  0.00357142
         901    -7.64768    -7.55182  0.00356904
         902    -7.65741    -7.55194  0.00356701
         903    -7.67424    -7.55207  0.00356563
         904    -7.64189    -7.55217  0.00356307
         905    -7.65188    -7.55228  0.00356083
         906    -7.69255    -7.55244  0.00356027
         907    -7.65855    -7.55256  0.00355826
         908     -7.5779    -7.55258  0.00355445
         909     -7.6292    -7.55267  0.00355154
         910    -7.64063    -7.55276  0.00354896
         911    -7.67729     -7.5529  0.00354769
         912    -7.67728    -7.55304  0.00354642
         913    -7.58814    -7.55308  0.00354275
         914    -7.64993    -7.55318  0.00354045
         915    -7.61808    -7.55325  0.00353729
         916    -7.58784    -7.55329  0.00353363
         917    -7.58859    -7.55333  0.00352999
         918    -7.65037    -7.55343  0.00352773
         919    -7.57713    -7.55346  0.00352398
         920    -7.52688    -7.55343  0.00352027
         921    -7.50886    -7.55338  0.00351678
         922    -7.50684    -7.55333  0.00351333
         923    -7.54298    -7.55332  0.00350954
         924    -7.55927    -7.55333  0.00350575
         925    -7.49465    -7.55326  0.00350253
         926    -7.45298    -7.55316  0.00350042
         927    -7.51206    -7.55311  0.00349693
         928    -7.47144    -7.55302  0.00349427
         929    -7.47333    -7.55294  0.00349156
         930    -7.44693    -7.55282  0.00348967
         931    -7.46217    -7.55273  0.00348728
         932     -7.4144    -7.55258  0.00348669
         933    -7.52466    -7.55255  0.00348308
         934    -7.55848    -7.55255  0.00347936
         935     -7.5599    -7.55256  0.00347565
         936    -7.56878    -7.55258  0.00347198
         937    -7.53485    -7.55256  0.00346832
         938    -7.50382    -7.55251  0.00346501
         939    -7.44846     -7.5524  0.00346309
         940    -7.48076    -7.55232  0.00346025
         941    -7.44418    -7.55221  0.00345848
         942    -7.37984    -7.55202  0.00345965
         943      -7.454    -7.55192  0.00345754
         944    -7.40373    -7.55176  0.00345744
         945    -7.41338    -7.55162  0.00345688
         946    -7.43049    -7.55149  0.00345559
         947    -7.43078    -7.55136   0.0034543
         948     -7.5747    -7.55139  0.00345074
         949     -7.6216    -7.55146   0.0034479
         950    -7.59334     -7.5515  0.00344455
         951    -7.58598    -7.55154  0.00344112
         952    -7.62453    -7.55162  0.00343836
         953    -7.71671    -7.55179  0.00343911
         954    -7.68466    -7.55193  0.00343832
         955    -7.67513    -7.55206  0.00343714
         956    -7.65573    -7.55217  0.00343526
         957    -7.60923    -7.55223  0.00343219
         958    -7.63936    -7.55232  0.00342981
         959    -7.55792    -7.55232  0.00342624
         960    -7.53649    -7.55231  0.00342271
         961    -7.50344    -7.55226  0.00341952
         962    -7.55113    -7.55225  0.00341597
         963    -7.57774    -7.55228  0.00341252
         964     -7.5395    -7.55227  0.00340901
         965    -7.53315    -7.55225  0.00340554
         966    -7.47816    -7.55217  0.00340287
         967    -7.42942    -7.55204  0.00340172
         968    -7.41909    -7.55191  0.00340098
         969    -7.50017    -7.55185  0.00339789
         970    -7.49048    -7.55179  0.00339497
         971    -7.55156    -7.55179  0.00339148
         972    -7.53976    -7.55178  0.00338801
         973    -7.52066    -7.55175  0.00338468
         974    -7.53664    -7.55173  0.00338124
         975    -7.50491    -7.55168  0.00337811
         976    -7.44914    -7.55158  0.00337629
         977    -7.46416    -7.55149  0.00337402
         978    -7.41042    -7.55134  0.00337365
         979    -7.45035    -7.55124  0.00337178
         980    -7.54536    -7.55123  0.00336834
         981    -7.47759    -7.55116  0.00336575
         982    -7.50049    -7.55111  0.00336271
         983    -7.52065    -7.55108  0.00335944
         984    -7.50645    -7.55103  0.00335633
         985    -7.46254    -7.55094  0.00335412
         986    -7.45612    -7.55085   0.0033521
         987    -7.52371    -7.55082  0.00334882
         988    -7.57089    -7.55084  0.00334549
         989    -7.60322    -7.55089  0.00334252
         990     -7.5865    -7.55093  0.00333934
         991    -7.64157    -7.55102  0.00333722
         992    -7.58215    -7.55105  0.00333401
         993    -7.54361    -7.55104  0.00333066
         994    -7.53514    -7.55103  0.00332735
         995    -7.52414      -7.551  0.00332411
         996    -7.51424    -7.55096  0.00332098
         997      -7.507    -7.55092  0.00331794
         998    -7.55631    -7.55092  0.00331462
         999    -7.50768    -7.55088  0.00331159
        1000    -7.37092     -7.5507  0.00331316
