   0.0064633           0           0
   0.0193899           0           0           0
   0.0193899           0           0
   0.0323165           0           0           0
   0.0323165           0           0
   0.0452431           0           0           0
   0.0452431           0           0
   0.0581697           0           0           0
   0.0581697           0           0
   0.0710963           0           0           0
   0.0710963           0           0
    0.084023           0           0           0
    0.084023           0           0
   0.0969496           0           0           0
   0.0969496           0           0
    0.109876           0           0           0
    0.109876           0           0
    0.122803           0           0           0
    0.122803           0           0
    0.135729           0           0           0
    0.135729           0           0
    0.148656           0           0           0
    0.148656           0           0
    0.161583           0           0           0
    0.161583           0           0
    0.174509           0           0           0
    0.174509           0           0
    0.187436           0           0           0
    0.187436           0           0
    0.200362           0           0           0
    0.200362           0           0
    0.213289           0           0           0
    0.213289           0           0
    0.226216           0           0           0
    0.226216           0           0
    0.239142           0           0           0
    0.239142           0           0
    0.252069           0           0           0
    0.252069           0           0
    0.264995           0           0           0
    0.264995           0           0
    0.277922           0           0           0
    0.277922           0           0
    0.290849           0           0           0
    0.290849           0           0
    0.303775           0           0           0
    0.303775           0           0
    0.316702           0           0           0
    0.316702           0           0
    0.329629           0           0           0
    0.329629           0           0
    0.342555           0           0           0
    0.342555           0           0
    0.355482           0           0           0
    0.355482           0           0
    0.368408           0           0           0
    0.368408           0           0
    0.381335           0           0           0
    0.381335           0           0
    0.394262           0           0           0
    0.394262           0           0
    0.407188           0           0           0
    0.407188           0           0
    0.420115           0           0           0
    0.420115           0           0
    0.433041           0           0           0
    0.433041           0           0
    0.445968           0           0           0
    0.445968           0           0
    0.458895           0           0           0
    0.458895           0           0
    0.471821           0           0           0
    0.471821           0           0
    0.484748           0           0           0
    0.484748           0           0
    0.497674           0           0           0
    0.497674           0           0
    0.510601           0           0           0
    0.510601           0           0
    0.523528           0           0           0
    0.523528           0           0
    0.536454           0           0           0
    0.536454           0           0
    0.549381           0           0           0
    0.549381           0           0
    0.562307           0           0           0
    0.562307           0           0
    0.575234           0           0           0
    0.575234           0           0
    0.588161           0           0           0
    0.588161           0           0
    0.601087           0           0           0
    0.601087           0           0
    0.614014           0           0           0
    0.614014           0           0
     0.62694           0           0           0
     0.62694           0           0
    0.639867           0           0           0
    0.639867           0           0
    0.652794           0           0           0
    0.652794           0           0
     0.66572           0           0           0
     0.66572           0           0
    0.678647           0           0           0
    0.678647           0           0
    0.691574           0           0           0
    0.691574           0           0
      0.7045           0           0           0
      0.7045           0           0
    0.717427           0           0           0
    0.717427           0           0
    0.730353           0           0           0
    0.730353           0           0
     0.74328           0           0           0
     0.74328           0           0
    0.756207           0           0           0
    0.756207           0           0
    0.769133           0           0           0
    0.769133           0           0
     0.78206           0           0           0
     0.78206           0           0
    0.794986           0           0           0
    0.794986           0           0
    0.807913           0           0           0
    0.807913           0           0
     0.82084           0           0           0
     0.82084           0           0
    0.833766           0           0           0
    0.833766           0           0
    0.846693           0           0           0
    0.846693           0           0
    0.859619           0           0           0
    0.859619           0           0
    0.872546           0 0.000568998 0.000563279
    0.872546 0.000568998 0.000563279
    0.885473           0 0.000523427 0.000518166
    0.885473 0.000523427 0.000518166
    0.898399           0  0.00483049  0.00185414
    0.898399  0.00483049  0.00185414
    0.911326   0.0233349   0.0187228  0.00340055
    0.911326   0.0187228  0.00340055
    0.924252    0.100089   0.0401422  0.00649368
    0.924252   0.0401422  0.00649368
    0.937179   0.0960487    0.109158  0.00830215
    0.937179    0.109158  0.00830215
    0.950106     0.25889     0.20201   0.0122072
    0.950106     0.20201   0.0122072
    0.963032    0.388428    0.357108   0.0189361
    0.963032    0.357108   0.0189361
    0.975959    0.762398    0.528484   0.0231047
    0.975959    0.528484   0.0231047
    0.988886    0.874329    0.735182   0.0293511
    0.988886    0.735182   0.0293511
     1.00181    0.900754    0.980743   0.0318284
     1.00181    0.980743   0.0318284
     1.01474    0.934415     1.20896   0.0372321
     1.01474     1.20896   0.0372321
     1.02767     1.27699     1.38651   0.0305542
     1.02767     1.38651   0.0305542
     1.04059     1.24125     1.56465   0.0357795
     1.04059     1.56465   0.0357795
     1.05352     1.55404     1.81846   0.0383268
     1.05352     1.81846   0.0383268
     1.06645     1.95864     1.97016   0.0433857
     1.06645     1.97016   0.0433857
     1.07937     1.86699     1.95208   0.0473744
     1.07937     1.95208   0.0473744
      1.0923     2.05047     2.01829   0.0437164
      1.0923     2.01829   0.0437164
     1.10522     1.83853     2.10549   0.0432593
     1.10522     2.10549   0.0432593
     1.11815      2.5011     2.12379   0.0465389
     1.11815     2.12379   0.0465389
     1.13108     2.72406     2.11459   0.0451567
     1.13108     2.11459   0.0451567
       1.144     2.87104     2.18148   0.0497614
       1.144     2.18148   0.0497614
     1.15693       2.688     2.15462   0.0504637
     1.15693     2.15462   0.0504637
     1.16986     2.26824     2.02439    0.046302
     1.16986     2.02439    0.046302
     1.18278     1.95817     1.97341   0.0404443
     1.18278     1.97341   0.0404443
     1.19571     2.08988     1.94427   0.0505738
     1.19571     1.94427   0.0505738
     1.20864     2.41455     1.90528   0.0476022
     1.20864     1.90528   0.0476022
     1.22156     1.73879     1.82218   0.0404061
     1.22156     1.82218   0.0404061
     1.23449     1.89631     1.76419   0.0374084
     1.23449     1.76419   0.0374084
     1.24742     1.66527     1.72657   0.0373726
     1.24742     1.72657   0.0373726
     1.26034      1.6686     1.76285    0.039705
     1.26034     1.76285    0.039705
     1.27327     1.36628     1.69721    0.042075
     1.27327     1.69721    0.042075
      1.2862     1.40235     1.67018   0.0391408
      1.2862     1.67018   0.0391408
     1.29912     1.10642     1.64742   0.0384394
     1.29912     1.64742   0.0384394
     1.31205     1.06155     1.58549   0.0331927
     1.31205     1.58549   0.0331927
     1.32498     1.08574     1.52506   0.0313482
     1.32498     1.52506   0.0313482
      1.3379     1.19543     1.49702   0.0331586
      1.3379     1.49702   0.0331586
     1.35083    0.991479     1.44085   0.0306764
     1.35083     1.44085   0.0306764
     1.36376     1.21244     1.39214   0.0325071
     1.36376     1.39214   0.0325071
     1.37668      1.3197     1.36743   0.0379033
     1.37668     1.36743   0.0379033
     1.38961     1.09926     1.31481   0.0305848
     1.38961     1.31481   0.0305848
     1.40254     1.03273     1.30662   0.0299995
     1.40254     1.30662   0.0299995
     1.41546     1.17214     1.30196   0.0237793
     1.41546     1.30196   0.0237793
     1.42839     1.42369     1.28646   0.0303281
     1.42839     1.28646   0.0303281
     1.44132     1.46082      1.2468   0.0252135
     1.44132      1.2468   0.0252135
     1.45424     1.21342     1.23417   0.0302332
     1.45424     1.23417   0.0302332
     1.46717     1.17042      1.2134   0.0245819
     1.46717      1.2134   0.0245819
      1.4801     1.24425     1.18209   0.0260093
      1.4801     1.18209   0.0260093
     1.49302     1.21411     1.18682   0.0281326
     1.49302     1.18682   0.0281326
     1.50595     1.15666     1.20097   0.0307274
     1.50595     1.20097   0.0307274
     1.51888     1.12964     1.20732   0.0295144
     1.51888     1.20732   0.0295144
      1.5318     1.20102     1.19288    0.027967
      1.5318     1.19288    0.027967
     1.54473     1.01475     1.20158   0.0285384
     1.54473     1.20158   0.0285384
     1.55766    0.948172     1.19881   0.0258786
     1.55766     1.19881   0.0258786
     1.57058    0.905824      1.1791   0.0206792
     1.57058      1.1791   0.0206792
     1.58351     1.05931      1.1873   0.0198566
     1.58351      1.1873   0.0198566
     1.59644      1.1876     1.16974   0.0222897
     1.59644     1.16974   0.0222897
     1.60936     1.06472     1.18032   0.0237868
     1.60936     1.18032   0.0237868
     1.62229     1.07901     1.15128   0.0247414
     1.62229     1.15128   0.0247414
     1.63522    0.967373      1.0943   0.0220765
     1.63522      1.0943   0.0220765
     1.64814    0.942605     1.07774   0.0211175
     1.64814     1.07774   0.0211175
     1.66107    0.954848      1.0643   0.0214326
     1.66107      1.0643   0.0214326
       1.674    0.867338      1.0642   0.0217633
       1.674      1.0642   0.0217633
     1.68692    0.943832     1.05877   0.0206167
     1.68692     1.05877   0.0206167
     1.69985    0.890078     1.06497   0.0191952
     1.69985     1.06497   0.0191952
     1.71278    0.973845     1.04536    0.019459
     1.71278     1.04536    0.019459
      1.7257    0.976919     1.03191   0.0173959
      1.7257     1.03191   0.0173959
     1.73863     1.03901     1.01671   0.0183738
     1.73863     1.01671   0.0183738
     1.75156     1.08132     1.02778   0.0186525
     1.75156     1.02778   0.0186525
     1.76448     1.10215     1.02882   0.0200322
     1.76448     1.02882   0.0200322
     1.77741     1.10494     1.04512   0.0234646
     1.77741     1.04512   0.0234646
     1.79034     1.24945     1.05322   0.0224226
     1.79034     1.05322   0.0224226
     1.80326     1.28454     1.02747   0.0205909
     1.80326     1.02747   0.0205909
     1.81619     1.15123     1.02971   0.0196098
     1.81619     1.02971   0.0196098
     1.82912     1.02291     1.00202    0.021667
     1.82912     1.00202    0.021667
     1.84204     1.14367    0.995725   0.0204362
     1.84204    0.995725   0.0204362
     1.85497     1.02972    0.993843   0.0201477
     1.85497    0.993843   0.0201477
     1.86789     1.12497    0.996426     0.02239
     1.86789    0.996426     0.02239
     1.88082     1.05574     1.00254   0.0183844
     1.88082     1.00254   0.0183844
     1.89375     1.01277     1.01602   0.0203506
     1.89375     1.01602   0.0203506
     1.90667     1.06368     1.01236   0.0198741
     1.90667     1.01236   0.0198741
      1.9196     1.13572     1.02346   0.0168251
      1.9196     1.02346   0.0168251
     1.93253     1.27168     1.00494   0.0197356
     1.93253     1.00494   0.0197356
     1.94545     1.04068      1.0201   0.0200948
     1.94545      1.0201   0.0200948
     1.95838     1.11764     1.01149   0.0173703
     1.95838     1.01149   0.0173703
     1.97131     1.02353      1.0087   0.0158318
     1.97131      1.0087   0.0158318
     1.98423     1.39013     1.02552   0.0217849
     1.98423     1.02552   0.0217849
     1.99716     1.31732     1.02805   0.0195349
     1.99716     1.02805   0.0195349
     2.01009       1.255     1.04285   0.0190264
     2.01009     1.04285   0.0190264
     2.02301     1.26827     1.02697   0.0179622
     2.02301     1.02697   0.0179622
     2.03594     1.38533     1.03022   0.0182532
     2.03594     1.03022   0.0182532
     2.04887     1.27665     1.04163   0.0230146
     2.04887     1.04163   0.0230146
     2.06179     1.19446     1.01704   0.0184255
     2.06179     1.01704   0.0184255
     2.07472     1.35097     1.01076    0.019288
     2.07472     1.01076    0.019288
     2.08765     1.21109    0.994707   0.0172808
     2.08765    0.994707   0.0172808
     2.10057     1.04535    0.989654   0.0166352
     2.10057    0.989654   0.0166352
      2.1135     1.08339    0.985527    0.018181
      2.1135    0.985527    0.018181
     2.12643      1.2185    0.992939   0.0211218
     2.12643    0.992939   0.0211218
     2.13935     1.28378     1.01349   0.0210375
     2.13935     1.01349   0.0210375
     2.15228     1.17636     1.01354   0.0216038
     2.15228     1.01354   0.0216038
     2.16521     1.03299    0.997954   0.0212872
     2.16521    0.997954   0.0212872
     2.17813    0.998899    0.991426   0.0203108
     2.17813    0.991426   0.0203108
     2.19106    0.984535    0.983524    0.019785
     2.19106    0.983524    0.019785
     2.20399     0.96199     1.01384   0.0194577
     2.20399     1.01384   0.0194577
     2.21691     1.01065    0.998463   0.0176902
     2.21691    0.998463   0.0176902
     2.22984     1.10489    0.982953   0.0149776
     2.22984    0.982953   0.0149776
     2.24277     1.16245    0.988703   0.0135915
     2.24277    0.988703   0.0135915
     2.25569     1.33401    0.998456     0.01696
     2.25569    0.998456     0.01696
     2.26862     1.18595    0.992107   0.0168397
     2.26862    0.992107   0.0168397
     2.28155     1.15809      1.0007   0.0172074
     2.28155      1.0007   0.0172074
     2.29447     1.08986     0.98134   0.0125985
     2.29447     0.98134   0.0125985
      2.3074     0.99953    0.976131   0.0134906
      2.3074    0.976131   0.0134906
     2.32033      0.9393    0.996932   0.0156897
     2.32033    0.996932   0.0156897
     2.33325    0.966614    0.997333   0.0156092
     2.33325    0.997333   0.0156092
     2.34618    0.970489     1.00752   0.0166638
     2.34618     1.00752   0.0166638
     2.35911    0.991428    0.992997    0.015701
     2.35911    0.992997    0.015701
     2.37203    0.957148    0.987334   0.0170838
     2.37203    0.987334   0.0170838
     2.38496    0.906716     0.98873   0.0176011
     2.38496     0.98873   0.0176011
     2.39789    0.920759    0.997247   0.0184956
     2.39789    0.997247   0.0184956
     2.41081    0.954456     1.00494   0.0182307
     2.41081     1.00494   0.0182307
     2.42374    0.942168    0.989282      0.0156
     2.42374    0.989282      0.0156
     2.43667    0.977704    0.991989   0.0144909
     2.43667    0.991989   0.0144909
     2.44959     1.00617    0.990617   0.0143056
     2.44959    0.990617   0.0143056
     2.46252     1.06369    0.988776   0.0128901
     2.46252    0.988776   0.0128901
     2.47545    0.960333    0.976649   0.0122902
     2.47545    0.976649   0.0122902
     2.48837    0.921292    0.980952   0.0117962
     2.48837    0.980952   0.0117962
      2.5013    0.878632     0.99574    0.014722
      2.5013     0.99574    0.014722
     2.51423    0.857177    0.995079    0.014307
     2.51423    0.995079    0.014307
     2.52715     0.91644    0.992868    0.012619
     2.52715    0.992868    0.012619
     2.54008    0.966681    0.994415   0.0139903
     2.54008    0.994415   0.0139903
     2.55301     1.02338     1.01044   0.0142452
     2.55301     1.01044   0.0142452
     2.56593     0.99076     1.00242   0.0140755
     2.56593     1.00242   0.0140755
     2.57886     1.12913    0.989266   0.0151348
     2.57886    0.989266   0.0151348
     2.59178     0.99655    0.995677    0.014652
     2.59178    0.995677    0.014652
     2.60471      1.1206     1.00438   0.0145064
     2.60471     1.00438   0.0145064
     2.61764    0.949676    0.985011   0.0138614
     2.61764    0.985011   0.0138614
     2.63056    0.890448    0.974056   0.0164656
     2.63056    0.974056   0.0164656
     2.64349    0.953378     0.98565   0.0138489
     2.64349     0.98565   0.0138489
     2.65642    0.912619    0.988485   0.0131697
     2.65642    0.988485   0.0131697
     2.66934     1.10523     1.00061   0.0140749
     2.66934     1.00061   0.0140749
     2.68227    0.951205    0.989329   0.0152239
     2.68227    0.989329   0.0152239
      2.6952     1.02214    0.993161   0.0134521
      2.6952    0.993161   0.0134521
     2.70812     1.09246     1.01299   0.0148867
     2.70812     1.01299   0.0148867
     2.72105     1.07194     1.01273   0.0188415
     2.72105     1.01273   0.0188415
     2.73398     0.99579     1.00288   0.0156901
     2.73398     1.00288   0.0156901
      2.7469     1.12091     1.00283   0.0167106
      2.7469     1.00283   0.0167106
     2.75983    0.993236    0.989467   0.0152973
     2.75983    0.989467   0.0152973
     2.77276    0.871747    0.990319   0.0153658
     2.77276    0.990319   0.0153658
     2.78568    0.859856    0.993046   0.0156003
     2.78568    0.993046   0.0156003
     2.79861    0.794292    0.979292   0.0130443
     2.79861    0.979292   0.0130443
     2.81154    0.797244    0.978635   0.0146689
     2.81154    0.978635   0.0146689
     2.82446    0.815686    0.984173   0.0131461
     2.82446    0.984173   0.0131461
     2.83739    0.805439    0.981386   0.0125574
     2.83739    0.981386   0.0125574
     2.85032    0.877712    0.976364   0.0119628
     2.85032    0.976364   0.0119628
     2.86324    0.819605    0.988485   0.0131236
     2.86324    0.988485   0.0131236
     2.87617     0.86476     0.97868   0.0133604
     2.87617     0.97868   0.0133604
      2.8891    0.857449    0.966281   0.0126327
      2.8891    0.966281   0.0126327
     2.90202    0.867154       0.972   0.0116661
     2.90202       0.972   0.0116661
     2.91495    0.824328      0.9804   0.0136795
     2.91495      0.9804   0.0136795
     2.92788    0.834619    0.981111   0.0142227
     2.92788    0.981111   0.0142227
      2.9408    0.852607    0.986736   0.0134961
      2.9408    0.986736   0.0134961
     2.95373    0.873255    0.992853   0.0135143
     2.95373    0.992853   0.0135143
     2.96666    0.935609    0.986193   0.0141069
     2.96666    0.986193   0.0141069
     2.97958    0.952805    0.994109   0.0139101
     2.97958    0.994109   0.0139101
     2.99251    0.964069     0.98942   0.0142582
     2.99251     0.98942   0.0142582
     3.00544    0.946832    0.990741   0.0136193
     3.00544    0.990741   0.0136193
     3.01836     0.92022    0.995252   0.0138417
     3.01836    0.995252   0.0138417
     3.03129    0.936458    0.984769   0.0119173
     3.03129    0.984769   0.0119173
     3.04422    0.982525    0.982257   0.0126557
     3.04422    0.982257   0.0126557
     3.05714    0.873603    0.977252   0.0128451
     3.05714    0.977252   0.0128451
     3.07007     0.85973    0.977543   0.0120008
     3.07007    0.977543   0.0120008
       3.083    0.852176    0.989908   0.0138011
       3.083    0.989908   0.0138011
     3.09592    0.993037    0.989895   0.0131952
     3.09592    0.989895   0.0131952
     3.10885    0.995176    0.986896   0.0106813
     3.10885    0.986896   0.0106813
     3.12178    0.981687    0.985082   0.0103694
     3.12178    0.985082   0.0103694
      3.1347     1.00435    0.987444   0.0123101
      3.1347    0.987444   0.0123101
     3.14763     1.01913    0.986392   0.0126159
     3.14763    0.986392   0.0126159
     3.16056     1.00579    0.978431   0.0107772
     3.16056    0.978431   0.0107772
     3.17348    0.969881    0.966775    0.010827
     3.17348    0.966775    0.010827
     3.18641      1.0861     0.97633   0.0107447
     3.18641     0.97633   0.0107447
     3.19934     1.15497    0.985555   0.0104467
     3.19934    0.985555   0.0104467
     3.21226     1.15994    0.988228  0.00922851
     3.21226    0.988228  0.00922851
     3.22519     1.02057     0.98494  0.00969284
     3.22519     0.98494  0.00969284
     3.23812     1.03582     0.98666  0.00974984
     3.23812     0.98666  0.00974984
     3.25104    0.956623     0.97632   0.0101477
     3.25104     0.97632   0.0101477
     3.26397     1.05907    0.981576  0.00970465
     3.26397    0.981576  0.00970465
      3.2769     1.08151    0.999803   0.0123107
      3.2769    0.999803   0.0123107
     3.28982    0.994454    0.997279   0.0093718
     3.28982    0.997279   0.0093718
     3.30275     0.87329    0.988921  0.00886334
     3.30275    0.988921  0.00886334
     3.31567    0.879457     0.98294   0.0121801
     3.31567     0.98294   0.0121801
      3.3286    0.843932    0.981681   0.0118811
      3.3286    0.981681   0.0118811
     3.34153     1.01313    0.990782    0.010903
     3.34153    0.990782    0.010903
     3.35445      1.0337     0.98745   0.0124437
     3.35445     0.98745   0.0124437
     3.36738    0.958923    0.979825   0.0121154
     3.36738    0.979825   0.0121154
     3.38031     1.00348    0.972246   0.0105452
     3.38031    0.972246   0.0105452
     3.39323     1.00358    0.980704   0.0114515
     3.39323    0.980704   0.0114515
     3.40616    0.988407    0.972007   0.0121521
     3.40616    0.972007   0.0121521
     3.41909    0.971293    0.974203   0.0121137
     3.41909    0.974203   0.0121137
     3.43201     1.07171    0.977685   0.0118467
     3.43201    0.977685   0.0118467
     3.44494     1.21565     0.98824   0.0139833
     3.44494     0.98824   0.0139833
     3.45787     1.26226    0.985511    0.011703
     3.45787    0.985511    0.011703
     3.47079     1.13648    0.985531   0.0115571
     3.47079    0.985531   0.0115571
     3.48372     1.12571    0.988368   0.0108276
     3.48372    0.988368   0.0108276
     3.49665     1.15572    0.986972   0.0114294
     3.49665    0.986972   0.0114294
     3.50957     1.13621    0.971341   0.0101392
     3.50957    0.971341   0.0101392
      3.5225     1.17456    0.973209   0.0116147
      3.5225    0.973209   0.0116147
     3.53543     1.10643    0.979255   0.0113933
     3.53543    0.979255   0.0113933
     3.54835    0.999601    0.988304  0.00974083
     3.54835    0.988304  0.00974083
     3.56128     1.01501    0.991534   0.0112098
     3.56128    0.991534   0.0112098
     3.57421    0.957885     0.98214   0.0109891
     3.57421     0.98214   0.0109891
     3.58713     1.04872    0.980197   0.0097466
     3.58713    0.980197   0.0097466
     3.60006     1.05035    0.979726   0.0100796
     3.60006    0.979726   0.0100796
     3.61299     0.98599    0.977456  0.00993785
     3.61299    0.977456  0.00993785
     3.62591     0.98192    0.979257    0.011242
     3.62591    0.979257    0.011242
     3.63884    0.978831    0.971473   0.0106788
     3.63884    0.971473   0.0106788
     3.65177     1.03825    0.972833   0.0110153
     3.65177    0.972833   0.0110153
     3.66469     1.04291    0.970861  0.00933131
     3.66469    0.970861  0.00933131
     3.67762     1.01233    0.966253   0.0107303
     3.67762    0.966253   0.0107303
     3.69055     0.92615    0.981855   0.0108515
     3.69055    0.981855   0.0108515
     3.70347     1.00506    0.981147   0.0104401
     3.70347    0.981147   0.0104401
      3.7164     1.09102     0.97954  0.00956142
      3.7164     0.97954  0.00956142
     3.72933     1.00814    0.981448   0.0101861
     3.72933    0.981448   0.0101861
     3.74225     1.05776    0.985171   0.0112128
     3.74225    0.985171   0.0112128
     3.75518      1.0112    0.990363   0.0122671
     3.75518    0.990363   0.0122671
     3.76811     1.00572    0.985093   0.0100957
     3.76811    0.985093   0.0100957
     3.78103    0.945588    0.970468  0.00895011
     3.78103    0.970468  0.00895011
     3.79396    0.932661    0.977086  0.00971035
     3.79396    0.977086  0.00971035
     3.80689    0.915325    0.976476   0.0102881
     3.80689    0.976476   0.0102881
     3.81981    0.936096    0.970677   0.0094642
     3.81981    0.970677   0.0094642
     3.83274    0.860413    0.982283   0.0120427
     3.83274    0.982283   0.0120427
     3.84567    0.978668    0.970752   0.0111007
     3.84567    0.970752   0.0111007
     3.85859     1.04923    0.972426   0.0112855
     3.85859    0.972426   0.0112855
     3.87152     1.06969    0.966019   0.0111128
     3.87152    0.966019   0.0111128
     3.88445     1.02035    0.972886   0.0105552
     3.88445    0.972886   0.0105552
     3.89737      1.0981    0.972312   0.0108954
     3.89737    0.972312   0.0108954
      3.9103     1.05163    0.965086   0.0110929
      3.9103    0.965086   0.0110929
     3.92323     1.03657     0.96634  0.00993257
     3.92323     0.96634  0.00993257
     3.93615    0.975836     0.96936    0.012698
     3.93615     0.96936    0.012698
     3.94908    0.988171     0.96456   0.0104855
     3.94908     0.96456   0.0104855
     3.96201    0.927701    0.970808  0.00976622
     3.96201    0.970808  0.00976622
     3.97493    0.912009    0.975919  0.00932144
     3.97493    0.975919  0.00932144
     3.98786    0.986107    0.975773   0.0113016
     3.98786    0.975773   0.0113016
     4.00079    0.970557    0.978445     0.01144
     4.00079    0.978445     0.01144
     4.01371     1.09084    0.979464   0.0103014
     4.01371    0.979464   0.0103014
     4.02664     0.94576    0.981825   0.0101377
     4.02664    0.981825   0.0101377
     4.03957    0.969058    0.972469  0.00898518
     4.03957    0.972469  0.00898518
     4.05249     1.02862    0.970748  0.00910992
     4.05249    0.970748  0.00910992
     4.06542     1.02789    0.973541  0.00835455
     4.06542    0.973541  0.00835455
     4.07834    0.994034    0.966873  0.00903618
     4.07834    0.966873  0.00903618
     4.09127     0.94826    0.961855  0.00926712
     4.09127    0.961855  0.00926712
      4.1042     1.06628    0.971428  0.00873633
      4.1042    0.971428  0.00873633
     4.11712    0.998869    0.975191  0.00919438
     4.11712    0.975191  0.00919438
     4.13005     1.01822    0.977091  0.00913611
     4.13005    0.977091  0.00913611
     4.14298    0.979334    0.977273  0.00718481
     4.14298    0.977273  0.00718481
      4.1559     0.99906    0.986805    0.008443
      4.1559    0.986805    0.008443
     4.16883     1.08819    0.990254  0.00916203
     4.16883    0.990254  0.00916203
     4.18176     1.08134    0.995376   0.0110655
     4.18176    0.995376   0.0110655
     4.19468     1.01138     1.00032  0.00944002
     4.19468     1.00032  0.00944002
     4.20761     1.02005    0.993839  0.00811157
     4.20761    0.993839  0.00811157
     4.22054     1.03397    0.977671  0.00888699
     4.22054    0.977671  0.00888699
     4.23346     1.05019    0.971775  0.00922685
     4.23346    0.971775  0.00922685
     4.24639     1.03653    0.978217  0.00874825
     4.24639    0.978217  0.00874825
     4.25932      1.0557    0.983259  0.00881637
     4.25932    0.983259  0.00881637
     4.27224     1.08624    0.993543   0.0113277
     4.27224    0.993543   0.0113277
     4.28517    0.967383     0.98798   0.0098843
     4.28517     0.98798   0.0098843
      4.2981      0.9907    0.985549  0.00944254
      4.2981    0.985549  0.00944254
     4.31102    0.923182    0.982361  0.00911909
     4.31102    0.982361  0.00911909
     4.32395    0.946328    0.985592  0.00887255
     4.32395    0.985592  0.00887255
     4.33688    0.953727    0.992966  0.00884146
     4.33688    0.992966  0.00884146
      4.3498    0.910891     0.98459  0.00773893
      4.3498     0.98459  0.00773893
     4.36273    0.941618    0.977598   0.0069804
     4.36273    0.977598   0.0069804
     4.37566    0.916771    0.979507  0.00803922
     4.37566    0.979507  0.00803922
     4.38858    0.940205     0.97947  0.00833242
     4.38858     0.97947  0.00833242
     4.40151    0.974293    0.978175  0.00872833
     4.40151    0.978175  0.00872833
     4.41444     1.03476    0.971321  0.00662366
     4.41444    0.971321  0.00662366
     4.42736    0.982664    0.978447  0.00827726
     4.42736    0.978447  0.00827726
     4.44029    0.963652    0.969579  0.00797319
     4.44029    0.969579  0.00797319
     4.45322    0.963757    0.974773  0.00691081
     4.45322    0.974773  0.00691081
     4.46614    0.949841    0.978317  0.00742938
     4.46614    0.978317  0.00742938
     4.47907    0.962494    0.985188    0.008528
     4.47907    0.985188    0.008528
       4.492    0.973516    0.984008  0.00749977
       4.492    0.984008  0.00749977
     4.50492    0.936424    0.985492  0.00848248
     4.50492    0.985492  0.00848248
     4.51785    0.963021     0.97608  0.00817007
     4.51785     0.97608  0.00817007
     4.53078     0.93904    0.970433  0.00659195
     4.53078    0.970433  0.00659195
      4.5437     1.02559    0.989328  0.00721749
      4.5437    0.989328  0.00721749
     4.55663     1.02659    0.982421  0.00719189
     4.55663    0.982421  0.00719189
     4.56956    0.973289    0.993459  0.00852478
     4.56956    0.993459  0.00852478
     4.58248    0.970411    0.989256   0.0087891
     4.58248    0.989256   0.0087891
     4.59541    0.989036    0.983284  0.00843305
     4.59541    0.983284  0.00843305
     4.60834     0.94361    0.986419  0.00891147
     4.60834    0.986419  0.00891147
     4.62126    0.969193    0.976077  0.00834429
     4.62126    0.976077  0.00834429
     4.63419    0.922813    0.963174  0.00668719
     4.63419    0.963174  0.00668719
     4.64712    0.976652    0.978999  0.00872234
     4.64712    0.978999  0.00872234
     4.66004     1.00893     0.97835  0.00774799
     4.66004     0.97835  0.00774799
     4.67297    0.980232    0.976794   0.0090373
     4.67297    0.976794   0.0090373
      4.6859    0.937761    0.973046  0.00738355
      4.6859    0.973046  0.00738355
     4.69882    0.954811    0.971862  0.00755883
     4.69882    0.971862  0.00755883
     4.71175    0.883645    0.979855  0.00763251
     4.71175    0.979855  0.00763251
     4.72468    0.906547    0.988649  0.00749281
     4.72468    0.988649  0.00749281
      4.7376    0.901556    0.984799  0.00916513
      4.7376    0.984799  0.00916513
     4.75053    0.924491    0.990152  0.00895265
     4.75053    0.990152  0.00895265
     4.76346    0.880191    0.982548  0.00788042
     4.76346    0.982548  0.00788042
     4.77638    0.866588    0.985159  0.00791106
     4.77638    0.985159  0.00791106
     4.78931    0.897701    0.994344  0.00973313
     4.78931    0.994344  0.00973313
     4.80223    0.892776    0.997734  0.00746166
     4.80223    0.997734  0.00746166
     4.81516    0.859373    0.996855  0.00787831
     4.81516    0.996855  0.00787831
     4.82809    0.894733    0.992626   0.0092889
     4.82809    0.992626   0.0092889
     4.84101    0.947946     1.00158   0.0096873
     4.84101     1.00158   0.0096873
     4.85394    0.935743    0.990463  0.00844885
     4.85394    0.990463  0.00844885
     4.86687    0.849825    0.985783  0.00783231
     4.86687    0.985783  0.00783231
     4.87979    0.842216    0.982812  0.00731322
     4.87979    0.982812  0.00731322
     4.89272    0.872012    0.981358  0.00764652
     4.89272    0.981358  0.00764652
     4.90565    0.917779    0.983297  0.00772646
     4.90565    0.983297  0.00772646
     4.91857      0.8853     0.97859  0.00764595
     4.91857     0.97859  0.00764595
      4.9315    0.883478    0.980139  0.00752653
      4.9315    0.980139  0.00752653
     4.94443    0.898309    0.986014  0.00886924
     4.94443    0.986014  0.00886924
     4.95735    0.980006    0.986842  0.00907955
     4.95735    0.986842  0.00907955
     4.97028    0.982345     0.98679  0.00849272
     4.97028     0.98679  0.00849272
     4.98321    0.959672    0.989613  0.00802554
     4.98321    0.989613  0.00802554
     4.99613    0.916806    0.989344  0.00767112
     4.99613    0.989344  0.00767112
     5.00906    0.903992    0.984464  0.00764934
     5.00906    0.984464  0.00764934
     5.02199    0.900339    0.985585   0.0091336
     5.02199    0.985585   0.0091336
     5.03491    0.936285    0.983927  0.00809234
     5.03491    0.983927  0.00809234
     5.04784    0.985453     0.98263  0.00876361
     5.04784     0.98263  0.00876361
     5.06077     1.00664    0.982831  0.00880782
     5.06077    0.982831  0.00880782
     5.07369    0.927696    0.986856  0.00898713
     5.07369    0.986856  0.00898713
     5.08662    0.912192    0.979194  0.00842839
     5.08662    0.979194  0.00842839
     5.09955    0.947509    0.980244  0.00796404
     5.09955    0.980244  0.00796404
     5.11247    0.940063    0.988669  0.00786857
     5.11247    0.988669  0.00786857
      5.1254    0.916276    0.993174  0.00811164
      5.1254    0.993174  0.00811164
     5.13833     0.92156     1.00295  0.00778913
     5.13833     1.00295  0.00778913
     5.15125    0.994616    0.994952  0.00664104
     5.15125    0.994952  0.00664104
     5.16418    0.991396    0.995274  0.00683378
     5.16418    0.995274  0.00683378
     5.17711    0.990109    0.994622  0.00662763
     5.17711    0.994622  0.00662763
     5.19003    0.931941    0.999577  0.00754213
     5.19003    0.999577  0.00754213
     5.20296    0.914725     1.00195  0.00787291
     5.20296     1.00195  0.00787291
     5.21589    0.965174     1.00481  0.00768496
     5.21589     1.00481  0.00768496
     5.22881    0.931137     1.00019   0.0075984
     5.22881     1.00019   0.0075984
     5.24174    0.906136    0.996483  0.00712034
     5.24174    0.996483  0.00712034
     5.25467    0.891196    0.989091  0.00646011
     5.25467    0.989091  0.00646011
     5.26759    0.906836    0.996664  0.00662865
     5.26759    0.996664  0.00662865
     5.28052    0.947865    0.990087  0.00703087
     5.28052    0.990087  0.00703087
     5.29345    0.953738     0.99687  0.00638235
     5.29345     0.99687  0.00638235
     5.30637    0.978369    0.988265   0.0054593
     5.30637    0.988265   0.0054593
      5.3193    0.930952    0.986416  0.00649096
      5.3193    0.986416  0.00649096
     5.33223    0.889436    0.982283  0.00723051
     5.33223    0.982283  0.00723051
     5.34515    0.915544    0.981952  0.00721308
     5.34515    0.981952  0.00721308
     5.35808    0.898902    0.985417  0.00802663
     5.35808    0.985417  0.00802663
     5.37101    0.894817    0.984269  0.00770539
     5.37101    0.984269  0.00770539
     5.38393    0.898785     0.99559  0.00746763
     5.38393     0.99559  0.00746763
     5.39686    0.897968     0.99116  0.00708882
     5.39686     0.99116  0.00708882
     5.40979    0.941011    0.983452  0.00671484
     5.40979    0.983452  0.00671484
     5.42271    0.900165    0.983906  0.00644183
     5.42271    0.983906  0.00644183
     5.43564     0.89504    0.986565  0.00706359
     5.43564    0.986565  0.00706359
     5.44857    0.931542    0.986211  0.00616855
     5.44857    0.986211  0.00616855
     5.46149    0.965357    0.980734  0.00590207
     5.46149    0.980734  0.00590207
     5.47442    0.976324    0.988909  0.00599949
     5.47442    0.988909  0.00599949
     5.48735    0.954086    0.987479  0.00659274
     5.48735    0.987479  0.00659274
     5.50027    0.974967    0.984024  0.00616161
     5.50027    0.984024  0.00616161
      5.5132     0.92333    0.983432  0.00663384
      5.5132    0.983432  0.00663384
     5.52612    0.901619    0.986068  0.00675429
     5.52612    0.986068  0.00675429
     5.53905     0.90325    0.981689  0.00645506
     5.53905    0.981689  0.00645506
     5.55198    0.895202    0.974044  0.00619698
     5.55198    0.974044  0.00619698
      5.5649    0.971705    0.981665   0.0062595
      5.5649    0.981665   0.0062595
     5.57783    0.972739    0.985884  0.00790613
     5.57783    0.985884  0.00790613
     5.59076     1.00552     0.99185  0.00709826
     5.59076     0.99185  0.00709826
     5.60368     1.01479    0.984578   0.0067226
     5.60368    0.984578   0.0067226
     5.61661    0.974928    0.982108  0.00688019
     5.61661    0.982108  0.00688019
     5.62954    0.959628    0.980128  0.00767699
     5.62954    0.980128  0.00767699
     5.64246     1.01507     0.98667   0.0072946
     5.64246     0.98667   0.0072946
     5.65539     1.04669    0.989506  0.00630552
     5.65539    0.989506  0.00630552
     5.66832     1.01527    0.981794  0.00627591
     5.66832    0.981794  0.00627591
     5.68124     1.03093    0.980636  0.00720504
     5.68124    0.980636  0.00720504
     5.69417     1.03227    0.985164  0.00693394
     5.69417    0.985164  0.00693394
      5.7071     1.04177     0.99491  0.00781698
      5.7071     0.99491  0.00781698
     5.72002    0.998741    0.989505  0.00718753
     5.72002    0.989505  0.00718753
     5.73295     1.03805    0.984144  0.00680854
     5.73295    0.984144  0.00680854
     5.74588     0.97641    0.980371  0.00700106
     5.74588    0.980371  0.00700106
      5.7588    0.941884    0.979666  0.00698778
      5.7588    0.979666  0.00698778
     5.77173     0.97836    0.979437  0.00652583
     5.77173    0.979437  0.00652583
     5.78466    0.968405     0.97438  0.00575473
     5.78466     0.97438  0.00575473
     5.79758    0.973859    0.974912  0.00704997
     5.79758    0.974912  0.00704997
     5.81051    0.992323    0.978024  0.00667831
     5.81051    0.978024  0.00667831
     5.82344     1.03351    0.977607  0.00682088
     5.82344    0.977607  0.00682088
     5.83636     0.97756    0.984513  0.00699234
     5.83636    0.984513  0.00699234
     5.84929     0.98474    0.978318  0.00600959
     5.84929    0.978318  0.00600959
     5.86222    0.985477    0.978065  0.00516602
     5.86222    0.978065  0.00516602
     5.87514    0.969421    0.980823  0.00602583
     5.87514    0.980823  0.00602583
     5.88807    0.991475    0.976865  0.00637534
     5.88807    0.976865  0.00637534
       5.901     0.98635    0.977061  0.00558341
       5.901    0.977061  0.00558341
     5.91392    0.972427    0.975796  0.00571978
     5.91392    0.975796  0.00571978
     5.92685    0.916427     0.97674   0.0063339
     5.92685     0.97674   0.0063339
     5.93978    0.946435    0.982537  0.00517281
     5.93978    0.982537  0.00517281
      5.9527     1.05139    0.980036  0.00514912
      5.9527    0.980036  0.00514912
     5.96563    0.992386    0.979359  0.00603973
     5.96563    0.979359  0.00603973
     5.97856    0.981114    0.978123  0.00535479
     5.97856    0.978123  0.00535479
     5.99148    0.988381    0.976284  0.00498238
     5.99148    0.976284  0.00498238
     6.00441     1.02739    0.974749  0.00538304
     6.00441    0.974749  0.00538304
     6.01734    0.995051    0.973578  0.00559455
     6.01734    0.973578  0.00559455
     6.03026    0.968154    0.970768  0.00640698
     6.03026    0.970768  0.00640698
     6.04319    0.986805    0.974411  0.00632207
     6.04319    0.974411  0.00632207
     6.05612    0.966309    0.974419   0.0057503
     6.05612    0.974419   0.0057503
     6.06904     0.97956    0.979123  0.00590203
     6.06904    0.979123  0.00590203
     6.08197    0.969915    0.984761   0.0065423
     6.08197    0.984761   0.0065423
      6.0949    0.990725    0.981726  0.00738087
      6.0949    0.981726  0.00738087
     6.10782     1.01416    0.978821  0.00609154
     6.10782    0.978821  0.00609154
     6.12075    0.962289    0.976597  0.00624262
     6.12075    0.976597  0.00624262
     6.13368    0.963116    0.979452  0.00642372
     6.13368    0.979452  0.00642372
      6.1466    0.970294    0.982262  0.00762496
      6.1466    0.982262  0.00762496
     6.15953    0.964573    0.974476  0.00684592
     6.15953    0.974476  0.00684592
     6.17246    0.964906    0.976711  0.00643207
     6.17246    0.976711  0.00643207
     6.18538    0.943982    0.980257  0.00619978
     6.18538    0.980257  0.00619978
     6.19831    0.945479    0.973977  0.00561134
     6.19831    0.973977  0.00561134
     6.21124    0.982445    0.983814  0.00612252
     6.21124    0.983814  0.00612252
     6.22416     1.04673    0.982361  0.00633579
     6.22416    0.982361  0.00633579
     6.23709     1.04248    0.975373  0.00535543
     6.23709    0.975373  0.00535543
     6.25002     1.09882    0.978593  0.00577764
     6.25002    0.978593  0.00577764
     6.26294     1.09263    0.980302  0.00575096
     6.26294    0.980302  0.00575096
     6.27587     1.05375     0.97981  0.00547717
     6.27587     0.97981  0.00547717
     6.28879     1.04677    0.972658  0.00565605
     6.28879    0.972658  0.00565605
     6.30172     1.08953    0.974047  0.00567943
     6.30172    0.974047  0.00567943
     6.31465     1.11009     0.97401  0.00693477
     6.31465     0.97401  0.00693477
     6.32757     1.13987    0.974485  0.00594029
     6.32757    0.974485  0.00594029
      6.3405     1.11852    0.979022  0.00567014
      6.3405    0.979022  0.00567014
     6.35343     1.10141    0.976929  0.00582278
     6.35343    0.976929  0.00582278
     6.36635     1.13072    0.982409  0.00599796
     6.36635    0.982409  0.00599796
     6.37928     1.08575    0.981879  0.00492243
     6.37928    0.981879  0.00492243
     6.39221     1.07185    0.984921  0.00524406
     6.39221    0.984921  0.00524406
     6.40513     1.04043     0.98696  0.00405381
     6.40513     0.98696  0.00405381
     6.41806     1.02404    0.985214  0.00526532
     6.41806    0.985214  0.00526532
     6.43099     1.03115    0.993765  0.00656438
     6.43099    0.993765  0.00656438
     6.44391     1.09087    0.994207  0.00727221
     6.44391    0.994207  0.00727221
     6.45684     1.02373    0.995597  0.00588548
     6.45684    0.995597  0.00588548
