           1    -4.52274    -4.52274           0
           2    -4.43364    -4.47819   0.0315015
           3    -4.32139    -4.42592   0.0475638
           4    -4.26689    -4.38616   0.0495782
           5     -4.2571    -4.36035    0.045893
           6    -4.13676    -4.32309    0.051185
           7    -4.05327    -4.28454   0.0565536
           8    -4.02811    -4.25249   0.0578592
           9    -4.02267    -4.22695   0.0567864
          10     -3.9895    -4.20321   0.0558519
          11    -3.96152    -4.18124   0.0549265
          12    -3.94835    -4.16183   0.0536686
          13    -3.86926    -4.13932   0.0540532
          14    -3.78815    -4.11424   0.0557094
          15    -3.75759    -4.09046   0.0568432
          16    -3.82906    -4.07412   0.0555888
          17     -3.8785    -4.06262   0.0534966
          18     -3.8148    -4.04885   0.0522661
          19    -3.79484    -4.03548   0.0511964
          20    -3.78141    -4.02278    0.050188
          21    -3.78017    -4.01123   0.0491098
          22    -3.79784    -4.00153   0.0478257
          23     -3.8576    -3.99527   0.0461539
          24    -3.84367    -3.98895    0.044661
          25    -3.78011     -3.9806   0.0436488
          26    -3.72682    -3.97084   0.0430475
          27    -3.76607    -3.96325    0.042116
          28    -3.68168     -3.9532   0.0417952
          29    -3.68482    -3.94394   0.0413658
          30    -3.58594    -3.93201   0.0416727
          31    -3.52867      -3.919   0.0423108
          32    -3.61528    -3.90951   0.0420397
          33    -3.64058    -3.90136   0.0415481
          34    -3.66043    -3.89427   0.0409259
          35    -3.63995    -3.88701   0.0403965
          36    -3.64664    -3.88033   0.0398224
          37    -3.56738    -3.87187   0.0396341
          38    -3.60158    -3.86476   0.0392242
          39    -3.59145    -3.85775   0.0388394
          40    -3.58285    -3.85088   0.0384716
          41    -3.56233    -3.84384   0.0381716
          42     -3.4802    -3.83518   0.0382321
          43    -3.55967    -3.82877   0.0378761
          44    -3.54757    -3.82238   0.0375506
          45    -3.48064    -3.81479   0.0374762
          46    -3.46476    -3.80718   0.0374261
          47    -3.57455    -3.80223   0.0369556
          48    -3.62757    -3.79859   0.0363644
          49     -3.5225    -3.79296   0.0360561
          50    -3.54914    -3.78808   0.0356632
          51    -3.62631    -3.78491   0.0351047
          52     -3.6322    -3.78197   0.0345523
          53    -3.70138    -3.78045   0.0339338
          54    -3.70074    -3.77897   0.0333375
          55    -3.71068    -3.77773   0.0327544
          56    -3.68593    -3.77609   0.0322105
          57    -3.67706    -3.77436   0.0316923
          58    -3.70168     -3.7731   0.0311706
          59    -3.68879    -3.77167    0.030675
          60     -3.5713    -3.76833    0.030345
          61    -3.63678    -3.76618   0.0299241
          62     -3.6483    -3.76428   0.0295018
          63    -3.67194    -3.76281   0.0290699
          64    -3.62063    -3.76059   0.0287004
          65    -3.66284    -3.75909   0.0282983
          66    -3.66531    -3.75766   0.0279052
          67    -3.61522    -3.75554   0.0275695
          68    -3.68179    -3.75445   0.0271854
          69    -3.59567    -3.75215   0.0268886
          70    -3.55716    -3.74937   0.0266484
          71    -3.53942    -3.74641   0.0264366
          72    -3.47648    -3.74266   0.0263339
          73    -3.61486    -3.74091   0.0260313
          74    -3.60437    -3.73907   0.0257449
          75    -3.60511    -3.73728   0.0254635
          76    -3.54176    -3.73471   0.0252581
          77    -3.63204    -3.73337   0.0249652
          78    -3.61804     -3.7319   0.0246889
          79     -3.6067    -3.73031   0.0244272
          80    -3.58738    -3.72852   0.0241871
          81    -3.58716    -3.72678   0.0239514
          82    -3.57501    -3.72493   0.0237307
          83    -3.60257    -3.72345   0.0234905
          84     -3.5711    -3.72164   0.0232808
          85    -3.47495    -3.71874   0.0231871
          86    -3.50891     -3.7163   0.0230455
          87    -3.46304    -3.71339   0.0229637
          88    -3.64258    -3.71258   0.0227168
          89    -3.50937     -3.7103    0.022576
          90    -3.47262    -3.70766   0.0224791
          91    -3.50311    -3.70541   0.0223442
          92    -3.49705    -3.70315   0.0222158
          93    -3.58478    -3.70187   0.0220134
          94    -3.50419    -3.69977   0.0218794
          95     -3.5265    -3.69795    0.021725
          96    -3.43171    -3.69517    0.021675
          97    -3.45132    -3.69266   0.0215968
          98    -3.45843    -3.69027   0.0215083
          99    -3.45217    -3.68786   0.0214251
         100    -3.41683    -3.68515   0.0213816
         101    -3.41296    -3.68246    0.021339
         102    -3.34434    -3.67914   0.0213858
         103    -3.33888    -3.67584   0.0214318
         104    -3.38311    -3.67302   0.0214097
         105    -3.43197    -3.67073   0.0213285
         106     -3.4472    -3.66862   0.0212313
         107    -3.47619    -3.66682   0.0211089
         108    -3.49589    -3.66524   0.0209727
         109    -3.52244    -3.66393   0.0208212
         110    -3.49445    -3.66239   0.0206888
         111    -3.40923    -3.66011   0.0206278
         112    -3.43675    -3.65811   0.0205398
         113    -3.48614    -3.65659   0.0204143
         114    -3.43396    -3.65464   0.0203284
         115    -3.40449    -3.65246   0.0202677
         116    -3.41036    -3.65038   0.0202002
         117    -3.31621    -3.64752   0.0202284
         118    -3.38037    -3.64526   0.0201833
         119    -3.44055    -3.64354   0.0200869
         120    -3.51914     -3.6425   0.0199462
         121    -3.55806     -3.6418   0.0197936
         122    -3.45337    -3.64026   0.0196915
         123    -3.47967    -3.63895   0.0195746
         124    -3.57981    -3.63847   0.0194226
         125    -3.47602    -3.63717   0.0193106
         126    -3.45177     -3.6357   0.0192134
         127    -3.56766    -3.63517   0.0190695
         128     -3.6186    -3.63504    0.018921
         129    -3.52403    -3.63418   0.0187939
         130    -3.53087    -3.63338   0.0186661
         131    -3.58278      -3.633   0.0185276
         132    -3.56617    -3.63249   0.0183942
         133    -3.60632    -3.63229   0.0182569
         134    -3.57174    -3.63184   0.0181263
         135     -3.5943    -3.63156   0.0179941
         136    -3.54917    -3.63096    0.017872
         137    -3.48315    -3.62988   0.0177741
         138     -3.6387    -3.62994   0.0176454
         139    -3.60785    -3.62978   0.0175192
         140    -3.61316    -3.62967   0.0173944
         141     -3.5936    -3.62941    0.017273
         142    -3.64749    -3.62954   0.0171518
         143    -3.55663    -3.62903   0.0170394
         144    -3.59431    -3.62879   0.0169228
         145    -3.52851    -3.62809   0.0168202
         146    -3.53376    -3.62745   0.0167174
         147    -3.50693    -3.62663   0.0166238
         148    -3.48837    -3.62569   0.0165377
         149    -3.47637    -3.62469    0.016457
         150    -3.46123     -3.6236   0.0163834
         151    -3.37191    -3.62194   0.0163594
         152    -3.40479    -3.62051   0.0163141
         153    -3.35415    -3.61877   0.0163001
         154    -3.44089    -3.61761   0.0162351
         155    -3.36711    -3.61599   0.0162106
         156    -3.47136    -3.61507   0.0161332
         157    -3.35465    -3.61341   0.0161154
         158    -3.49268    -3.61264   0.0160316
         159    -3.53865    -3.61218   0.0159375
         160     -3.4774    -3.61134   0.0158601
         161     -3.5378    -3.61088   0.0157682
         162    -3.50207    -3.61021   0.0156851
         163    -3.53543    -3.60975   0.0155956
         164     -3.4559    -3.60881   0.0155287
         165    -3.47488      -3.608   0.0154558
         166    -3.48279    -3.60725   0.0153811
         167    -3.57804    -3.60707     0.01529
         168    -3.57527    -3.60688   0.0152001
         169    -3.58332    -3.60674   0.0151108
         170    -3.50388    -3.60614   0.0150341
         171    -3.44037    -3.60517   0.0149774
         172    -3.33682    -3.60361   0.0149713
         173    -3.26116    -3.60163   0.0150151
         174    -3.27185    -3.59973   0.0150479
         175    -3.33133     -3.5982   0.0150399
         176    -3.37033     -3.5969   0.0150101
         177    -3.48004    -3.59624   0.0149398
         178    -3.50167    -3.59571   0.0148653
         179    -3.41757    -3.59472   0.0148155
         180    -3.48665    -3.59412   0.0147454
         181    -3.55291    -3.59389   0.0146657
         182    -3.56693    -3.59374   0.0145858
         183     -3.5845    -3.59369   0.0145062
         184    -3.66536    -3.59408   0.0144326
         185    -3.55392    -3.59386   0.0143562
         186    -3.51075    -3.59342    0.014286
         187    -3.54919    -3.59318   0.0142116
         188    -3.56583    -3.59303   0.0141367
         189    -3.54003    -3.59275   0.0140647
         190    -3.63404    -3.59297   0.0139923
         191    -3.50284     -3.5925    0.013927
         192    -3.54175    -3.59223    0.013857
         193    -3.44453    -3.59147   0.0138063
         194    -3.43679    -3.59067   0.0137582
         195    -3.33354    -3.58935   0.0137507
         196    -3.32487      -3.588   0.0137466
         197    -3.29414    -3.58651   0.0137575
         198    -3.28555    -3.58499   0.0137717
         199    -3.33199    -3.58372   0.0137611
         200    -3.41576    -3.58288   0.0137179
         201    -3.42583     -3.5821   0.0136718
         202     -3.4061    -3.58123   0.0136319
         203    -3.47038    -3.58068   0.0135757
         204    -3.45235    -3.58005   0.0135237
         205    -3.38903    -3.57912   0.0134898
         206    -3.37638    -3.57814   0.0134602
         207    -3.31586    -3.57687   0.0134546
         208    -3.28825    -3.57548   0.0134613
         209    -3.30443    -3.57419   0.0134592
         210    -3.29374    -3.57285   0.0134612
         211    -3.37015    -3.57189   0.0134317
         212    -3.41453    -3.57115   0.0133888
         213    -3.45046    -3.57058   0.0133379
         214    -3.44977    -3.57002   0.0132875
         215    -3.54531     -3.5699   0.0132262
         216     -3.5723    -3.56991    0.013165
         217     -3.5446     -3.5698   0.0131049
         218    -3.58775    -3.56988    0.013045
         219    -3.66771    -3.57033   0.0129931
         220    -3.60838     -3.5705   0.0129352
         221    -3.50533     -3.5702     0.01288
         222    -3.48877    -3.56984   0.0128272
         223    -3.53464    -3.56968   0.0127707
         224    -3.55819    -3.56963   0.0127138
         225    -3.50593    -3.56934   0.0126604
         226    -3.39403    -3.56857   0.0126281
         227     -3.4054    -3.56785   0.0125929
         228    -3.28744    -3.56662   0.0125976
         229    -3.32416    -3.56556    0.012587
         230    -3.43097    -3.56498   0.0125459
         231    -3.53253    -3.56484   0.0124924
         232    -3.54283    -3.56474   0.0124389
         233     -3.5549     -3.5647   0.0123856
         234    -3.49874    -3.56442   0.0123358
         235    -3.44951    -3.56393    0.012293
         236    -3.50449    -3.56368   0.0122435
         237    -3.43051    -3.56311   0.0122048
         238    -3.35334    -3.56223   0.0121853
         239    -3.29101     -3.5611    0.012187
         240    -3.34088    -3.56018   0.0121707
         241    -3.40666    -3.55954   0.0121369
         242    -3.40491     -3.5589   0.0121035
         243    -3.40102    -3.55825   0.0120711
         244    -3.32443     -3.5573   0.0120597
         245     -3.3968    -3.55664   0.0120282
         246    -3.36828    -3.55588   0.0120037
         247    -3.46796    -3.55552   0.0119603
         248    -3.35984    -3.55473   0.0119381
         249    -3.36689    -3.55398    0.011914
         250    -3.40653    -3.55339   0.0118809
         251    -3.32233    -3.55247   0.0118692
         252    -3.38731    -3.55181   0.0118402
         253    -3.44484    -3.55139   0.0118009
         254    -3.44811    -3.55098   0.0117615
         255    -3.39318    -3.55036   0.0117316
         256    -3.43294     -3.5499   0.0116947
         257    -3.40422    -3.54934    0.011663
         258    -3.36068    -3.54861   0.0116407
         259    -3.47214    -3.54831   0.0115995
         260    -3.48105    -3.54805   0.0115577
         261    -3.49886    -3.54786    0.011515
         262    -3.57094    -3.54795   0.0114714
         263    -3.48552    -3.54771   0.0114302
         264    -3.50947    -3.54757   0.0113878
         265    -3.41565    -3.54707   0.0113557
         266    -3.41952    -3.54659   0.0113232
         267    -3.49467     -3.5464   0.0112824
         268    -3.44919    -3.54603   0.0112462
         269    -3.40691    -3.54552   0.0112162
         270    -3.32168    -3.54469   0.0112053
         271    -3.44207    -3.54431   0.0111703
         272    -3.38523    -3.54372   0.0111446
         273    -3.44401    -3.54336   0.0111097
         274    -3.43316    -3.54296   0.0110765
         275    -3.43826    -3.54258   0.0110427
         276    -3.43979     -3.5422    0.011009
         277    -3.37839    -3.54161   0.0109851
         278    -3.37604    -3.54102   0.0109617
         279    -3.38754    -3.54047   0.0109362
         280    -3.44668    -3.54013   0.0109023
         281    -3.46831    -3.53988   0.0108665
         282     -3.4958    -3.53972   0.0108291
         283    -3.31078    -3.53891    0.010821
         284    -3.37306    -3.53833   0.0107987
         285    -3.35992     -3.5377   0.0107789
         286    -3.48107     -3.5375    0.010743
         287    -3.53513    -3.53749   0.0107056
         288     -3.4207    -3.53709   0.0106761
         289    -3.33124    -3.53638   0.0106629
         290    -3.30719    -3.53559   0.0106554
         291    -3.33715     -3.5349   0.0106406
         292    -3.38193    -3.53438    0.010617
         293    -3.35478    -3.53377   0.0105984
         294    -3.37058    -3.53321   0.0105769
         295    -3.49172    -3.53307    0.010542
         296    -3.50604    -3.53298   0.0105068
         297    -3.54143    -3.53301   0.0104714
         298    -3.50021     -3.5329   0.0104369
         299    -3.42042    -3.53252   0.0104088
         300    -3.40169    -3.53209   0.0103832
         301    -3.40402    -3.53166   0.0103574
         302    -3.40876    -3.53125   0.0103311
         303    -3.41742    -3.53088   0.0103038
         304    -3.44464     -3.5306   0.0102738
         305    -3.41026     -3.5302   0.0102477
         306    -3.47571    -3.53002   0.0102158
         307    -3.35989    -3.52947   0.0101975
         308    -3.45157    -3.52922   0.0101676
         309    -3.56439    -3.52933   0.0101353
         310    -3.50222    -3.52924    0.010103
         311    -3.49769    -3.52914    0.010071
         312    -3.49541    -3.52903   0.0100393
         313     -3.4852    -3.52889   0.0100082
         314     -3.5209    -3.52887  0.00997637
         315    -3.55167    -3.52894  0.00994496
         316    -3.57629    -3.52909  0.00991462
         317     -3.3997    -3.52868  0.00989174
         318     -3.5348     -3.5287  0.00986065
         319    -3.59541    -3.52891  0.00983196
         320    -3.51618    -3.52887  0.00980131
         321    -3.47326     -3.5287  0.00977231
         322     -3.4692    -3.52851  0.00974371
         323     -3.4296    -3.52821  0.00971835
         324    -3.49675    -3.52811  0.00968884
         325    -3.63324    -3.52843  0.00966443
         326    -3.54238    -3.52847  0.00963488
         327     -3.5783    -3.52863  0.00960662
         328     -3.4998    -3.52854  0.00957773
         329    -3.46942    -3.52836  0.00955031
         330    -3.38667    -3.52793  0.00953101
         331    -3.49202    -3.52782  0.00950284
         332     -3.4912    -3.52771  0.00947485
         333    -3.55688     -3.5278  0.00944681
         334    -3.52418    -3.52779  0.00941853
         335    -3.55927    -3.52788  0.00939088
         336    -3.58276    -3.52805  0.00936435
         337    -3.54638     -3.5281  0.00933672
         338    -3.50102    -3.52802  0.00930944
         339    -3.37363    -3.52756  0.00929312
         340    -3.43532    -3.52729  0.00926974
         341    -3.54376    -3.52734  0.00924268
         342    -3.50686    -3.52728  0.00921585
         343    -3.42648    -3.52699  0.00919367
         344    -3.43232    -3.52671  0.00917106
         345    -3.45506     -3.5265  0.00914683
         346    -3.43268    -3.52623  0.00912441
         347    -3.45798    -3.52604  0.00910024
         348     -3.4751    -3.52589  0.00907526
         349    -3.50038    -3.52582  0.00904955
         350     -3.5196     -3.5258  0.00902372
         351    -3.48733    -3.52569  0.00899867
         352    -3.44295    -3.52545  0.00897618
         353    -3.43724     -3.5252  0.00895423
         354    -3.43258    -3.52494  0.00893276
         355    -3.46539    -3.52478  0.00890917
         356    -3.50619    -3.52472   0.0088843
         357    -3.50449    -3.52467  0.00885959
         358    -3.43755    -3.52442  0.00883818
         359     -3.3888    -3.52405  0.00882163
         360    -3.36851    -3.52361   0.0088077
         361    -3.38714    -3.52324  0.00879142
         362    -3.39038    -3.52287  0.00877479
         363    -3.46799    -3.52272  0.00875192
         364    -3.48712    -3.52262  0.00872842
         365     -3.5292    -3.52264  0.00870452
         366    -3.52566    -3.52265  0.00868074
         367    -3.43237     -3.5224  0.00866058
         368    -3.41164     -3.5221  0.00864227
         369    -3.42249    -3.52183  0.00862306
         370    -3.39592    -3.52149  0.00860647
         371    -3.40695    -3.52118  0.00858881
         372    -3.36384    -3.52076  0.00857613
         373    -3.38135    -3.52038  0.00856128
         374    -3.31196    -3.51983   0.0085565
         375    -3.34618    -3.51936  0.00854621
         376    -3.34002    -3.51889  0.00853678
         377     -3.4106     -3.5186  0.00851896
         378    -3.46407    -3.51845  0.00849765
         379    -3.41536    -3.51818  0.00847958
         380    -3.37159     -3.5178  0.00846603
         381    -3.29497    -3.51721  0.00846399
         382    -3.39507    -3.51689  0.00844787
         383    -3.37121    -3.51651  0.00843437
         384    -3.35273    -3.51608  0.00842319
         385    -3.47756    -3.51598   0.0084019
         386    -3.46059    -3.51584  0.00838136
         387    -3.48981    -3.51577  0.00835997
         388    -3.39631    -3.51547  0.00834409
         389    -3.36338    -3.51507   0.0083318
         390    -3.31119    -3.51455  0.00832682
         391    -3.35998    -3.51416   0.0083149
         392    -3.44193    -3.51397  0.00829573
         393     -3.4073     -3.5137  0.00827906
         394    -3.45167    -3.51354  0.00825955
         395    -3.52414    -3.51357  0.00823868
         396    -3.42841    -3.51336  0.00822068
         397    -3.49401    -3.51331  0.00820012
         398    -3.46528    -3.51319   0.0081804
         399    -3.32865    -3.51272  0.00817297
         400    -3.30322     -3.5122   0.0081693
         401    -3.30651    -3.51169  0.00816501
         402    -3.35928    -3.51131   0.0081535
         403    -3.42127    -3.51108  0.00813633
         404    -3.50178    -3.51106  0.00811622
         405    -3.49925    -3.51103  0.00809623
         406    -3.54858    -3.51112  0.00807682
         407    -3.45607    -3.51099  0.00805811
         408    -3.44531    -3.51083  0.00803997
         409    -3.53888     -3.5109   0.0080206
         410    -3.60651    -3.51113  0.00800443
         411    -3.54881    -3.51122  0.00798548
         412     -3.5184    -3.51124  0.00796611
         413    -3.50459    -3.51122  0.00794684
         414    -3.49359    -3.51118  0.00792776
         415    -3.39625     -3.5109  0.00791349
         416    -3.40409    -3.51065  0.00789864
         417    -3.48124    -3.51058  0.00788001
         418    -3.46961    -3.51048  0.00786177
         419    -3.49458    -3.51044   0.0078431
         420    -3.51714    -3.51046  0.00782444
         421    -3.48364    -3.51039  0.00780611
         422     -3.4317    -3.51021  0.00778984
         423    -3.43876    -3.51004  0.00777326
         424    -3.37117    -3.50971  0.00776182
         425     -3.2615    -3.50913   0.0077655
         426    -3.29251    -3.50862   0.0077639
         427    -3.33557    -3.50821  0.00775629
         428    -3.34852    -3.50784  0.00774713
         429    -3.44405    -3.50769   0.0077305
         430    -3.48401    -3.50764  0.00771272
         431    -3.39892    -3.50738  0.00769895
         432    -3.43189    -3.50721  0.00768311
         433    -3.46557    -3.50711  0.00766597
         434    -3.34378    -3.50674  0.00765754
         435    -3.25071    -3.50615  0.00766252
         436    -3.34594    -3.50578  0.00765375
         437    -3.24181    -3.50518  0.00766003
         438     -3.2804    -3.50466  0.00765972
         439    -3.29609    -3.50419  0.00765699
         440    -3.28959     -3.5037   0.0076551
         441    -3.26529    -3.50316  0.00765681
         442    -3.37058    -3.50286  0.00764536
         443    -3.43333     -3.5027  0.00762971
         444    -3.44904    -3.50258  0.00761349
         445    -3.44888    -3.50246  0.00759733
         446    -3.49337    -3.50244  0.00758033
         447    -3.57991    -3.50261  0.00756535
         448    -3.57609    -3.50278  0.00755024
         449    -3.60293      -3.503  0.00753672
         450    -3.47269    -3.50293  0.00752027
         451    -3.49114    -3.50291  0.00750364
         452    -3.48363    -3.50286  0.00748716
         453    -3.35017    -3.50253  0.00747822
         454    -3.44389     -3.5024  0.00746286
         455    -3.42137    -3.50222  0.00744858
         456    -3.42351    -3.50205  0.00743425
         457    -3.34413     -3.5017  0.00742601
         458    -3.38463    -3.50145  0.00741419
         459    -3.40738    -3.50124  0.00740087
         460    -3.48669    -3.50121  0.00738485
         461      -3.492    -3.50119  0.00736886
         462    -3.45459    -3.50109   0.0073536
         463    -3.43688    -3.50095  0.00733902
         464     -3.4412    -3.50082  0.00732433
         465    -3.36849    -3.50054  0.00731411
         466    -3.23548    -3.49997   0.0073205
         467    -3.32674     -3.4996  0.00731421
         468    -3.38059    -3.49934    0.007303
         469    -3.43172     -3.4992  0.00728886
         470    -3.36859    -3.49892  0.00727864
         471     -3.4058    -3.49872  0.00726587
         472    -3.37215    -3.49845  0.00725543
         473    -3.37245    -3.49819  0.00724498
         474    -3.37698    -3.49793   0.0072342
         475     -3.3289    -3.49758  0.00722772
         476    -3.28631    -3.49713  0.00722615
         477    -3.37439    -3.49688  0.00721558
         478    -3.33704    -3.49654  0.00720823
         479    -3.38389    -3.49631  0.00719702
         480    -3.39192    -3.49609  0.00718531
         481    -3.50164     -3.4961  0.00717038
         482    -3.47799    -3.49606   0.0071556
         483    -3.49982    -3.49607  0.00714079
         484    -3.30617    -3.49568  0.00713681
         485    -3.41106     -3.4955  0.00712423
         486    -3.50907    -3.49553  0.00710962
         487    -3.57827     -3.4957  0.00709705
         488    -3.52053    -3.49575  0.00708269
         489    -3.51421    -3.49579  0.00706831
         490    -3.52614    -3.49585  0.00705415
         491    -3.41161    -3.49568  0.00704187
         492    -3.50746     -3.4957   0.0070276
         493    -3.49089    -3.49569  0.00701335
         494    -3.48468    -3.49567  0.00699919
         495    -3.45217    -3.49558   0.0069856
         496    -3.39532    -3.49538  0.00697444
         497    -3.41751    -3.49523  0.00696217
         498    -3.37731    -3.49499  0.00695222
         499    -3.39759    -3.49479  0.00694102
         500     -3.3605    -3.49452  0.00693234
         501    -3.31337    -3.49416  0.00692792
         502    -3.36294     -3.4939  0.00691905
         503     -3.3077    -3.49353  0.00691519
         504    -3.28156    -3.49311  0.00691425
         505    -3.23474     -3.4926  0.00691946
         506    -3.33731    -3.49229  0.00691259
         507    -3.32547    -3.49196  0.00690678
         508    -3.44289    -3.49187  0.00689386
         509    -3.46877    -3.49182  0.00688047
         510    -3.45586    -3.49175  0.00686734
         511    -3.45101    -3.49167  0.00685436
         512    -3.47419    -3.49164  0.00684106
         513     -3.4583    -3.49157  0.00682803
         514    -3.51327    -3.49161  0.00681488
         515    -3.50846    -3.49165  0.00680172
         516    -3.54057    -3.49174   0.0067892
         517    -3.61156    -3.49197  0.00678003
         518    -3.48051    -3.49195  0.00676697
         519    -3.47711    -3.49192  0.00675399
         520    -3.45655    -3.49186  0.00674135
         521    -3.41814    -3.49171  0.00672989
         522    -3.36155    -3.49146  0.00672162
         523    -3.34809    -3.49119  0.00671436
         524    -3.31657    -3.49086  0.00670981
         525    -3.39933    -3.49068  0.00669929
         526    -3.36759    -3.49045  0.00669064
         527    -3.40661    -3.49029  0.00667984
         528     -3.4188    -3.49015  0.00666856
         529    -3.38094    -3.48995  0.00665915
         530    -3.35934     -3.4897  0.00665114
         531    -3.37272    -3.48948  0.00664226
         532     -3.3548    -3.48923   0.0066346
         533    -3.42581    -3.48911  0.00662322
         534    -3.47357    -3.48908  0.00661088
         535    -3.52541    -3.48915  0.00659887
         536    -3.39061    -3.48896  0.00658912
         537    -3.33882    -3.48868  0.00658278
         538    -3.36657    -3.48846  0.00657445
         539     -3.3691    -3.48824  0.00656599
         540    -3.34791    -3.48798  0.00655897
         541    -3.34846    -3.48772  0.00655191
         542    -3.21382    -3.48721  0.00655928
         543    -3.09853     -3.4865  0.00658614
         544    -3.13921    -3.48586   0.0066049
         545    -3.32353    -3.48556   0.0065995
         546    -3.23915    -3.48511  0.00660282
         547     -3.2996    -3.48477  0.00659946
         548    -3.37891    -3.48458  0.00659024
         549    -3.32239    -3.48428  0.00658485
         550    -3.37142    -3.48408  0.00657608
         551     -3.3407    -3.48382  0.00656929
         552    -3.31697    -3.48351  0.00656434
         553    -3.21626    -3.48303  0.00657023
         554    -3.39257    -3.48287   0.0065604
         555    -3.39123     -3.4827  0.00655066
         556    -3.48539    -3.48271  0.00653888
         557    -3.38564    -3.48253  0.00652946
         558    -3.30406    -3.48221  0.00652559
         559    -3.39338    -3.48205  0.00651585
         560    -3.43677    -3.48197  0.00650472
         561    -3.38722     -3.4818  0.00649531
         562    -3.38557    -3.48163  0.00648601
         563    -3.37225    -3.48144   0.0064774
         564    -3.34765     -3.4812  0.00647026
         565    -3.39003    -3.48104  0.00646082
         566    -3.37085    -3.48085  0.00645234
         567    -3.34828    -3.48061  0.00644519
         568    -3.29958    -3.48029  0.00644172
         569    -3.36775     -3.4801  0.00643344
         570    -3.34019    -3.47985  0.00642683
         571    -3.24668    -3.47944  0.00642853
         572    -3.16788     -3.4789  0.00644033
         573    -3.17376    -3.47836  0.00645107
         574    -3.26202    -3.47799  0.00645083
         575    -3.31214     -3.4777  0.00644606
         576    -3.33253    -3.47745  0.00643979
         577     -3.3743    -3.47727  0.00643111
         578    -3.40738    -3.47715  0.00642112
         579    -3.38645    -3.47699  0.00641194
         580    -3.30489    -3.47669  0.00640775
         581    -3.27666    -3.47635  0.00640596
         582    -3.24541    -3.47595  0.00640723
         583      -3.393    -3.47581  0.00639782
         584    -3.39745    -3.47568  0.00638828
         585    -3.40778    -3.47556  0.00637841
         586    -3.43909     -3.4755  0.00636783
         587    -3.53347     -3.4756  0.00635775
         588    -3.56537    -3.47575  0.00634877
         589    -3.50209    -3.47579  0.00633815
         590    -3.48804    -3.47581  0.00632744
         591     -3.4556    -3.47578  0.00631682
         592    -3.52466    -3.47586  0.00630669
         593    -3.44765    -3.47582  0.00629624
         594    -3.39297    -3.47568  0.00628718
         595    -3.46471    -3.47566  0.00627664
         596    -3.45666    -3.47563  0.00626619
         597     -3.4097    -3.47552  0.00625667
         598    -3.35626    -3.47532  0.00624938
         599     -3.4277    -3.47524  0.00623945
         600     -3.4238    -3.47515  0.00622964
         601    -3.45518    -3.47512  0.00621937
         602    -3.45477    -3.47508  0.00620913
         603    -3.48908    -3.47511  0.00619887
         604    -3.45643    -3.47508  0.00618869
         605    -3.43401    -3.47501  0.00617883
         606    -3.41885    -3.47492  0.00616933
         607     -3.3899    -3.47478  0.00616076
         608    -3.46149    -3.47475  0.00615066
         609    -3.44948    -3.47471   0.0061407
         610     -3.3959    -3.47458    0.006132
         611     -3.5537    -3.47471  0.00612333
         612    -3.54868    -3.47483  0.00611451
         613    -3.45609     -3.4748  0.00610462
         614    -3.44684    -3.47476  0.00609484
         615    -3.50135     -3.4748  0.00608509
         616    -3.53183    -3.47489  0.00607591
         617      -3.532    -3.47499  0.00606677
         618    -3.50065    -3.47503  0.00605709
         619    -3.52685    -3.47511  0.00604789
         620    -3.60917    -3.47533    0.006042
         621    -3.62364    -3.47557  0.00603699
         622    -3.51505    -3.47563  0.00602761
         623    -3.50485    -3.47568  0.00601812
         624    -3.47298    -3.47567  0.00600848
         625    -3.56189    -3.47581  0.00600045
         626    -3.48966    -3.47583   0.0059909
         627    -3.48632    -3.47585  0.00598137
         628    -3.51327    -3.47591  0.00597214
         629    -3.52039    -3.47598  0.00596307
         630    -3.50397    -3.47602  0.00595377
         631    -3.45608    -3.47599  0.00594442
         632    -3.48962    -3.47601  0.00593505
         633    -3.48729    -3.47603   0.0059257
         634    -3.49605    -3.47606  0.00591644
         635    -3.54635    -3.47617  0.00590816
         636    -3.57723    -3.47633    0.005901
         637    -3.57663    -3.47649  0.00589384
         638    -3.56581    -3.47663  0.00588627
         639    -3.56355    -3.47677  0.00587862
         640    -3.59704    -3.47695  0.00587244
         641    -3.61323    -3.47717  0.00586713
         642    -3.64754    -3.47743  0.00586399
         643    -3.69929    -3.47778  0.00586501
         644    -3.65345    -3.47805  0.00586224
         645    -3.67309    -3.47835  0.00586095
         646    -3.63523    -3.47859   0.0058569
         647    -3.56914    -3.47873  0.00584952
         648    -3.64189    -3.47899  0.00584591
         649    -3.62586    -3.47921  0.00584128
         650     -3.5743    -3.47936  0.00583413
         651    -3.45353    -3.47932   0.0058253
         652    -3.47738    -3.47932  0.00581637
         653    -3.44904    -3.47927  0.00580765
         654    -3.38259    -3.47912  0.00580065
         655    -3.37462    -3.47896  0.00579399
         656    -3.30795     -3.4787  0.00579101
         657    -3.28678    -3.47841  0.00578956
         658    -3.29728    -3.47813  0.00578731
         659    -3.31742    -3.47789  0.00578366
         660     -3.2695    -3.47757  0.00578351
         661    -3.29668     -3.4773  0.00578123
         662    -3.37187    -3.47714  0.00577469
         663    -3.33653    -3.47693  0.00576987
         664    -3.41184    -3.47683  0.00576202
         665    -3.39983    -3.47672  0.00575452
         666      -3.458    -3.47669  0.00574594
         667    -3.42775    -3.47661   0.0057378
         668    -3.35307    -3.47643  0.00573219
         669    -3.37178    -3.47627  0.00572575
         670    -3.37726    -3.47613  0.00571912
         671     -3.4862    -3.47614  0.00571061
         672    -3.48688    -3.47616  0.00570214
         673    -3.43821     -3.4761  0.00569394
         674    -3.47497     -3.4761  0.00568549
         675    -3.46553    -3.47608  0.00567709
         676    -3.53928    -3.47618  0.00566946
         677    -3.43902    -3.47612  0.00566136
         678    -3.41269    -3.47603  0.00565378
         679    -3.45793      -3.476  0.00564551
         680    -3.42925    -3.47593  0.00563763
         681    -3.42629    -3.47586  0.00562982
         682    -3.28441    -3.47558  0.00562856
         683    -3.35001    -3.47539  0.00562332
         684    -3.40969     -3.4753  0.00561592
         685    -3.48007    -3.47531  0.00560773
         686      -3.454    -3.47527  0.00559964
         687    -3.40039    -3.47517  0.00559255
         688    -3.31664    -3.47494  0.00558917
         689    -3.42486    -3.47486  0.00558153
         690    -3.35318    -3.47469  0.00557622
         691    -3.36457    -3.47453  0.00557043
         692    -3.38814     -3.4744  0.00556378
         693    -3.45276    -3.47437  0.00555584
         694    -3.50297    -3.47441  0.00554799
         695    -3.51246    -3.47447  0.00554027
         696    -3.48216    -3.47448  0.00553232
         697    -3.46697    -3.47447   0.0055244
         698    -3.48949    -3.47449  0.00551652
         699    -3.39543    -3.47438  0.00550979
         700    -3.31613    -3.47415  0.00550656
         701    -3.36467    -3.47399  0.00550091
         702    -3.45467    -3.47397  0.00549315
         703    -3.33289    -3.47377    0.005489
         704    -3.27192    -3.47348  0.00548868
         705    -3.31435    -3.47325  0.00548554
         706    -3.44517    -3.47321  0.00547791
         707    -3.43944    -3.47317  0.00547037
         708    -3.49935     -3.4732  0.00546277
         709    -3.53013    -3.47328  0.00545566
         710    -3.47586    -3.47329  0.00544797
         711    -3.37265    -3.47314  0.00544215
         712    -3.35049    -3.47297  0.00543723
         713    -3.34437    -3.47279   0.0054326
         714     -3.2958    -3.47254  0.00543064
         715    -3.32028    -3.47233  0.00542722
         716    -3.32643    -3.47213  0.00542346
         717    -3.26557    -3.47184  0.00542355
         718    -3.30602    -3.47161  0.00542091
         719    -3.39761    -3.47151  0.00541434
         720    -3.26889    -3.47122  0.00541413
         721    -3.23748     -3.4709  0.00541632
         722    -3.36261    -3.47075   0.0054109
         723    -3.39261    -3.47064  0.00540449
         724    -3.37561    -3.47051  0.00539862
         725    -3.38099    -3.47039  0.00539258
         726    -3.40424     -3.4703  0.00538593
         727    -3.35443    -3.47014  0.00538088
         728    -3.38611    -3.47002  0.00537472
         729    -3.39276    -3.46991  0.00536839
         730    -3.42593    -3.46985  0.00536138
         731    -3.42478    -3.46979   0.0053544
         732      -3.395    -3.46969  0.00534806
         733    -3.35334    -3.46953  0.00534312
         734    -3.32386    -3.46933  0.00533952
         735    -3.45449    -3.46931   0.0053323
         736    -3.44316    -3.46928  0.00532517
         737     -3.4063    -3.46919  0.00531863
         738    -3.32406      -3.469  0.00531506
         739    -3.19555    -3.46863  0.00532073
         740    -3.24338    -3.46832  0.00532224
         741     -3.2387    -3.46801  0.00532407
         742    -3.17859    -3.46762  0.00533116
         743    -3.24984    -3.46733  0.00533204
         744    -3.32552    -3.46714  0.00532828
         745    -3.28093    -3.46689  0.00532699
         746    -3.31773    -3.46669   0.0053236
         747     -3.3896    -3.46658  0.00531747
         748    -3.40918    -3.46651  0.00531091
         749    -3.49542    -3.46655  0.00530396
         750    -3.39446    -3.46645  0.00529776
         751    -3.47236    -3.46646  0.00529071
         752     -3.4719    -3.46647  0.00528368
         753    -3.47152    -3.46647  0.00527667
         754    -3.44563    -3.46644  0.00526975
         755    -3.45127    -3.46642   0.0052628
         756    -3.51838    -3.46649  0.00525629
         757    -3.44967    -3.46647  0.00524939
         758    -3.51524    -3.46654  0.00524286
         759    -3.39314    -3.46644  0.00523685
         760    -3.38968    -3.46634  0.00523093
         761    -3.36621    -3.46621  0.00522571
         762    -3.32097    -3.46602  0.00522233
         763    -3.33443    -3.46584  0.00521833
         764    -3.30957    -3.46564  0.00521551
         765    -3.23235    -3.46533   0.0052176
         766    -3.34433    -3.46518  0.00521318
         767    -3.40974     -3.4651  0.00520688
         768    -3.40081    -3.46502  0.00520077
         769    -3.41214    -3.46495  0.00519447
         770    -3.49993      -3.465  0.00518792
         771    -3.34518    -3.46484  0.00518352
         772    -3.32469    -3.46466  0.00517998
         773    -3.39741    -3.46457  0.00517401
         774    -3.42581    -3.46452  0.00516757
         775    -3.42831    -3.46448  0.00516111
         776    -3.44019    -3.46444  0.00515455
         777    -3.44306    -3.46442  0.00514799
         778    -3.40321    -3.46434  0.00514198
         779    -3.39248    -3.46425  0.00513621
         780     -3.2918    -3.46402  0.00513438
         781    -3.33437    -3.46386  0.00513049
         782    -3.28259    -3.46363  0.00512916
         783    -3.22173    -3.46332   0.0051319
         784    -3.21265      -3.463  0.00513531
         785    -3.27259    -3.46276  0.00513449
         786    -3.33979     -3.4626  0.00513034
         787    -3.34956    -3.46246  0.00512583
         788    -3.41609     -3.4624  0.00511967
         789    -3.40402    -3.46232  0.00511371
         790    -3.42732    -3.46228  0.00510743
         791    -3.48805    -3.46231  0.00510108
         792    -3.39859    -3.46223  0.00509527
         793    -3.42939    -3.46219  0.00508901
         794    -3.46236    -3.46219  0.00508261
         795    -3.52496    -3.46227  0.00507683
         796    -3.45983    -3.46227  0.00507045
         797    -3.44257    -3.46224  0.00506415
         798    -3.39603    -3.46216  0.00505848
         799    -3.34028      -3.462  0.00505445
         800    -3.40737    -3.46194  0.00504859
         801    -3.34486    -3.46179   0.0050444
         802    -3.38566     -3.4617  0.00503901
         803    -3.36799    -3.46158  0.00503408
         804    -3.40196     -3.4615  0.00502837
         805    -3.47075    -3.46152  0.00502214
         806    -3.44623     -3.4615  0.00501594
         807     -3.4896    -3.46153  0.00500985
         808    -3.48308    -3.46156  0.00500372
         809    -3.50706    -3.46161  0.00499785
         810    -3.47686    -3.46163  0.00499171
         811    -3.47156    -3.46165  0.00498557
         812    -3.41486    -3.46159  0.00497977
         813    -3.38932     -3.4615  0.00497443
         814    -3.42854    -3.46146  0.00496849
         815    -3.36346    -3.46134  0.00496385
         816    -3.39975    -3.46126  0.00495834
         817    -3.31455    -3.46108  0.00495552
         818    -3.36987    -3.46097  0.00495071
         819    -3.40837    -3.46091  0.00494509
         820    -3.41988    -3.46086  0.00493931
         821    -3.46316    -3.46086  0.00493329
         822    -3.36746    -3.46075   0.0049286
         823    -3.38614    -3.46066  0.00492345
         824    -3.35152    -3.46052  0.00491925
         825    -3.31488    -3.46035  0.00491646
         826    -3.37603    -3.46025  0.00491156
         827    -3.34222     -3.4601   0.0049077
         828    -3.23551    -3.45983  0.00490926
         829    -3.39049    -3.45975  0.00490405
         830    -3.44363    -3.45973  0.00489818
         831    -3.48487    -3.45976  0.00489238
         832    -3.54195    -3.45986   0.0048875
         833    -3.52229    -3.45993   0.0048822
         834    -3.56322    -3.46006  0.00487792
         835     -3.4889    -3.46009   0.0048722
         836    -3.52964    -3.46017  0.00486708
         837    -3.50346    -3.46023  0.00486154
         838    -3.52329     -3.4603  0.00485632
         839    -3.60565    -3.46047  0.00485362
         840     -3.5567    -3.46059   0.0048492
         841    -3.60404    -3.46076  0.00484643
         842    -3.55073    -3.46087  0.00484185
         843    -3.56725    -3.46099  0.00483775
         844    -3.55281     -3.4611  0.00483324
         845    -3.50459    -3.46115   0.0048278
         846    -3.44093    -3.46113  0.00482215
         847    -3.37898    -3.46103  0.00481743
         848    -3.44414    -3.46101  0.00481179
         849    -3.41103    -3.46095  0.00480649
         850    -3.45752    -3.46095  0.00480083
         851    -3.51008    -3.46101  0.00479554
         852    -3.46706    -3.46101  0.00478992
         853    -3.47821    -3.46103  0.00478434
         854    -3.48559    -3.46106  0.00477883
         855    -3.45806    -3.46106  0.00477324
         856    -3.36826    -3.46095  0.00476889
         857    -3.46187    -3.46095  0.00476333
         858    -3.42682    -3.46091  0.00475794
         859     -3.4611    -3.46091   0.0047524
         860    -3.43339    -3.46088  0.00474699
         861    -3.49439    -3.46092  0.00474163
         862     -3.4982    -3.46096  0.00473633
         863    -3.37609    -3.46086  0.00473186
         864    -3.31675     -3.4607  0.00472932
         865    -3.33953    -3.46056  0.00472593
         866    -3.37464    -3.46046  0.00472151
         867    -3.43238    -3.46043  0.00471618
         868    -3.30576    -3.46025  0.00471411
         869    -3.29591    -3.46006  0.00471248
         870    -3.43943    -3.46003  0.00470712
         871    -3.46312    -3.46004  0.00470172
         872    -3.33716     -3.4599  0.00469844
         873    -3.32884    -3.45975  0.00469545
         874    -3.42336    -3.45971  0.00469027
         875    -3.39631    -3.45963  0.00468546
         876     -3.3892    -3.45955  0.00468081
         877    -3.38064    -3.45946  0.00467633
         878    -3.47825    -3.45948  0.00467106
         879    -3.48108    -3.45951  0.00466581
         880    -3.49448    -3.45955  0.00466067
         881    -3.42426    -3.45951  0.00465556
         882    -3.43332    -3.45948  0.00465037
         883    -3.48917    -3.45951  0.00464523
         884    -3.45221     -3.4595  0.00463998
         885    -3.43756    -3.45948   0.0046348
         886    -3.43964    -3.45946  0.00462963
         887    -3.41217     -3.4594  0.00462471
         888    -3.42202    -3.45936   0.0046197
         889    -3.43445    -3.45933  0.00461459
         890    -3.44402    -3.45932  0.00460943
         891    -3.39806    -3.45925  0.00460477
         892    -3.44374    -3.45923  0.00459964
         893    -3.40601    -3.45917  0.00459488
         894    -3.49086    -3.45921  0.00458987
         895    -3.51673    -3.45927   0.0045852
         896    -3.46494    -3.45928  0.00458008
         897    -3.46219    -3.45928  0.00457498
         898    -3.39623    -3.45921  0.00457042
         899    -3.42817    -3.45917  0.00456547
         900    -3.49451    -3.45921  0.00456057
         901    -3.40338    -3.45915  0.00455592
         902    -3.44289    -3.45913  0.00455091
         903    -3.42322    -3.45909  0.00454604
         904    -3.31579    -3.45894  0.00454378
         905    -3.29831    -3.45876  0.00454222
         906    -3.37696    -3.45867  0.00453811
         907    -3.32687    -3.45852  0.00453543
         908    -3.44855    -3.45851  0.00453045
         909    -3.53965     -3.4586  0.00452634
         910    -3.54771     -3.4587  0.00452243
         911    -3.49877    -3.45874  0.00451768
         912    -3.52453    -3.45882   0.0045133
         913     -3.4186    -3.45877  0.00450857
         914    -3.36363    -3.45867  0.00450484
         915    -3.46108    -3.45867  0.00449992
         916    -3.46069    -3.45867    0.004495
         917    -3.48659     -3.4587  0.00449021
         918     -3.5458     -3.4588  0.00448632
         919    -3.50247    -3.45884  0.00448169
         920    -3.59304    -3.45899  0.00447919
         921    -3.54155    -3.45908  0.00447522
         922      -3.428    -3.45905  0.00447049
         923    -3.39373    -3.45898  0.00446621
         924    -3.51627    -3.45904  0.00446181
         925    -3.48762    -3.45907  0.00445709
         926    -3.43363    -3.45904  0.00445236
         927    -3.42057      -3.459  0.00444775
         928     -3.4212    -3.45896  0.00444315
         929    -3.38247    -3.45888  0.00443913
         930    -3.36879    -3.45878  0.00443541
         931     -3.3345    -3.45865  0.00443265
         932    -3.31733    -3.45849  0.00443049
         933    -3.35374    -3.45838  0.00442717
         934    -3.39195    -3.45831    0.004423
         935     -3.3312    -3.45818  0.00442035
         936    -3.37753    -3.45809  0.00441647
         937    -3.37471      -3.458  0.00441265
         938    -3.44703    -3.45799  0.00440797
         939    -3.45292    -3.45798  0.00440327
         940    -3.44201    -3.45797  0.00439862
         941    -3.37546    -3.45788  0.00439482
         942    -3.29765    -3.45771  0.00439345
         943    -3.31218    -3.45755   0.0043915
         944     -3.4323    -3.45753  0.00438693
         945    -3.38787    -3.45745   0.0043829
         946    -3.38068    -3.45737  0.00437902
         947    -3.36397    -3.45727  0.00437551
         948    -3.45666    -3.45727  0.00437089
         949    -3.43622    -3.45725  0.00436634
         950    -3.38271    -3.45717  0.00436245
         951    -3.51897    -3.45724  0.00435835
         952    -3.53561    -3.45732  0.00435455
         953    -3.56136    -3.45743  0.00435135
         954    -3.51986    -3.45749  0.00434728
         955    -3.58217    -3.45762  0.00434469
         956    -3.58006    -3.45775  0.00434203
         957    -3.54876    -3.45785  0.00433853
         958    -3.51233     -3.4579  0.00433438
         959     -3.5127    -3.45796  0.00433023
         960    -3.42828    -3.45793  0.00432583
         961    -3.45794    -3.45793  0.00432133
         962    -3.38947    -3.45786  0.00431743
         963    -3.35734    -3.45776   0.0043142
         964    -3.37476    -3.45767  0.00431059
         965    -3.42508    -3.45764  0.00430625
         966    -3.31904    -3.45749  0.00430419
         967    -3.45273    -3.45749  0.00429974
         968    -3.40681    -3.45743  0.00429561
         969    -3.43387    -3.45741  0.00429125
         970     -3.3766    -3.45733  0.00428763
         971    -3.42085    -3.45729  0.00428338
         972    -3.44048    -3.45727  0.00427901
         973    -3.37513    -3.45719  0.00427545
         974    -3.39417    -3.45712  0.00427155
         975    -3.36104    -3.45702   0.0042683
         976    -3.22534    -3.45679  0.00427052
         977    -3.21019    -3.45654  0.00427361
         978    -3.18949    -3.45626  0.00427795
         979     -3.2767    -3.45608  0.00427751
         980     -3.1866     -3.4558  0.00428198
         981    -3.23734    -3.45558   0.0042834
         982    -3.15565    -3.45528  0.00428991
         983    -3.27151    -3.45509  0.00428962
         984    -3.24937    -3.45488  0.00429035
         985    -3.30989    -3.45473  0.00428852
         986    -3.30668    -3.45458   0.0042868
         987    -3.25392    -3.45438  0.00428727
         988    -3.32739    -3.45425  0.00428486
         989    -3.41222    -3.45421  0.00428074
         990    -3.37582    -3.45413  0.00427715
         991    -3.31942    -3.45399  0.00427499
         992    -3.37253    -3.45391  0.00427147
         993    -3.39915    -3.45386  0.00426752
         994    -3.39849     -3.4538  0.00426359
         995    -3.38112    -3.45373  0.00425993
         996    -3.34568    -3.45362  0.00425704
         997     -3.3511    -3.45352  0.00425401
         998    -3.43063    -3.45349  0.00424981
         999    -3.46603     -3.4535  0.00424557
        1000    -3.40019    -3.45345  0.00424166
        1001    -3.34425    -3.45334  0.00423883
        1002     -3.3306    -3.45322  0.00423637
        1003    -3.42041    -3.45319  0.00423227
        1004    -3.37131    -3.45311  0.00422884
        1005    -3.40689    -3.45306  0.00422488
        1006    -3.36099    -3.45297  0.00422167
        1007    -3.28103     -3.4528  0.00422093
        1008    -3.28299    -3.45263   0.0042201
        1009    -3.42762     -3.4526  0.00421599
        1010    -3.38263    -3.45254  0.00421239
        1011    -3.38584    -3.45247  0.00420874
        1012    -3.46339    -3.45248  0.00420459
        1013    -3.38074    -3.45241  0.00420104
        1014    -3.37994    -3.45234  0.00419751
        1015      -3.349    -3.45224   0.0041946
        1016     -3.2842    -3.45207  0.00419374
        1017     -3.2983    -3.45192  0.00419234
        1018    -3.37466    -3.45184   0.0041889
        1019    -3.27469    -3.45167   0.0041884
        1020    -3.29173    -3.45151  0.00418723
        1021     -3.3697    -3.45143  0.00418389
        1022    -3.38745    -3.45137  0.00418027
        1023     -3.3629    -3.45128  0.00417708
        1024     -3.3224    -3.45116  0.00417489
        1025    -3.17406    -3.45089  0.00417956
        1026    -3.18088    -3.45062  0.00418377
        1027    -3.21484    -3.45039  0.00418599
        1028    -3.18508    -3.45014  0.00418986
        1029    -3.17916    -3.44987  0.00419406
        1030     -3.1579    -3.44959  0.00419956
        1031    -3.18044    -3.44933  0.00420359
        1032     -3.2086     -3.4491  0.00420598
        1033    -3.34734      -3.449  0.00420307
        1034    -3.30293    -3.44886  0.00420137
        1035    -3.32815    -3.44874  0.00419893
        1036    -3.41679    -3.44871  0.00419499
        1037     -3.4554    -3.44871  0.00419095
        1038    -3.47906    -3.44874  0.00418702
        1039    -3.48656    -3.44878  0.00418315
        1040    -3.46486     -3.4488  0.00417915
        1041    -3.50396    -3.44885  0.00417547
        1042    -3.39455     -3.4488  0.00417179
        1043    -3.46197    -3.44881  0.00416781
        1044    -3.39824    -3.44876   0.0041641
        1045    -3.35879    -3.44867    0.004161
        1046    -3.32816    -3.44856  0.00415862
        1047     -3.2707    -3.44839  0.00415812
        1048    -3.33895    -3.44828  0.00415546
        1049    -3.35017    -3.44819  0.00415255
        1050    -3.26148    -3.44801   0.0041524
        1051    -3.36113    -3.44793  0.00414928
        1052    -3.30522     -3.4478  0.00414755
        1053    -3.30636    -3.44766  0.00414578
        1054    -3.32306    -3.44754  0.00414354
        1055    -3.33876    -3.44744  0.00414089
        1056    -3.36119    -3.44736  0.00413777
        1057    -3.41974    -3.44733  0.00413394
        1058    -3.37673    -3.44727  0.00413057
        1059    -3.22122    -3.44705  0.00413218
        1060      -3.327    -3.44694  0.00412984
        1061    -3.28607    -3.44679  0.00412873
        1062    -3.32082    -3.44667  0.00412654
        1063    -3.31225    -3.44654   0.0041246
        1064    -3.30975    -3.44641  0.00412273
        1065    -3.30207    -3.44628  0.00412108
        1066    -3.21686    -3.44606  0.00412283
        1067    -3.19048    -3.44582  0.00412592
        1068    -3.18557    -3.44558  0.00412925
        1069    -3.08944    -3.44525   0.0041388
        1070    -3.06172    -3.44489  0.00415043
        1071    -3.09361    -3.44456  0.00415949
        1072    -3.23379    -3.44436  0.00416025
        1073     -3.3201    -3.44425  0.00415799
        1074    -3.42044    -3.44423  0.00415418
        1075    -3.43765    -3.44422  0.00415032
        1076     -3.4005    -3.44418  0.00414666
        1077    -3.47484    -3.44421   0.0041429
        1078    -3.50844    -3.44427  0.00413949
        1079    -3.45245    -3.44427  0.00413566
        1080     -3.4787    -3.44431  0.00413195
        1081      -3.353    -3.44422    0.004129
        1082    -3.38505    -3.44417  0.00412554
        1083    -3.40332    -3.44413   0.0041219
        1084    -3.32063    -3.44402  0.00411968
        1085    -3.31181    -3.44389  0.00411768
        1086    -3.32702    -3.44379   0.0041153
        1087    -3.41671    -3.44376  0.00411158
        1088    -3.40173    -3.44372  0.00410799
        1089    -3.41074    -3.44369  0.00410433
        1090    -3.45353     -3.4437  0.00410057
        1091    -3.41358    -3.44367  0.00409691
        1092     -3.4386    -3.44367  0.00409316
        1093     -3.4434    -3.44367  0.00408941
        1094    -3.42876    -3.44365   0.0040857
        1095    -3.38633     -3.4436   0.0040823
        1096    -3.36259    -3.44353  0.00407924
        1097    -3.30029     -3.4434  0.00407762
        1098      -3.348    -3.44331  0.00407483
        1099    -3.34632    -3.44322  0.00407208
        1100    -3.37879    -3.44316  0.00406879
        1101    -3.43773    -3.44316   0.0040651
        1102    -3.42172    -3.44314  0.00406146
        1103    -3.40508    -3.44311  0.00405792
        1104     -3.3718    -3.44304  0.00405476
        1105    -3.35459    -3.44296  0.00405188
        1106    -3.30117    -3.44283  0.00405025
        1107    -3.38335    -3.44278  0.00404694
        1108    -3.44935    -3.44278   0.0040433
        1109    -3.38444    -3.44273  0.00403999
        1110    -3.40408     -3.4427   0.0040365
        1111    -3.37623    -3.44264  0.00403331
        1112    -3.38275    -3.44258  0.00403005
        1113    -3.40322    -3.44255  0.00402658
        1114     -3.4755    -3.44258  0.00402307
        1115    -3.43593    -3.44257  0.00401947
        1116    -3.41531    -3.44255  0.00401594
        1117    -3.40759    -3.44252  0.00401247
        1118    -3.42656     -3.4425  0.00400891
        1119    -3.37302    -3.44244   0.0040058
        1120    -3.35024    -3.44236  0.00400307
        1121    -3.33779    -3.44226  0.00400059
        1122    -3.31639    -3.44215   0.0039986
        1123    -3.31623    -3.44204  0.00399661
        1124    -3.35101    -3.44196  0.00399387
        1125    -3.31049    -3.44184  0.00399203
        1126    -3.34746    -3.44176  0.00398937
        1127    -3.34977    -3.44168  0.00398666
        1128    -3.31479    -3.44156  0.00398471
        1129    -3.37866    -3.44151  0.00398157
        1130    -3.32293     -3.4414  0.00397943
        1131     -3.4341     -3.4414  0.00397592
        1132    -3.39669    -3.44136   0.0039726
        1133    -3.42741    -3.44134  0.00396912
        1134     -3.4355    -3.44134  0.00396562
        1135    -3.46364    -3.44136  0.00396217
        1136    -3.44153    -3.44136  0.00395869
        1137    -3.55734    -3.44146  0.00395652
        1138    -3.52202    -3.44153  0.00395368
        1139    -3.57323    -3.44165  0.00395189
        1140    -3.49913     -3.4417  0.00394875
        1141    -3.38114    -3.44165  0.00394565
        1142    -3.44549    -3.44165  0.00394219
        1143    -3.45595    -3.44166  0.00393876
        1144    -3.53004    -3.44174  0.00393608
        1145    -3.49457    -3.44178  0.00393291
        1146     -3.5679    -3.44189  0.00393102
        1147    -3.50984    -3.44195  0.00392804
        1148     -3.4988      -3.442  0.00392493
        1149     -3.4428      -3.442  0.00392151
        1150    -3.46169    -3.44202  0.00391814
        1151    -3.49983    -3.44207  0.00391506
        1152    -3.53867    -3.44216  0.00391256
        1153    -3.55145    -3.44225  0.00391031
        1154    -3.52033    -3.44232  0.00390751
        1155    -3.43699    -3.44231  0.00390413
        1156    -3.41768    -3.44229  0.00390081
        1157    -3.51775    -3.44236  0.00389798
        1158    -3.43025    -3.44235  0.00389463
        1159    -3.46383    -3.44237  0.00389131
        1160    -3.50225    -3.44242   0.0038883
        1161    -3.55476    -3.44251  0.00388616
        1162    -3.53931     -3.4426   0.0038837
        1163    -3.52506    -3.44267  0.00388101
        1164    -3.47327    -3.44269  0.00387777
        1165    -3.47584    -3.44272  0.00387454
        1166    -3.43494    -3.44272  0.00387123
        1167    -3.55291    -3.44281  0.00386906
        1168    -3.48131    -3.44284  0.00386589
        1169    -3.44397    -3.44284  0.00386258
        1170    -3.45821    -3.44286   0.0038593
        1171       -3.47    -3.44288  0.00385608
        1172    -3.38013    -3.44283  0.00385316
        1173    -3.39472    -3.44279  0.00385009
        1174    -3.55801    -3.44288  0.00384806
        1175    -3.57226    -3.44299  0.00384636
        1176    -3.64687    -3.44317    0.003847
        1177    -3.61232    -3.44331  0.00384641
        1178    -3.61637    -3.44346  0.00384595
        1179    -3.53585    -3.44354  0.00384349
        1180    -3.54466    -3.44362  0.00384118
        1181     -3.4151     -3.4436  0.00383801
        1182    -3.43994     -3.4436  0.00383476
        1183    -3.40561    -3.44356  0.00383166
        1184    -3.41484    -3.44354   0.0038285
        1185    -3.45021    -3.44354  0.00382527
        1186    -3.32581    -3.44344  0.00382333
        1187    -3.32233    -3.44334  0.00382147
        1188     -3.3172    -3.44324  0.00381973
        1189    -3.30338    -3.44312  0.00381833
        1190    -3.34234    -3.44303  0.00381606
        1191    -3.32649    -3.44294  0.00381411
        1192    -3.32577    -3.44284  0.00381218
        1193    -3.31909    -3.44273  0.00381039
        1194    -3.29172    -3.44261   0.0038093
        1195    -3.13238    -3.44235  0.00381495
        1196    -3.06624    -3.44203   0.0038247
        1197    -3.12503    -3.44177  0.00383066
        1198    -3.19034    -3.44156  0.00383321
        1199    -3.19749    -3.44136  0.00383541
        1200    -3.29712    -3.44124   0.0038341
        1201    -3.38118    -3.44119  0.00383123
        1202    -3.49507    -3.44123  0.00382831
        1203     -3.3701    -3.44117  0.00382558
        1204    -3.35806     -3.4411  0.00382302
        1205    -3.34664    -3.44102  0.00382066
        1206    -3.26549    -3.44088  0.00382026
        1207    -3.30623    -3.44077  0.00381872
        1208    -3.30762    -3.44066  0.00381715
        1209    -3.41737    -3.44064  0.00381404
        1210    -3.39818     -3.4406  0.00381105
        1211     -3.4019    -3.44057  0.00380804
        1212    -3.36883    -3.44051  0.00380536
        1213    -3.36522    -3.44045  0.00380273
        1214    -3.34801    -3.44037  0.00380036
        1215    -3.37128    -3.44032  0.00379765
        1216    -3.42161     -3.4403  0.00379456
        1217     -3.3493    -3.44023  0.00379218
        1218    -3.28172     -3.4401   0.0037913
        1219     -3.2444    -3.43994  0.00379159
        1220    -3.32282    -3.43984  0.00378969
        1221    -3.35232    -3.43977  0.00378727
        1222    -3.42156    -3.43975   0.0037842
        1223    -3.36854    -3.43969  0.00378155
        1224    -3.31066    -3.43959  0.00377993
        1225    -3.33685    -3.43951  0.00377778
        1226    -3.26748    -3.43936   0.0037773
        1227    -3.29912    -3.43925  0.00377595
        1228    -3.30997    -3.43915  0.00377434
        1229    -3.40375    -3.43912  0.00377138
        1230    -3.39694    -3.43908  0.00376847
        1231    -3.35624    -3.43901  0.00376601
        1232    -3.43325    -3.43901  0.00376296
        1233     -3.5175    -3.43907  0.00376044
        1234    -3.46317    -3.43909  0.00375745
        1235    -3.45665    -3.43911  0.00375443
        1236    -3.36661    -3.43905  0.00375185
        1237    -3.40578    -3.43902  0.00374891
        1238    -3.45727    -3.43904  0.00374592
        1239    -3.39304      -3.439  0.00374308
        1240     -3.3938    -3.43896  0.00374023
        1241    -3.36837    -3.43891  0.00373765
        1242    -3.35023    -3.43883  0.00373533
        1243    -3.27593     -3.4387  0.00373462
        1244    -3.36329    -3.43864  0.00373211
        1245    -3.37573    -3.43859  0.00372945
        1246    -3.33305    -3.43851  0.00372742
        1247    -3.36678    -3.43845  0.00372488
        1248    -3.41733    -3.43843  0.00372193
        1249    -3.48102    -3.43847  0.00371911
        1250    -3.48406     -3.4385  0.00371631
        1251     -3.3259    -3.43841  0.00371443
        1252    -3.31571    -3.43832  0.00371276
        1253    -3.21043    -3.43813  0.00371424
        1254    -3.25579    -3.43799  0.00371413
        1255    -3.33827    -3.43791  0.00371202
        1256    -3.35597    -3.43784  0.00370964
        1257    -3.34645    -3.43777   0.0037074
        1258    -3.41198    -3.43775  0.00370451
        1259    -3.34209    -3.43767  0.00370234
        1260    -3.36248    -3.43762  0.00369989
        1261    -3.34953    -3.43755  0.00369761
        1262    -3.31327    -3.43745  0.00369599
        1263    -3.35019    -3.43738  0.00369371
        1264    -3.33783     -3.4373  0.00369163
        1265     -3.3237    -3.43721   0.0036898
        1266     -3.3089    -3.43711  0.00368828
        1267    -3.38909    -3.43707  0.00368556
        1268    -3.40205    -3.43704  0.00368276
        1269    -3.35655    -3.43698   0.0036804
        1270    -3.27522    -3.43685  0.00367971
        1271    -3.39531    -3.43682  0.00367696
        1272    -3.32124    -3.43673  0.00367519
        1273    -3.44686    -3.43674  0.00367231
        1274    -3.42013    -3.43672  0.00366945
        1275    -3.38506    -3.43668   0.0036668
        1276    -3.35931    -3.43662  0.00366443
        1277    -3.39928    -3.43659  0.00366167
        1278    -3.44389     -3.4366  0.00365881
        1279    -3.44841    -3.43661  0.00365596
        1280    -3.39502    -3.43657  0.00365325
        1281    -3.38139    -3.43653  0.00365066
        1282    -3.42974    -3.43653  0.00364781
        1283    -3.33785    -3.43645  0.00364578
        1284    -3.37216     -3.4364  0.00364328
        1285    -3.46611    -3.43642  0.00364052
        1286    -3.46739    -3.43645  0.00363777
        1287    -3.48888    -3.43649  0.00363517
        1288    -3.41742    -3.43647  0.00363238
        1289    -3.57168    -3.43658  0.00363108
        1290    -3.48471    -3.43661  0.00362845
        1291    -3.47347    -3.43664  0.00362575
        1292     -3.4775    -3.43668  0.00362309
        1293      -3.489    -3.43672  0.00362051
        1294    -3.47794    -3.43675  0.00361785
        1295    -3.25818    -3.43661  0.00361769
        1296    -3.26498    -3.43648  0.00361732
        1297    -3.26462    -3.43634  0.00361695
        1298    -3.24186    -3.43619  0.00361727
        1299    -3.21991    -3.43603  0.00361831
        1300    -3.32783    -3.43595  0.00361649
        1301    -3.31026    -3.43585    0.003615
        1302    -3.27272    -3.43572  0.00361439
        1303    -3.20912    -3.43555   0.0036158
        1304    -3.23652     -3.4354  0.00361625
        1305    -3.26334    -3.43526  0.00361588
        1306    -3.36407    -3.43521  0.00361352
        1307    -3.38084    -3.43517    0.003611
        1308     -3.4009    -3.43514  0.00360833
        1309     -3.3071    -3.43504   0.0036069
        1310    -3.25485    -3.43491  0.00360677
        1311    -3.30624    -3.43481  0.00360535
        1312    -3.24676    -3.43467  0.00360545
        1313    -3.24649    -3.43452  0.00360555
        1314    -3.33549    -3.43445   0.0036036
        1315    -3.24005     -3.4343  0.00360389
        1316      -3.332    -3.43422  0.00360199
        1317    -3.32955    -3.43414  0.00360013
        1318     -3.3942    -3.43411  0.00359752
        1319    -3.24946    -3.43397  0.00359752
        1320    -3.30595    -3.43387   0.0035961
        1321     -3.2647    -3.43375  0.00359566
        1322    -3.38248    -3.43371  0.00359315
        1323    -3.22561    -3.43355  0.00359387
        1324    -3.26985    -3.43343  0.00359329
        1325    -3.32258    -3.43334  0.00359155
        1326    -3.36343    -3.43329  0.00358923
        1327    -3.32801    -3.43321   0.0035874
        1328    -3.33518    -3.43314  0.00358546
        1329     -3.2791    -3.43302  0.00358463
        1330    -3.33548    -3.43295  0.00358269
        1331    -3.37014     -3.4329   0.0035803
        1332    -3.33357    -3.43283  0.00357839
        1333    -3.35076    -3.43276  0.00357624
        1334    -3.27728    -3.43265  0.00357546
        1335    -3.28621    -3.43254  0.00357446
        1336    -3.28732    -3.43243  0.00357344
        1337    -3.31522    -3.43234  0.00357184
        1338    -3.26639    -3.43222  0.00357132
        1339    -3.16656    -3.43202  0.00357416
        1340    -3.28318    -3.43191  0.00357322
        1341    -3.36051    -3.43186  0.00357095
        1342    -3.41106    -3.43184  0.00356833
        1343    -3.49032    -3.43188  0.00356593
        1344    -3.36036    -3.43183  0.00356368
        1345    -3.34292    -3.43176  0.00356164
        1346    -3.38145    -3.43173  0.00355919
        1347    -3.35249    -3.43167  0.00355704
        1348    -3.32108    -3.43159  0.00355534
        1349    -3.29329    -3.43148  0.00355418
        1350    -3.34481    -3.43142  0.00355213
        1351    -3.41786    -3.43141  0.00354952
        1352    -3.45965    -3.43143  0.00354695
        1353    -3.37804    -3.43139  0.00354455
        1354    -3.41766    -3.43138  0.00354195
        1355    -3.43303    -3.43138  0.00353933
        1356    -3.46775    -3.43141  0.00353682
        1357    -3.51449    -3.43147  0.00353475
        1358    -3.43148    -3.43147  0.00353215
        1359    -3.45446    -3.43149  0.00352959
        1360    -3.49779    -3.43154  0.00352733
        1361    -3.40306    -3.43151   0.0035248
        1362    -3.53684    -3.43159  0.00352306
        1363    -3.46323    -3.43161  0.00352055
        1364    -3.51148    -3.43167  0.00351846
        1365    -3.39516    -3.43165  0.00351598
        1366    -3.32909    -3.43157  0.00351421
        1367    -3.38609    -3.43154  0.00351179
        1368    -3.46019    -3.43156  0.00350929
        1369    -3.36506    -3.43151  0.00350706
        1370    -3.34488    -3.43145  0.00350507
        1371    -3.37429    -3.43141  0.00350276
        1372    -3.33171    -3.43133  0.00350097
        1373    -3.32462    -3.43126  0.00349928
        1374    -3.31601    -3.43117  0.00349774
        1375    -3.32205    -3.43109  0.00349609
        1376    -3.30766      -3.431   0.0034947
        1377    -3.37449    -3.43096  0.00349241
        1378     -3.2978    -3.43086  0.00349121
        1379    -3.35337    -3.43081  0.00348913
        1380     -3.3615    -3.43076  0.00348696
        1381     -3.4135    -3.43075  0.00348446
        1382    -3.49237    -3.43079  0.00348222
        1383    -3.43216    -3.43079  0.00347971
        1384     -3.5022    -3.43084  0.00347757
        1385    -3.49051    -3.43089  0.00347533
        1386    -3.48707    -3.43093  0.00347306
        1387    -3.51444    -3.43099  0.00347108
        1388    -3.40974    -3.43097  0.00346861
        1389    -3.34185    -3.43091  0.00346671
        1390    -3.37135    -3.43086  0.00346448
        1391    -3.31189    -3.43078  0.00346304
        1392    -3.38074    -3.43074  0.00346074
        1393     -3.3578    -3.43069  0.00345865
        1394    -3.34173    -3.43063  0.00345676
        1395    -3.34089    -3.43056  0.00345488
        1396    -3.27058    -3.43045  0.00345431
        1397    -3.20218    -3.43028  0.00345569
        1398    -3.27259    -3.43017  0.00345506
        1399    -3.29123    -3.43007  0.00345402
        1400    -3.42433    -3.43007  0.00345156
        1401    -3.48067     -3.4301  0.00344928
        1402    -3.52026    -3.43017  0.00344742
        1403     -3.5342    -3.43024  0.00344576
        1404    -3.48001    -3.43028  0.00344349
        1405    -3.47495    -3.43031  0.00344118
        1406    -3.43295    -3.43031  0.00343874
        1407    -3.42889    -3.43031  0.00343629
        1408    -3.29892    -3.43022  0.00343512
        1409     -3.3319    -3.43015  0.00343339
        1410     -3.4232    -3.43014  0.00343096
        1411    -3.41618    -3.43013  0.00342854
        1412    -3.39802    -3.43011  0.00342619
        1413    -3.34663    -3.43005  0.00342427
        1414    -3.31208    -3.42997  0.00342287
        1415    -3.35226    -3.42991  0.00342089
        1416    -3.44967    -3.42993   0.0034185
        1417    -3.44608    -3.42994  0.00341611
        1418    -3.44227    -3.42995  0.00341371
        1419    -3.56181    -3.43004  0.00341257
        1420    -3.46453    -3.43006  0.00341025
        1421    -3.46524    -3.43009  0.00340794
        1422    -3.43071    -3.43009  0.00340555
        1423     -3.4295    -3.43009  0.00340315
        1424    -3.46514    -3.43011  0.00340085
        1425    -3.29849    -3.43002  0.00339972
        1426    -3.30784    -3.42994  0.00339842
        1427    -3.23307     -3.4298  0.00339883
        1428    -3.29112     -3.4297  0.00339784
        1429     -3.3497    -3.42964  0.00339592
        1430    -3.42437    -3.42964  0.00339355
        1431    -3.40442    -3.42962  0.00339122
        1432    -3.42066    -3.42962  0.00338886
        1433    -3.37087    -3.42958  0.00338675
        1434    -3.48538    -3.42961  0.00338461
        1435    -3.43296    -3.42962  0.00338225
        1436    -3.45262    -3.42963  0.00337993
        1437    -3.40587    -3.42962  0.00337762
        1438    -3.34337    -3.42956   0.0033758
        1439    -3.40601    -3.42954   0.0033735
        1440    -3.43197    -3.42954  0.00337116
        1441    -3.43249    -3.42954  0.00336882
        1442    -3.48019    -3.42958  0.00336666
        1443    -3.47883    -3.42961   0.0033645
        1444    -3.43306    -3.42962  0.00336217
        1445    -3.24789    -3.42949   0.0033622
        1446     -3.3821    -3.42946  0.00336003
        1447    -3.28085    -3.42935  0.00335928
        1448    -3.24641    -3.42923  0.00335934
        1449    -3.26496    -3.42911  0.00335893
        1450     -3.3287    -3.42905  0.00335733
        1451    -3.24087    -3.42892  0.00335752
        1452    -3.29465    -3.42882  0.00335648
        1453    -3.27504    -3.42872  0.00335584
        1454     -3.2987    -3.42863  0.00335472
        1455    -3.35766    -3.42858  0.00335277
        1456    -3.38111    -3.42855  0.00335062
        1457    -3.36496     -3.4285  0.00334861
        1458    -3.53027    -3.42857  0.00334704
        1459    -3.50677    -3.42863  0.00334517
        1460    -3.46189    -3.42865  0.00334296
        1461    -3.45672    -3.42867  0.00334073
        1462    -3.50934    -3.42872   0.0033389
        1463    -3.34735    -3.42867  0.00333708
        1464    -3.31485    -3.42859   0.0033357
        1465    -3.30665    -3.42851  0.00333447
        1466    -3.38738    -3.42848  0.00333231
        1467    -3.42444    -3.42848  0.00333004
        1468    -3.34688    -3.42842  0.00332823
        1469    -3.43731    -3.42843  0.00332597
        1470    -3.42479    -3.42842  0.00332371
        1471    -3.39409     -3.4284  0.00332154
        1472    -3.33384    -3.42834   0.0033199
        1473    -3.39915    -3.42832  0.00331771
        1474    -3.41667    -3.42831  0.00331546
        1475    -3.33702    -3.42825  0.00331379
        1476    -3.35699     -3.4282   0.0033119
        1477    -3.31813    -3.42812   0.0033105
        1478    -3.31868    -3.42805  0.00330908
        1479    -3.35448      -3.428  0.00330722
        1480    -3.26293    -3.42789  0.00330687
        1481    -3.27048    -3.42778  0.00330634
        1482    -3.32189    -3.42771  0.00330488
        1483    -3.38739    -3.42768  0.00330277
        1484    -3.38209    -3.42765  0.00330068
        1485    -3.53499    -3.42773  0.00329925
        1486    -3.50614    -3.42778  0.00329745
        1487    -3.46847    -3.42781  0.00329535
        1488    -3.41662     -3.4278  0.00329314
        1489     -3.3045    -3.42772  0.00329197
        1490    -3.40853     -3.4277  0.00328979
        1491    -3.44673    -3.42772  0.00328761
        1492    -3.52308    -3.42778  0.00328602
        1493    -3.42258    -3.42778  0.00328383
        1494    -3.48546    -3.42781  0.00328185
        1495    -3.51738    -3.42787  0.00328021
        1496    -3.49667    -3.42792  0.00327834
        1497    -3.43824    -3.42793  0.00327615
        1498    -3.51236    -3.42798  0.00327445
        1499    -3.43486    -3.42799  0.00327227
        1500    -3.42675    -3.42799  0.00327009
        1501    -3.41991    -3.42798  0.00326791
        1502    -3.37573    -3.42795  0.00326592
        1503    -3.33482    -3.42789  0.00326434
        1504    -3.31286    -3.42781  0.00326306
        1505    -3.30267    -3.42773  0.00326195
        1506    -3.24441     -3.4276  0.00326206
        1507    -3.32519    -3.42754   0.0032606
        1508    -3.25569    -3.42742  0.00326043
        1509    -3.30112    -3.42734  0.00325934
        1510    -3.30197    -3.42726  0.00325824
        1511    -3.27396    -3.42715  0.00325767
        1512    -3.30421    -3.42707  0.00325653
        1513    -3.32856    -3.42701  0.00325502
        1514    -3.35077    -3.42696  0.00325326
        1515    -3.28844    -3.42687   0.0032524
        1516    -3.31255    -3.42679  0.00325113
        1517    -3.33116    -3.42673   0.0032496
        1518    -3.24834    -3.42661  0.00324958
        1519    -3.32939    -3.42655  0.00324807
        1520    -3.32346    -3.42648  0.00324664
        1521    -3.36732    -3.42644  0.00324474
        1522    -3.27509    -3.42634  0.00324413
        1523    -3.30235    -3.42626  0.00324302
        1524    -3.29643    -3.42617  0.00324201
        1525    -3.29729    -3.42609  0.00324099
        1526    -3.27581    -3.42599  0.00324036
        1527     -3.3774    -3.42596   0.0032384
        1528    -3.32721    -3.42589  0.00323692
        1529    -3.35315    -3.42585  0.00323515
        1530    -3.33324    -3.42579  0.00323361
        1531    -3.35744    -3.42574   0.0032318
        1532    -3.44728    -3.42575  0.00322972
        1533    -3.38139    -3.42573  0.00322775
        1534    -3.31807    -3.42566   0.0032264
        1535    -3.19672    -3.42551  0.00322775
        1536    -3.29104    -3.42542  0.00322683
        1537     -3.2603    -3.42531  0.00322652
        1538    -3.31429    -3.42524  0.00322523
        1539    -3.30585    -3.42516  0.00322407
        1540    -3.29577    -3.42508  0.00322307
        1541    -3.24609    -3.42496  0.00322307
        1542    -3.27003    -3.42486  0.00322255
        1543    -3.26823    -3.42476  0.00322206
        1544    -3.24778    -3.42464  0.00322201
        1545     -3.3899    -3.42462     0.00322
        1546    -3.35459    -3.42458  0.00321824
        1547    -3.35965    -3.42454  0.00321643
        1548     -3.3303    -3.42447  0.00321493
        1549    -3.30787     -3.4244  0.00321373
        1550     -3.3146    -3.42433  0.00321244
        1551    -3.26091    -3.42422   0.0032121
        1552    -3.25733    -3.42412  0.00321183
        1553    -3.26285    -3.42401  0.00321144
        1554    -3.34803    -3.42396  0.00320974
        1555    -3.38996    -3.42394  0.00320775
        1556    -3.42229    -3.42394  0.00320569
        1557    -3.35765     -3.4239  0.00320392
        1558    -3.44447    -3.42391  0.00320189
        1559     -3.4555    -3.42393   0.0031999
        1560     -3.4536    -3.42395   0.0031979
        1561    -3.44041    -3.42396  0.00319587
        1562    -3.46697    -3.42399  0.00319394
        1563    -3.40905    -3.42398  0.00319191
        1564    -3.46332      -3.424  0.00318997
        1565    -3.43741    -3.42401  0.00318795
        1566    -3.43567    -3.42402  0.00318592
        1567    -3.41531    -3.42401  0.00318389
        1568    -3.43786    -3.42402  0.00318187
        1569    -3.42419    -3.42402  0.00317984
        1570    -3.47428    -3.42405  0.00317798
        1571    -3.39277    -3.42403  0.00317602
        1572    -3.39764    -3.42402  0.00317404
        1573    -3.34369    -3.42397  0.00317244
        1574    -3.30965    -3.42389  0.00317125
        1575    -3.28924    -3.42381  0.00317039
        1576    -3.28954    -3.42372  0.00316952
        1577    -3.20136    -3.42358  0.00317065
        1578    -3.15856    -3.42341  0.00317308
        1579    -3.18872    -3.42327  0.00317455
        1580     -3.2193    -3.42314  0.00317517
        1581    -3.42487    -3.42314  0.00317316
        1582    -3.41242    -3.42313  0.00317116
        1583    -3.34173    -3.42308  0.00316958
        1584    -3.37081    -3.42305  0.00316775
        1585    -3.32454    -3.42298  0.00316636
        1586    -3.36668    -3.42295  0.00316456
        1587    -3.45552    -3.42297  0.00316263
        1588    -3.47067      -3.423  0.00316078
        1589    -3.45714    -3.42302  0.00315887
        1590    -3.45994    -3.42304  0.00315697
        1591    -3.54018    -3.42312  0.00315584
        1592    -3.53607    -3.42319  0.00315465
        1593     -3.5711    -3.42328  0.00315404
        1594    -3.48829    -3.42332  0.00315233
        1595    -3.49762    -3.42337  0.00315069
        1596    -3.48035     -3.4234  0.00314892
        1597    -3.52853    -3.42347  0.00314764
        1598    -3.52042    -3.42353  0.00314625
        1599    -3.39375    -3.42351  0.00314434
        1600    -3.35207    -3.42347  0.00314269
        1601    -3.43362    -3.42347  0.00314074
        1602    -3.45317    -3.42349  0.00313883
        1603    -3.38215    -3.42347  0.00313698
        1604    -3.45363    -3.42349  0.00313508
        1605    -3.40123    -3.42347  0.00313316
        1606    -3.35346    -3.42343  0.00313151
        1607    -3.32891    -3.42337  0.00313011
        1608    -3.36966    -3.42334  0.00312834
        1609    -3.40073    -3.42332  0.00312643
        1610    -3.48474    -3.42336  0.00312472
        1611    -3.44652    -3.42337  0.00312281
        1612    -3.47227     -3.4234  0.00312102
        1613    -3.40523    -3.42339  0.00311911
        1614      -3.341    -3.42334   0.0031176
        1615    -3.44185    -3.42335  0.00311569
        1616     -3.3594    -3.42331  0.00311401
        1617    -3.40742     -3.4233   0.0031121
        1618    -3.46395    -3.42333  0.00311028
        1619    -3.47417    -3.42336  0.00310851
        1620    -3.44831    -3.42338  0.00310663
        1621    -3.39398    -3.42336  0.00310477
        1622    -3.38731    -3.42334  0.00310294
        1623    -3.45263    -3.42335  0.00310108
        1624    -3.47837    -3.42339  0.00309935
        1625    -3.43015    -3.42339  0.00309745
        1626     -3.3939    -3.42337   0.0030956
        1627    -3.35087    -3.42333  0.00309401
        1628    -3.44595    -3.42334  0.00309214
        1629    -3.36087    -3.42331  0.00309048
        1630     -3.3975    -3.42329  0.00308863
        1631    -3.41153    -3.42328  0.00308674
        1632    -3.45412     -3.4233  0.00308491
        1633    -3.45561    -3.42332  0.00308308
        1634    -3.40647    -3.42331  0.00308121
        1635    -3.30818    -3.42324  0.00308013
        1636      -3.385    -3.42322  0.00307834
        1637    -3.25017    -3.42311  0.00307827
        1638    -3.20987    -3.42298  0.00307915
        1639    -3.09905    -3.42278   0.0030836
        1640    -3.16943    -3.42263  0.00308559
        1641    -3.23033    -3.42251  0.00308594
        1642     -3.1793    -3.42236  0.00308761
        1643    -3.35376    -3.42232  0.00308601
        1644    -3.37954     -3.4223  0.00308424
        1645    -3.35112    -3.42225  0.00308267
        1646    -3.25425    -3.42215  0.00308249
        1647    -3.20047    -3.42202  0.00308355
        1648    -3.23398     -3.4219  0.00308379
        1649    -3.20613    -3.42177   0.0030847
        1650    -3.25187    -3.42167  0.00308455
        1651    -3.34177    -3.42162  0.00308306
        1652    -3.24309    -3.42151  0.00308309
        1653     -3.3181    -3.42145  0.00308186
        1654    -3.28709    -3.42137  0.00308106
        1655    -3.36408    -3.42133   0.0030794
        1656    -3.34649    -3.42129  0.00307787
        1657    -3.29139    -3.42121  0.00307701
        1658    -3.28142    -3.42113  0.00307631
        1659    -3.30535    -3.42106  0.00307524
        1660    -3.29155    -3.42098  0.00307438
        1661    -3.33617    -3.42093  0.00307295
        1662    -3.30353    -3.42086  0.00307192
        1663    -3.30716    -3.42079  0.00307083
        1664    -3.32066    -3.42073  0.00306957
        1665    -3.25701    -3.42063  0.00306931
        1666    -3.31569    -3.42057  0.00306811
        1667     -3.3059     -3.4205  0.00306704
        1668    -3.25273     -3.4204  0.00306685
        1669    -3.30206    -3.42033  0.00306583
        1670    -3.39289    -3.42031  0.00306404
        1671    -3.34742    -3.42027  0.00306252
        1672    -3.32648    -3.42021   0.0030612
        1673    -3.30752    -3.42014  0.00306011
        1674    -3.37095    -3.42011  0.00305842
        1675      -3.347    -3.42007  0.00305691
        1676    -3.35479    -3.42003  0.00305533
        1677    -3.32043    -3.41997  0.00305409
        1678    -3.36777    -3.41994  0.00305243
        1679    -3.39283    -3.41992  0.00305065
        1680    -3.33497    -3.41987  0.00304925
        1681     -3.2612    -3.41978   0.0030489
        1682    -3.31572    -3.41972  0.00304772
        1683    -3.28218    -3.41963    0.003047
        1684    -3.25303    -3.41954   0.0030468
        1685    -3.38111    -3.41951  0.00304507
        1686    -3.32862    -3.41946  0.00304374
        1687    -3.32269     -3.4194  0.00304248
        1688    -3.29592    -3.41933  0.00304156
        1689    -3.19244    -3.41919  0.00304272
        1690    -3.21618    -3.41907  0.00304329
        1691    -3.19097    -3.41894  0.00304448
        1692    -3.15583    -3.41878  0.00304665
        1693    -3.16025    -3.41863  0.00304867
        1694    -3.13132    -3.41846  0.00305159
        1695    -3.15399    -3.41831  0.00305378
        1696    -3.15406    -3.41815  0.00305595
        1697    -3.22055    -3.41803  0.00305636
        1698    -3.18188    -3.41789  0.00305773
        1699    -3.20552    -3.41777  0.00305848
        1700    -3.28862    -3.41769  0.00305763
        1701     -3.2461    -3.41759  0.00305749
        1702    -3.26981    -3.41751  0.00305693
        1703    -3.31783    -3.41745  0.00305569
        1704    -3.37978    -3.41742  0.00305398
        1705    -3.43742    -3.41744  0.00305221
        1706    -3.40848    -3.41743  0.00305043
        1707    -3.37304    -3.41741  0.00304875
        1708    -3.40618     -3.4174  0.00304697
        1709    -3.46211    -3.41742   0.0030453
        1710    -3.36749     -3.4174  0.00304366
        1711    -3.33873    -3.41735  0.00304223
        1712     -3.3723    -3.41732  0.00304057
        1713    -3.33924    -3.41728  0.00303913
        1714     -3.2253    -3.41717  0.00303942
        1715    -3.22075    -3.41705  0.00303981
        1716    -3.32112      -3.417  0.00303855
        1717    -3.24005    -3.41689  0.00303853
        1718    -3.21877    -3.41678  0.00303895
        1719    -3.24599    -3.41668   0.0030388
        1720    -3.30519    -3.41661  0.00303773
        1721    -3.36239    -3.41658  0.00303612
        1722    -3.40895    -3.41658  0.00303436
        1723    -3.37599    -3.41655   0.0030327
        1724    -3.28849    -3.41648  0.00303185
        1725     -3.3431    -3.41644  0.00303039
        1726    -3.36642    -3.41641  0.00302877
        1727    -3.29994    -3.41634  0.00302777
        1728    -3.27562    -3.41626  0.00302711
        1729    -3.37299    -3.41623  0.00302546
        1730    -3.43509    -3.41624  0.00302373
        1731    -3.39082    -3.41623  0.00302202
        1732    -3.38067    -3.41621  0.00302035
        1733    -3.34365    -3.41617  0.00301889
        1734    -3.33804    -3.41612  0.00301749
        1735    -3.41108    -3.41612  0.00301575
        1736    -3.37474     -3.4161  0.00301411
        1737    -3.37522    -3.41607  0.00301246
        1738    -3.45219    -3.41609   0.0030108
        1739    -3.40709    -3.41609  0.00300908
        1740    -3.38184    -3.41607  0.00300741
        1741    -3.35657    -3.41603  0.00300588
        1742    -3.42136    -3.41604  0.00300415
        1743       -3.38    -3.41602   0.0030025
        1744    -3.33324    -3.41597  0.00300115
        1745    -3.32445    -3.41592  0.00299989
        1746    -3.46457    -3.41594   0.0029983
        1747    -3.37471    -3.41592  0.00299668
        1748    -3.44123    -3.41594    0.002995
        1749    -3.45723    -3.41596  0.00299338
        1750    -3.40677    -3.41595  0.00299168
        1751    -3.33455    -3.41591  0.00299033
        1752    -3.36418    -3.41588  0.00298877
        1753    -3.38181    -3.41586  0.00298713
        1754    -3.41909    -3.41586  0.00298542
        1755    -3.46889    -3.41589  0.00298388
        1756     -3.4851    -3.41593  0.00298244
        1757    -3.46653    -3.41596  0.00298088
        1758    -3.52603    -3.41602  0.00297984
        1759    -3.43158    -3.41603  0.00297816
        1760     -3.4676    -3.41606  0.00297661
        1761    -3.40696    -3.41605  0.00297493
        1762    -3.47776    -3.41609  0.00297344
        1763    -3.42809     -3.4161  0.00297176
        1764    -3.47273    -3.41613  0.00297025
        1765    -3.48798    -3.41617  0.00296885
        1766    -3.45202    -3.41619  0.00296724
        1767    -3.37547    -3.41617  0.00296565
        1768     -3.3163    -3.41611  0.00296451
        1769    -3.37812    -3.41609  0.00296291
        1770    -3.38059    -3.41607   0.0029613
        1771    -3.45991    -3.41609  0.00295974
        1772    -3.30989    -3.41603  0.00295867
        1773    -3.41758    -3.41603    0.002957
        1774    -3.43126    -3.41604  0.00295535
        1775    -3.31743    -3.41599  0.00295421
        1776    -3.33968    -3.41594  0.00295286
        1777    -3.42321    -3.41595   0.0029512
        1778    -3.44783    -3.41597  0.00294959
        1779     -3.3689    -3.41594  0.00294805
        1780     -3.4163    -3.41594   0.0029464
        1781    -3.30604    -3.41588  0.00294539
        1782     -3.4117    -3.41588  0.00294374
        1783    -3.37508    -3.41585  0.00294217
        1784    -3.35271    -3.41582  0.00294074
        1785    -3.34547    -3.41578  0.00293935
        1786    -3.38108    -3.41576  0.00293777
        1787    -3.41414    -3.41576  0.00293613
        1788    -3.44708    -3.41577  0.00293454
        1789    -3.37028    -3.41575  0.00293301
        1790    -3.42749    -3.41576  0.00293138
        1791    -3.49426     -3.4158  0.00293007
        1792    -3.46877    -3.41583  0.00292858
        1793    -3.34931    -3.41579  0.00292718
        1794     -3.3512    -3.41576  0.00292577
        1795     -3.2882    -3.41569  0.00292501
        1796    -3.24346    -3.41559  0.00292495
        1797    -3.32679    -3.41554  0.00292374
        1798    -3.25585    -3.41545  0.00292346
        1799    -3.18819    -3.41532  0.00292456
        1800    -3.41024    -3.41532  0.00292294
        1801    -3.44851    -3.41534  0.00292138
        1802    -3.48187    -3.41538  0.00291999
        1803    -3.42839    -3.41538  0.00291838
        1804    -3.36027    -3.41535  0.00291692
        1805      -3.265    -3.41527  0.00291649
        1806    -3.25071    -3.41518   0.0029163
        1807    -3.25118    -3.41509   0.0029161
        1808    -3.36497    -3.41506  0.00291462
        1809    -3.34242    -3.41502  0.00291328
        1810    -3.25864    -3.41493  0.00291295
        1811    -3.30896    -3.41488  0.00291193
        1812    -3.33987    -3.41483  0.00291062
        1813    -3.33193    -3.41479  0.00290937
        1814    -3.36637    -3.41476  0.00290789
        1815     -3.4243    -3.41477   0.0029063
        1816    -3.38364    -3.41475  0.00290475
        1817    -3.27569    -3.41467  0.00290416
        1818    -3.25135    -3.41458  0.00290395
        1819    -3.31961    -3.41453  0.00290282
        1820    -3.48363    -3.41457  0.00290147
        1821    -3.44093    -3.41458  0.00289992
        1822    -3.47905    -3.41462  0.00289854
        1823    -3.37973     -3.4146  0.00289701
        1824     -3.4335    -3.41461  0.00289544
        1825    -3.37853    -3.41459  0.00289392
        1826    -3.37114    -3.41457  0.00289244
        1827    -3.42002    -3.41457  0.00289086
        1828    -3.41179    -3.41457  0.00288927
        1829    -3.47162     -3.4146  0.00288786
        1830    -3.49632    -3.41464  0.00288663
        1831    -3.38766    -3.41463  0.00288509
        1832    -3.28786    -3.41456  0.00288435
        1833    -3.30222     -3.4145  0.00288342
        1834     -3.2901    -3.41443  0.00288265
        1835    -3.35293     -3.4144  0.00288127
        1836    -3.34217    -3.41436  0.00287997
        1837    -3.32383    -3.41431  0.00287883
        1838    -3.32853    -3.41426  0.00287764
        1839    -3.27281    -3.41419   0.0028771
        1840    -3.30909    -3.41413   0.0028761
        1841    -3.26597    -3.41405  0.00287567
        1842    -3.32176      -3.414  0.00287454
        1843     -3.4906    -3.41404  0.00287328
        1844    -3.46349    -3.41407  0.00287185
        1845    -3.48054     -3.4141  0.00287052
        1846    -3.48383    -3.41414  0.00286921
        1847    -3.44268    -3.41416   0.0028677
        1848    -3.45039    -3.41418  0.00286622
        1849    -3.45997     -3.4142  0.00286477
        1850    -3.43248    -3.41421  0.00286324
        1851    -3.45292    -3.41423  0.00286177
        1852    -3.40612    -3.41423  0.00286023
        1853    -3.48028    -3.41426  0.00285891
        1854    -3.49688    -3.41431  0.00285771
        1855    -3.39107    -3.41429   0.0028562
        1856    -3.33361    -3.41425  0.00285499
        1857    -3.34884    -3.41422  0.00285367
        1858     -3.3417    -3.41418   0.0028524
        1859    -3.40236    -3.41417  0.00285088
        1860    -3.39792    -3.41416  0.00284936
        1861    -3.45369    -3.41418  0.00284791
        1862    -3.37693    -3.41416  0.00284645
        1863    -3.26495    -3.41408  0.00284604
        1864    -3.29768    -3.41402   0.0028452
        1865    -3.32912    -3.41397  0.00284404
        1866    -3.36232    -3.41395  0.00284265
        1867    -3.44286    -3.41396  0.00284117
        1868    -3.44681    -3.41398  0.00283971
        1869    -3.40433    -3.41397  0.00283819
        1870    -3.48071    -3.41401   0.0028369
        1871    -3.55105    -3.41408  0.00283633
        1872     -3.5721    -3.41417  0.00283607
        1873    -3.59443    -3.41426  0.00283619
        1874    -3.51264    -3.41432  0.00283516
        1875    -3.53802    -3.41438  0.00283441
        1876    -3.44717     -3.4144  0.00283296
        1877    -3.48404    -3.41444  0.00283169
        1878    -3.44746    -3.41445  0.00283024
        1879    -3.44454    -3.41447  0.00282878
        1880    -3.42297    -3.41448  0.00282727
        1881     -3.3846    -3.41446  0.00282582
        1882    -3.29846     -3.4144  0.00282499
        1883    -3.40095    -3.41439   0.0028235
        1884    -3.35402    -3.41436  0.00282218
        1885    -3.46454    -3.41439  0.00282081
        1886    -3.50614    -3.41443  0.00281973
        1887    -3.56136    -3.41451  0.00281931
        1888    -3.54794    -3.41458   0.0028187
        1889    -3.50424    -3.41463  0.00281761
        1890    -3.48373    -3.41467  0.00281636
        1891    -3.44178    -3.41468   0.0028149
        1892    -3.47362    -3.41471  0.00281359
        1893    -3.49262    -3.41475   0.0028124
        1894    -3.49216    -3.41479  0.00281122
        1895    -3.49002    -3.41483  0.00281001
        1896    -3.56024    -3.41491  0.00280958
        1897      -3.559    -3.41499  0.00280912
        1898    -3.54263    -3.41505  0.00280845
        1899    -3.55033    -3.41512  0.00280787
        1900    -3.47416    -3.41516  0.00280657
        1901    -3.45543    -3.41518  0.00280517
        1902    -3.43658    -3.41519  0.00280372
        1903    -3.42576    -3.41519  0.00280225
        1904    -3.43701    -3.41521   0.0028008
        1905    -3.39596     -3.4152  0.00279935
        1906    -3.39814    -3.41519  0.00279789
        1907     -3.4354     -3.4152  0.00279645
        1908    -3.49073    -3.41524  0.00279526
        1909     -3.5244    -3.41529  0.00279438
        1910     -3.4421    -3.41531  0.00279296
        1911    -3.45555    -3.41533  0.00279157
        1912    -3.43993    -3.41534  0.00279014
        1913    -3.43886    -3.41535  0.00278871
        1914    -3.31428     -3.4153  0.00278775
        1915    -3.45466    -3.41532  0.00278637
        1916    -3.39216    -3.41531  0.00278495
        1917    -3.40611     -3.4153   0.0027835
        1918    -3.38283    -3.41529   0.0027821
        1919    -3.30294    -3.41523  0.00278126
        1920    -3.33636    -3.41519  0.00278012
        1921     -3.3239    -3.41514  0.00277908
        1922    -3.49734    -3.41518  0.00277796
        1923    -3.53497    -3.41525  0.00277721
        1924    -3.43145    -3.41525  0.00277578
        1925    -3.43584    -3.41526  0.00277436
        1926     -3.4691    -3.41529  0.00277306
        1927    -3.49449    -3.41533  0.00277193
        1928    -3.36374    -3.41531  0.00277062
        1929    -3.34895    -3.41527   0.0027694
        1930    -3.27673     -3.4152  0.00276889
        1931    -3.31371    -3.41515  0.00276796
        1932    -3.28639    -3.41508  0.00276733
        1933    -3.36736    -3.41506  0.00276601
        1934    -3.45325    -3.41508  0.00276465
        1935    -3.35808    -3.41505  0.00276337
        1936    -3.40407    -3.41504  0.00276195
        1937    -3.42661    -3.41505  0.00276053
        1938    -3.40685    -3.41504  0.00275911
        1939    -3.49614    -3.41509  0.00275801
        1940     -3.5367    -3.41515   0.0027573
        1941    -3.48878    -3.41519  0.00275614
        1942    -3.55807    -3.41526   0.0027557
        1943    -3.50135     -3.4153  0.00275464
        1944    -3.36192    -3.41528  0.00275336
        1945    -3.45513     -3.4153  0.00275202
        1946    -3.37671    -3.41528  0.00275067
        1947    -3.32046    -3.41523  0.00274969
        1948    -3.46287    -3.41525  0.00274839
        1949    -3.45344    -3.41527  0.00274705
        1950    -3.49377    -3.41531  0.00274594
        1951    -3.56671    -3.41539  0.00274563
        1952    -3.52633    -3.41545  0.00274481
        1953    -3.41535    -3.41545   0.0027434
        1954    -3.45148    -3.41547  0.00274206
        1955    -3.48048     -3.4155  0.00274086
        1956    -3.35039    -3.41547  0.00273966
        1957    -3.43658    -3.41548  0.00273828
        1958    -3.38645    -3.41546  0.00273692
        1959    -3.48736     -3.4155  0.00273577
        1960    -3.44983    -3.41552  0.00273443
        1961    -3.39322     -3.4155  0.00273306
        1962    -3.41332     -3.4155  0.00273167
        1963      -3.424    -3.41551  0.00273028
        1964     -3.4123    -3.41551  0.00272889
        1965    -3.29947    -3.41545  0.00272814
        1966    -3.43294    -3.41546  0.00272677
        1967    -3.42393    -3.41546  0.00272538
        1968    -3.43273    -3.41547  0.00272401
        1969    -3.38247    -3.41545  0.00272268
        1970    -3.43522    -3.41546  0.00272132
        1971    -3.38262    -3.41545  0.00271999
        1972     -3.4902    -3.41548  0.00271887
        1973    -3.44351     -3.4155  0.00271753
        1974    -3.44558    -3.41551   0.0027162
        1975    -3.47444    -3.41554  0.00271499
        1976    -3.41939    -3.41554  0.00271361
        1977    -3.40192    -3.41554  0.00271225
        1978     -3.3849    -3.41552  0.00271092
        1979    -3.34673    -3.41549  0.00270978
        1980    -3.44808     -3.4155  0.00270846
        1981    -3.43437    -3.41551  0.00270711
        1982    -3.46144    -3.41554  0.00270584
        1983     -3.4573    -3.41556  0.00270456
        1984     -3.4471    -3.41557  0.00270324
        1985    -3.49296    -3.41561  0.00270216
        1986    -3.39293     -3.4156  0.00270082
        1987    -3.37378    -3.41558  0.00269955
        1988    -3.36883    -3.41556  0.00269829
        1989    -3.38738    -3.41554  0.00269697
        1990    -3.37622    -3.41552  0.00269569
        1991    -3.38146    -3.41551  0.00269439
        1992    -3.24912    -3.41542  0.00269433
        1993    -3.44348    -3.41544  0.00269302
        1994    -3.45644    -3.41546  0.00269174
        1995    -3.36932    -3.41543  0.00269049
        1996    -3.33562    -3.41539  0.00268944
        1997    -3.38917    -3.41538  0.00268813
        1998    -3.46179     -3.4154  0.00268688
        1999    -3.38982    -3.41539  0.00268557
        2000     -3.4869    -3.41543  0.00268446
