           1        1.65        1.65           0
           2        1.65        1.65           0
           3        1.65        1.65           0
           4        1.65        1.65           0
           5        1.65        1.65  1.3328e-08
           6        1.65        1.65           0
           7        1.65        1.65 7.96501e-09
           8        1.65        1.65           0
           9        1.65        1.65           0
          10        1.65        1.65   6.664e-09
          11        1.65        1.65 6.35388e-09
          12        1.65        1.65 8.60319e-09
          13        1.65        1.65 5.84472e-09
          14        1.65        1.65 5.63211e-09
          15        1.65        1.65 9.42432e-09
          16        1.65        1.65 9.12506e-09
          17        1.65        1.65 8.85261e-09
          18        1.65        1.65 8.60319e-09
          19        1.65        1.65 1.08104e-08
          20        1.65        1.65 1.05367e-08
          21        1.65        1.65 7.96501e-09
          22        1.65        1.65 6.35388e-09
          23        1.65        1.65           0
          24        1.65        1.65           0
          25        1.65        1.65           0
          26        1.65        1.65           0
          27        1.65        1.65 4.05558e-09
          28        1.65        1.65  3.9825e-09
          29        1.65        1.65           0
          30        1.65        1.65           0
          31        1.65        1.65  3.7849e-09
          32        1.65        1.65 3.72529e-09
          33        1.65        1.65 3.66841e-09
          34        1.65        1.65           0
          35        1.65        1.65 3.56206e-09
          36        1.65        1.65 3.51224e-09
          37        1.65        1.65 3.46445e-09
          38        1.65        1.65           0
          39        1.65        1.65           0
          40        1.65        1.65   3.332e-09
          41        1.65        1.65 5.70038e-09
          42        1.65        1.65  6.5034e-09
          43        1.65        1.65 7.87184e-09
          44        1.65        1.65 7.78188e-09
          45        1.65        1.65 8.31147e-09
          46        1.65        1.65 8.22063e-09
          47        1.65        1.65 9.72045e-09
          48        1.65        1.65 9.12506e-09
          49        1.65        1.65 9.03147e-09
          50        1.65        1.65 9.88431e-09
          51        1.65        1.65 9.78693e-09
          52        1.65        1.65 1.05367e-08
          53        1.65        1.65 1.04368e-08
          54        1.65        1.65 1.03397e-08
          55        1.65        1.65 1.10052e-08
          56        1.65        1.65 1.09065e-08
          57        1.65        1.65 1.08104e-08
          58        1.65        1.65 1.07168e-08
          59        1.65        1.65 1.13118e-08
          60        1.65        1.65 1.15424e-08
          61        1.65        1.65 1.14474e-08
          62        1.65        1.65 1.16658e-08
          63        1.65        1.65 1.15729e-08
          64        1.65        1.65 1.14821e-08
          65        1.65        1.65 1.13934e-08
          66        1.65        1.65 1.13068e-08
          67        1.65        1.65  1.1798e-08
          68        1.65        1.65 1.17109e-08
          69        1.65        1.65 1.16257e-08
          70        1.65        1.65  1.1814e-08
          71        1.65        1.65 1.17305e-08
          72        1.65        1.65 1.19106e-08
          73        1.65        1.65 1.18287e-08
          74        1.65        1.65 1.17485e-08
          75        1.65        1.65 1.16699e-08
          76        1.65        1.65 1.15929e-08
          77        1.65        1.65 1.20077e-08
          78        1.65        1.65 1.14433e-08
          79        1.65        1.65 1.13707e-08
          80        1.65        1.65 1.12994e-08
          81        1.65        1.65 1.12294e-08
          82        1.65        1.65 1.16359e-08
          83        1.65        1.65 1.15655e-08
          84        1.65        1.65 1.14965e-08
          85        1.65        1.65 1.14287e-08
          86        1.65        1.65  1.1587e-08
          87        1.65        1.65 1.15203e-08
          88        1.65        1.65 1.14546e-08
          89        1.65        1.65 1.13901e-08
          90        1.65        1.65 1.17542e-08
          91        1.65        1.65 1.16894e-08
          92        1.65        1.65 1.16257e-08
          93        1.65        1.65 1.15631e-08
          94        1.65        1.65 1.15014e-08
          95        1.65        1.65 1.12345e-08
          96        1.65        1.65 1.11759e-08
          97        1.65        1.65 1.09103e-08
          98        1.65        1.65 1.08545e-08
          99        1.65        1.65 1.07995e-08
         100        1.65        1.65 1.05367e-08
         101        1.65        1.65 1.04844e-08
         102        1.65        1.65 1.02221e-08
         103        1.65        1.65 1.01724e-08
         104        1.65        1.65  9.9102e-09
         105        1.65        1.65 9.86289e-09
         106        1.65        1.65 9.60049e-09
         107        1.65        1.65 9.55553e-09
         108        1.65        1.65 9.72494e-09
         109        1.65        1.65 9.68023e-09
         110        1.65        1.65 9.42432e-09
         111        1.65        1.65 9.38177e-09
         112        1.65        1.65 9.12506e-09
         113        1.65        1.65 9.08459e-09
         114        1.65        1.65 8.82669e-09
         115        1.65        1.65 8.78823e-09
         116        1.65        1.65 8.75026e-09
         117        1.65        1.65 8.49218e-09
         118        1.65        1.65 8.45612e-09
         119        1.65        1.65 8.19592e-09
         120        1.65        1.65  8.1617e-09
         121        1.65        1.65 8.56757e-09
         122        1.65        1.65 8.31634e-09
         123        1.65        1.65 8.28246e-09
         124        1.65        1.65 8.02898e-09
         125        1.65        1.65  7.9968e-09
         126        1.65        1.65 7.96501e-09
         127        1.65        1.65 7.71006e-09
         128        1.65        1.65 7.67988e-09
         129        1.65        1.65 7.65006e-09
         130        1.65        1.65 7.39305e-09
         131        1.65        1.65 7.36477e-09
         132        1.65        1.65 7.33682e-09
         133        1.65        1.65 7.07709e-09
         134        1.65        1.65 7.05064e-09
         135        1.65        1.65 7.02447e-09
         136        1.65        1.65 6.76129e-09
         137        1.65        1.65 6.97301e-09
         138        1.65        1.65  6.9477e-09
         139        1.65        1.65 6.92267e-09
         140        1.65        1.65   6.664e-09
         141        1.65        1.65 6.64033e-09
         142        1.65        1.65 6.61691e-09
         143        1.65        1.65 6.35388e-09
         144        1.65        1.65 6.33178e-09
         145        1.65        1.65  6.3099e-09
         146        1.65        1.65 6.28826e-09
         147        1.65        1.65 6.02098e-09
         148        1.65        1.65  6.0006e-09
         149        1.65        1.65 5.98043e-09
         150        1.65        1.65 5.96046e-09
         151        1.65        1.65 5.68778e-09
         152        1.65        1.65 5.66904e-09
         153        1.65        1.65 5.65049e-09
         154        1.65        1.65 5.63211e-09
         155        1.65        1.65 5.35266e-09
         156        1.65        1.65 5.33547e-09
         157        1.65        1.65 5.31845e-09
         158        1.65        1.65 5.02953e-09
         159        1.65        1.65 4.09366e-09
         160        1.65        1.65   3.332e-09
         161        1.65        1.65 3.32164e-09
         162        1.65        1.65 2.86773e-09
         163        1.65        1.65  1.6506e-09
         164        1.65        1.65           0
         165        1.65        1.65 2.32011e-09
         166        1.65        1.65 2.83297e-09
         167        1.65        1.65 3.64638e-09
         168        1.65        1.65 3.63551e-09
         169        1.65        1.65 4.28885e-09
         170        1.65        1.65 4.84877e-09
         171        1.65        1.65 4.83458e-09
         172        1.65        1.65 5.32926e-09
         173        1.65        1.65 5.31384e-09
         174        1.65        1.65 5.76013e-09
         175        1.65        1.65 6.16967e-09
         176        1.65        1.65 6.15211e-09
         177        1.65        1.65  6.5309e-09
         178        1.65        1.65 6.70134e-09
         179        1.65        1.65 6.86571e-09
         180        1.65        1.65 7.19794e-09
         181        1.65        1.65 7.17803e-09
         182        1.65        1.65 7.49141e-09
         183        1.65        1.65 7.47091e-09
         184        1.65        1.65 7.61083e-09
         185        1.65        1.65 8.05065e-09
         186        1.65        1.65 8.02898e-09
         187        1.65        1.65 8.29876e-09
         188        1.65        1.65 8.27666e-09
         189        1.65        1.65 8.39585e-09
         190        1.65        1.65 8.23298e-09
         191        1.65        1.65 8.48984e-09
         192        1.65        1.65    8.33e-09
         193        1.65        1.65 8.58087e-09
         194        1.65        1.65 8.42394e-09
         195        1.65        1.65 8.53675e-09
         196        1.65        1.65 8.38085e-09
         197        1.65        1.65   8.625e-09
         198        1.65        1.65 8.47184e-09
         199        1.65        1.65  8.7106e-09
         200        1.65        1.65 8.56007e-09
         201        1.65        1.65 8.66715e-09
         202        1.65        1.65 8.51758e-09
         203        1.65        1.65 8.75026e-09
         204        1.65        1.65 8.60319e-09
         205        1.65        1.65 8.70747e-09
         206        1.65        1.65 8.56132e-09
         207        1.65        1.65 8.54062e-09
         208        1.65        1.65 8.76707e-09
         209        1.65        1.65 8.62375e-09
         210        1.65        1.65 8.84558e-09
         211        1.65        1.65 8.70453e-09
         212        1.65        1.65 8.80376e-09
         213        1.65        1.65 8.78307e-09
         214        1.65        1.65  8.6433e-09
         215        1.65        1.65 8.85947e-09
         216        1.65        1.65 8.72186e-09
         217        1.65        1.65 8.93383e-09
         218        1.65        1.65 8.91331e-09
         219        1.65        1.65 8.77819e-09
         220        1.65        1.65 8.87271e-09
         221        1.65        1.65 8.73838e-09
         222        1.65        1.65 8.94517e-09
         223        1.65        1.65 8.92509e-09
         224        1.65        1.65 8.79313e-09
         225        1.65        1.65 8.99572e-09
         226        1.65        1.65 8.97579e-09
         227        1.65        1.65   8.956e-09
         228        1.65        1.65 8.93634e-09
         229        1.65        1.65 8.80739e-09
         230        1.65        1.65 9.00525e-09
         231        1.65        1.65 8.98574e-09
         232        1.65        1.65 8.85897e-09
         233        1.65        1.65 9.05298e-09
         234        1.65        1.65 9.03361e-09
         235        1.65        1.65 8.90894e-09
         236        1.65        1.65 8.99525e-09
         237        1.65        1.65 8.97625e-09
         238        1.65        1.65 8.85261e-09
         239        1.65        1.65 9.04196e-09
         240        1.65        1.65  9.0231e-09
         241        1.65        1.65 8.90145e-09
         242        1.65        1.65 9.08728e-09
         243        1.65        1.65 9.06856e-09
         244        1.65        1.65 9.04996e-09
         245        1.65        1.65 9.03147e-09
         246        1.65        1.65 9.01309e-09
         247        1.65        1.65 8.99483e-09
         248        1.65        1.65 9.07587e-09
         249        1.65        1.65 9.05763e-09
         250        1.65        1.65 9.03949e-09
         251        1.65        1.65   9.119e-09
         252        1.65        1.65 9.10089e-09
         253        1.65        1.65 9.08288e-09
         254        1.65        1.65 9.06499e-09
         255        1.65        1.65 9.04719e-09
         256        1.65        1.65 9.02951e-09
         257        1.65        1.65 9.01192e-09
         258        1.65        1.65 9.08962e-09
         259        1.65        1.65 9.07206e-09
         260        1.65        1.65  9.0546e-09
         261        1.65        1.65 9.03723e-09
         262        1.65        1.65 9.01997e-09
         263        1.65        1.65 9.00281e-09
         264        1.65        1.65 8.98574e-09
         265        1.65        1.65 9.15371e-09
         266        1.65        1.65 9.04466e-09
         267        1.65        1.65 9.02771e-09
         268        1.65        1.65 9.01085e-09
         269        1.65        1.65  9.1758e-09
         270        1.65        1.65 9.06856e-09
         271        1.65        1.65 9.05181e-09
         272        1.65        1.65 9.03516e-09
         273        1.65        1.65 9.10833e-09
         274        1.65        1.65 9.00212e-09
         275        1.65        1.65 8.98574e-09
         276        1.65        1.65 8.96945e-09
         277        1.65        1.65 9.13055e-09
         278        1.65        1.65 9.02605e-09
         279        1.65        1.65 9.00986e-09
         280        1.65        1.65 8.99376e-09
         281        1.65        1.65 9.15208e-09
         282        1.65        1.65 9.04924e-09
         283        1.65        1.65 9.03324e-09
         284        1.65        1.65 9.01732e-09
         285        1.65        1.65 9.08763e-09
         286        1.65        1.65 8.98574e-09
         287        1.65        1.65 8.97007e-09
         288        1.65        1.65 8.95448e-09
         289        1.65        1.65 8.93898e-09
         290        1.65        1.65 9.09354e-09
         291        1.65        1.65 8.99345e-09
         292        1.65        1.65 8.97804e-09
         293        1.65        1.65 8.96271e-09
         294        1.65        1.65 9.11471e-09
         295        1.65        1.65 9.01615e-09
         296        1.65        1.65  9.0009e-09
         297        1.65        1.65 8.98574e-09
         298        1.65        1.65 8.97065e-09
         299        1.65        1.65 9.03818e-09
         300        1.65        1.65  8.9407e-09
         301        1.65        1.65 8.92583e-09
         302        1.65        1.65 8.91104e-09
         303        1.65        1.65 8.89633e-09
         304        1.65        1.65 9.04466e-09
         305        1.65        1.65 8.94884e-09
         306        1.65        1.65  8.9342e-09
         307        1.65        1.65 8.91964e-09
         308        1.65        1.65 8.90515e-09
         309        1.65        1.65 9.05093e-09
         310        1.65        1.65 8.95671e-09
         311        1.65        1.65 8.94229e-09
         312        1.65        1.65 8.92795e-09
         313        1.65        1.65 8.91368e-09
         314        1.65        1.65 8.97858e-09
         315        1.65        1.65 8.96432e-09
         316        1.65        1.65 8.87127e-09
         317        1.65        1.65 8.85726e-09
         318        1.65        1.65 8.84332e-09
         319        1.65        1.65 8.98574e-09
         320        1.65        1.65 8.97169e-09
         321        1.65        1.65 8.88014e-09
         322        1.65        1.65 8.86634e-09
         323        1.65        1.65 8.85261e-09
         324        1.65        1.65 8.99267e-09
         325        1.65        1.65 8.97882e-09
         326        1.65        1.65 8.96504e-09
         327        1.65        1.65 8.87514e-09
         328        1.65        1.65  8.8616e-09
         329        1.65        1.65 8.84812e-09
         330        1.65        1.65 8.91054e-09
         331        1.65        1.65 8.89707e-09
         332        1.65        1.65 8.88366e-09
         333        1.65        1.65 8.79482e-09
         334        1.65        1.65 8.78164e-09
         335        1.65        1.65 8.76853e-09
         336        1.65        1.65 8.90515e-09
         337        1.65        1.65 8.89192e-09
         338        1.65        1.65 8.87876e-09
         339        1.65        1.65 8.79147e-09
         340        1.65        1.65 8.77853e-09
         341        1.65        1.65 8.76565e-09
         342        1.65        1.65 8.89994e-09
         343        1.65        1.65 8.88695e-09
         344        1.65        1.65 8.87403e-09
         345        1.65        1.65 8.78823e-09
         346        1.65        1.65 8.77552e-09
         347        1.65        1.65 8.76286e-09
         348        1.65        1.65 8.82288e-09
         349        1.65        1.65 8.81023e-09
         350        1.65        1.65 8.79764e-09
         351        1.65        1.65  8.7851e-09
         352        1.65        1.65  8.7004e-09
         353        1.65        1.65 8.68807e-09
         354        1.65        1.65 8.67579e-09
         355        1.65        1.65 8.80677e-09
         356        1.65        1.65 8.79439e-09
         357        1.65        1.65 8.78207e-09
         358        1.65        1.65 8.69878e-09
         359        1.65        1.65 8.68666e-09
         360        1.65        1.65 8.67459e-09
         361        1.65        1.65 8.73328e-09
         362        1.65        1.65 8.72121e-09
         363        1.65        1.65 8.70919e-09
         364        1.65        1.65 8.69722e-09
         365        1.65        1.65 8.61497e-09
         366        1.65        1.65 8.60319e-09
         367        1.65        1.65 8.59146e-09
         368        1.65        1.65  8.7193e-09
         369        1.65        1.65 8.70747e-09
         370        1.65        1.65  8.6957e-09
         371        1.65        1.65 8.68397e-09
         372        1.65        1.65 8.67229e-09
         373        1.65        1.65 8.59165e-09
         374        1.65        1.65 8.58016e-09
         375        1.65        1.65 8.56871e-09
         376        1.65        1.65 8.69423e-09
         377        1.65        1.65 8.75026e-09
         378        1.65        1.65 8.73868e-09
         379        1.65        1.65 8.79402e-09
         380        1.65        1.65 8.78244e-09
         381        1.65        1.65 8.83711e-09
         382        1.65        1.65 8.82553e-09
         383        1.65        1.65 8.94459e-09
         384        1.65        1.65 8.93293e-09
         385        1.65        1.65 8.98574e-09
         386        1.65        1.65 8.97409e-09
         387        1.65        1.65 9.02628e-09
         388        1.65        1.65 9.01464e-09
         389        1.65        1.65 9.06623e-09
         390        1.65        1.65  9.0546e-09
         391        1.65        1.65 9.22948e-09
         392        1.65        1.65  9.2177e-09
         393        1.65        1.65 9.26714e-09
         394        1.65        1.65 9.25537e-09
         395        1.65        1.65 9.30426e-09
         396        1.65        1.65 9.29251e-09
         397        1.65        1.65 9.34087e-09
         398        1.65        1.65 9.32912e-09
         399        1.65        1.65 9.49492e-09
         400        1.65        1.65 9.48304e-09
         401        1.65        1.65 9.52949e-09
         402        1.65        1.65 9.51763e-09
         403        1.65        1.65 9.56361e-09
         404        1.65        1.65 9.55176e-09
         405        1.65        1.65 9.59726e-09
         406        1.65        1.65 9.58543e-09
         407        1.65        1.65 9.63047e-09
         408        1.65        1.65 9.67507e-09
         409        1.65        1.65 9.71926e-09
         410        1.65        1.65  9.7074e-09
         411        1.65        1.65 9.75114e-09
         412        1.65        1.65  9.7393e-09
         413        1.65        1.65 9.78262e-09
         414        1.65        1.65  9.7708e-09
         415        1.65        1.65 9.75902e-09
         416        1.65        1.65 9.80189e-09
         417        1.65        1.65 9.89831e-09
         418        1.65        1.65 9.94005e-09
         419        1.65        1.65 9.92818e-09
         420        1.65        1.65 9.96952e-09
         421        1.65        1.65 9.95768e-09
         422        1.65        1.65 9.99863e-09
         423        1.65        1.65 9.98681e-09
         424        1.65        1.65 9.97502e-09
         425        1.65        1.65 1.00156e-08
         426        1.65        1.65 1.01075e-08
         427        1.65        1.65  1.0147e-08
         428        1.65        1.65 1.01352e-08
         429        1.65        1.65 1.01743e-08
         430        1.65        1.65 1.01625e-08
         431        1.65        1.65 1.01507e-08
         432        1.65        1.65 1.01895e-08
         433        1.65        1.65 1.01778e-08
         434        1.65        1.65 1.02162e-08
         435        1.65        1.65 1.02045e-08
         436        1.65        1.65 1.02922e-08
         437        1.65        1.65 1.02804e-08
         438        1.65        1.65 1.02687e-08
         439        1.65        1.65 1.03062e-08
         440        1.65        1.65 1.02945e-08
         441        1.65        1.65 1.03316e-08
         442        1.65        1.65 1.03199e-08
         443        1.65        1.65 1.03083e-08
         444        1.65        1.65 1.03451e-08
         445        1.65        1.65 1.03335e-08
         446        1.65        1.65 1.04656e-08
         447        1.65        1.65 1.04539e-08
         448        1.65        1.65 1.04422e-08
         449        1.65        1.65 1.04779e-08
         450        1.65        1.65 1.04662e-08
         451        1.65        1.65 1.04546e-08
         452        1.65        1.65   1.049e-08
         453        1.65        1.65 1.04784e-08
         454        1.65        1.65 1.05135e-08
         455        1.65        1.65 1.05019e-08
         456        1.65        1.65 1.04904e-08
         457        1.65        1.65 1.06171e-08
         458        1.65        1.65 1.06055e-08
         459        1.65        1.65 1.05939e-08
         460        1.65        1.65 1.06279e-08
         461        1.65        1.65 1.06164e-08
         462        1.65        1.65 1.06501e-08
         463        1.65        1.65 1.06386e-08
         464        1.65        1.65 1.06272e-08
         465        1.65        1.65 1.06606e-08
         466        1.65        1.65 1.06492e-08
         467        1.65        1.65 1.06378e-08
         468        1.65        1.65 1.07153e-08
         469        1.65        1.65 1.07039e-08
         470        1.65        1.65 1.06925e-08
         471        1.65        1.65 1.07252e-08
         472        1.65        1.65 1.07138e-08
         473        1.65        1.65 1.07025e-08
         474        1.65        1.65 1.07349e-08
         475        1.65        1.65 1.07236e-08
         476        1.65        1.65 1.07558e-08
         477        1.65        1.65 1.07445e-08
         478        1.65        1.65 1.07333e-08
         479        1.65        1.65 1.07652e-08
         480        1.65        1.65 1.08397e-08
         481        1.65        1.65 1.08284e-08
         482        1.65        1.65 1.08597e-08
         483        1.65        1.65 1.08484e-08
         484        1.65        1.65 1.08372e-08
         485        1.65        1.65 1.08682e-08
         486        1.65        1.65  1.0857e-08
         487        1.65        1.65 1.08459e-08
         488        1.65        1.65 1.08767e-08
         489        1.65        1.65 1.08656e-08
         490        1.65        1.65 1.08545e-08
         491        1.65        1.65 1.08434e-08
         492        1.65        1.65  1.0874e-08
         493        1.65        1.65 1.09455e-08
         494        1.65        1.65 1.09345e-08
         495        1.65        1.65 1.09644e-08
         496        1.65        1.65 1.09533e-08
         497        1.65        1.65 1.09423e-08
         498        1.65        1.65  1.0972e-08
         499        1.65        1.65  1.0961e-08
         500        1.65        1.65 1.09501e-08
         501        1.65        1.65 1.09796e-08
         502        1.65        1.65 1.09686e-08
         503        1.65        1.65 1.09577e-08
         504        1.65        1.65  1.0987e-08
         505        1.65        1.65 1.09761e-08
         506        1.65        1.65 1.10052e-08
         507        1.65        1.65 1.10341e-08
         508        1.65        1.65 1.10233e-08
         509        1.65        1.65 1.10124e-08
         510        1.65        1.65 1.10016e-08
         511        1.65        1.65 1.10303e-08
         512        1.65        1.65 1.10196e-08
         513        1.65        1.65 1.10088e-08
         514        1.65        1.65 1.10373e-08
         515        1.65        1.65 1.10266e-08
         516        1.65        1.65 1.10159e-08
         517        1.65        1.65 1.10052e-08
         518        1.65        1.65 1.10335e-08
         519        1.65        1.65 1.10229e-08
         520        1.65        1.65 1.10896e-08
         521        1.65        1.65 1.11173e-08
         522        1.65        1.65 1.11067e-08
         523        1.65        1.65  1.1096e-08
         524        1.65        1.65 1.10855e-08
         525        1.65        1.65  1.1113e-08
         526        1.65        1.65 1.11024e-08
         527        1.65        1.65 1.10919e-08
         528        1.65        1.65 1.11193e-08
         529        1.65        1.65 1.11088e-08
         530        1.65        1.65 1.10983e-08
         531        1.65        1.65 1.10878e-08
         532        1.65        1.65  1.1115e-08
         533        1.65        1.65 1.11046e-08
         534        1.65        1.65 1.11689e-08
         535        1.65        1.65 1.11956e-08
         536        1.65        1.65 1.11851e-08
         537        1.65        1.65 1.11747e-08
         538        1.65        1.65 1.11643e-08
         539        1.65        1.65 1.11908e-08
         540        1.65        1.65 1.11805e-08
         541        1.65        1.65 1.11701e-08
         542        1.65        1.65 1.11598e-08
         543        1.65        1.65 1.11862e-08
         544        1.65        1.65 1.11759e-08
         545        1.65        1.65 1.11656e-08
         546        1.65        1.65 1.11554e-08
         547        1.65        1.65 1.11815e-08
         548        1.65        1.65 1.11713e-08
         549        1.65        1.65 1.11612e-08
         550        1.65        1.65 1.12232e-08
         551        1.65        1.65  1.1213e-08
         552        1.65        1.65 1.12028e-08
         553        1.65        1.65 1.11927e-08
         554        1.65        1.65 1.12184e-08
         555        1.65        1.65 1.12083e-08
         556        1.65        1.65 1.11982e-08
         557        1.65        1.65 1.11881e-08
         558        1.65        1.65 1.12136e-08
         559        1.65        1.65 1.12036e-08
         560        1.65        1.65 1.11936e-08
         561        1.65        1.65 1.11836e-08
         562        1.65        1.65  1.1209e-08
         563        1.65        1.65  1.1199e-08
         564        1.65        1.65 1.11891e-08
         565        1.65        1.65 1.11792e-08
         566        1.65        1.65 1.12742e-08
         567        1.65        1.65 1.12642e-08
         568        1.65        1.65 1.12543e-08
         569        1.65        1.65 1.12444e-08
         570        1.65        1.65 1.12345e-08
         571        1.65        1.65 1.12593e-08
         572        1.65        1.65 1.12494e-08
         573        1.65        1.65 1.12396e-08
         574        1.65        1.65 1.12298e-08
         575        1.65        1.65 1.12544e-08
         576        1.65        1.65 1.12446e-08
         577        1.65        1.65 1.12349e-08
         578        1.65        1.65 1.12252e-08
         579        1.65        1.65 1.12496e-08
         580        1.65        1.65 1.12399e-08
         581        1.65        1.65 1.12302e-08
         582        1.65        1.65 1.12206e-08
         583        1.65        1.65 1.12787e-08
         584        1.65        1.65  1.1269e-08
         585        1.65        1.65 1.12594e-08
         586        1.65        1.65 1.12498e-08
         587        1.65        1.65 1.12402e-08
         588        1.65        1.65 1.12642e-08
         589        1.65        1.65 1.12547e-08
         590        1.65        1.65 1.12451e-08
         591        1.65        1.65 1.12356e-08
         592        1.65        1.65 1.12595e-08
         593        1.65        1.65   1.125e-08
         594        1.65        1.65 1.12405e-08
         595        1.65        1.65  1.1231e-08
         596        1.65        1.65 1.12216e-08
         597        1.65        1.65 1.12453e-08
         598        1.65        1.65 1.12359e-08
         599        1.65        1.65 1.12265e-08
         600        1.65        1.65 1.12172e-08
         601        1.65        1.65 1.12408e-08
         602        1.65        1.65 1.12969e-08
         603        1.65        1.65 1.12875e-08
         604        1.65        1.65 1.12782e-08
         605        1.65        1.65 1.12689e-08
         606        1.65        1.65 1.12921e-08
         607        1.65        1.65 1.12828e-08
         608        1.65        1.65 1.12735e-08
         609        1.65        1.65 1.12642e-08
         610        1.65        1.65  1.1255e-08
         611        1.65        1.65  1.1278e-08
         612        1.65        1.65 1.12688e-08
         613        1.65        1.65 1.12596e-08
         614        1.65        1.65 1.12505e-08
         615        1.65        1.65 1.12413e-08
         616        1.65        1.65 1.12642e-08
         617        1.65        1.65 1.12551e-08
         618        1.65        1.65  1.1246e-08
         619        1.65        1.65 1.12369e-08
         620        1.65        1.65 1.12278e-08
         621        1.65        1.65 1.12506e-08
         622        1.65        1.65 1.12416e-08
         623        1.65        1.65 1.11689e-08
         624        1.65        1.65  1.1128e-08
         625        1.65        1.65  1.1055e-08
         626        1.65        1.65 1.10782e-08
         627        1.65        1.65 1.10374e-08
         628        1.65        1.65 1.09643e-08
         629        1.65        1.65 1.08909e-08
         630        1.65        1.65 1.08823e-08
         631        1.65        1.65 1.08736e-08
         632        1.65        1.65 1.08002e-08
         633        1.65        1.65 1.07264e-08
         634        1.65        1.65  1.0718e-08
         635        1.65        1.65 1.06768e-08
         636        1.65        1.65 1.06357e-08
         637        1.65        1.65 1.05615e-08
         638        1.65        1.65 1.05532e-08
         639        1.65        1.65 1.05119e-08
         640        1.65        1.65 1.04375e-08
         641        1.65        1.65 1.03961e-08
         642        1.65        1.65  1.0388e-08
         643        1.65        1.65 1.03465e-08
         644        1.65        1.65 1.02716e-08
         645        1.65        1.65 1.02636e-08
         646        1.65        1.65 1.02221e-08
         647        1.65        1.65 1.01806e-08
         648        1.65        1.65 1.01051e-08
         649        1.65        1.65 1.00973e-08
         650        1.65        1.65 1.00216e-08
         651        1.65        1.65 9.97978e-09
         652        1.65        1.65 1.00062e-08
         653        1.65        1.65  9.9303e-09
         654        1.65        1.65 9.88843e-09
         655        1.65        1.65 9.88088e-09
         656        1.65        1.65 9.80454e-09
         657        1.65        1.65 9.76252e-09
         658        1.65        1.65 9.72045e-09
         659        1.65        1.65 9.71307e-09
         660        1.65        1.65 9.63613e-09
         661        1.65        1.65 9.55881e-09
         662        1.65        1.65 9.55159e-09
         663        1.65        1.65 9.54438e-09
         664        1.65        1.65 9.46681e-09
         665        1.65        1.65 9.45969e-09
         666        1.65        1.65 9.38177e-09
         667        1.65        1.65 9.33916e-09
         668        1.65        1.65 9.33217e-09
         669        1.65        1.65 9.28953e-09
         670        1.65        1.65 9.21091e-09
         671        1.65        1.65 9.20405e-09
         672        1.65        1.65  9.1612e-09
         673        1.65        1.65 9.08202e-09
         674        1.65        1.65 9.11151e-09
         675        1.65        1.65 9.03221e-09
         676        1.65        1.65 8.98906e-09
         677        1.65        1.65 8.98242e-09
         678        1.65        1.65 8.90252e-09
         679        1.65        1.65 8.82214e-09
         680        1.65        1.65 8.85261e-09
         681        1.65        1.65 8.80917e-09
         682        1.65        1.65 8.72842e-09
         683        1.65        1.65 8.72203e-09
         684        1.65        1.65 8.67833e-09
         685        1.65        1.65 8.67199e-09
         686        1.65        1.65 8.62824e-09
         687        1.65        1.65 8.54665e-09
         688        1.65        1.65 8.54044e-09
         689        1.65        1.65 8.49639e-09
         690        1.65        1.65 8.41409e-09
         691        1.65        1.65 8.40799e-09
         692        1.65        1.65 8.36364e-09
         693        1.65        1.65 8.31918e-09
         694        1.65        1.65 8.31318e-09
         695        1.65        1.65 8.22992e-09
         696        1.65        1.65 8.22401e-09
         697        1.65        1.65 8.14021e-09
         698        1.65        1.65 8.13437e-09
         699        1.65        1.65 8.12855e-09
         700        1.65        1.65 8.04426e-09
         701        1.65        1.65 8.03852e-09
         702        1.65        1.65 7.95365e-09
         703        1.65        1.65 7.90815e-09
         704        1.65        1.65 7.90253e-09
         705        1.65        1.65 7.85694e-09
         706        1.65        1.65 7.85138e-09
         707        1.65        1.65 7.76535e-09
         708        1.65        1.65 7.71934e-09
         709        1.65        1.65  7.7139e-09
         710        1.65        1.65 7.62689e-09
         711        1.65        1.65 7.66239e-09
         712        1.65        1.65 7.57511e-09
         713        1.65        1.65 7.52854e-09
         714        1.65        1.65 7.52327e-09
         715        1.65        1.65 7.43493e-09
         716        1.65        1.65 7.42974e-09
         717        1.65        1.65 7.38273e-09
         718        1.65        1.65 7.33555e-09
         719        1.65        1.65 7.33044e-09
         720        1.65        1.65 7.24066e-09
         721        1.65        1.65 7.23564e-09
         722        1.65        1.65 7.18797e-09
         723        1.65        1.65   7.183e-09
         724        1.65        1.65 7.13518e-09
         725        1.65        1.65 7.04383e-09
         726        1.65        1.65 7.03897e-09
         727        1.65        1.65 6.99057e-09
         728        1.65        1.65 6.98577e-09
         729        1.65        1.65 6.89316e-09
         730        1.65        1.65 6.88844e-09
         731        1.65        1.65 6.83946e-09
         732        1.65        1.65 6.79026e-09
         733        1.65        1.65 6.78563e-09
         734        1.65        1.65 6.69118e-09
         735        1.65        1.65 6.68663e-09
         736        1.65        1.65 6.59117e-09
         737        1.65        1.65  6.5867e-09
         738        1.65        1.65 6.58223e-09
         739        1.65        1.65 6.57778e-09
         740        1.65        1.65 6.48139e-09
         741        1.65        1.65 6.47702e-09
         742        1.65        1.65 6.37951e-09
         743        1.65        1.65 6.32817e-09
         744        1.65        1.65 6.32392e-09
         745        1.65        1.65 6.27233e-09
         746        1.65        1.65 6.26813e-09
         747        1.65        1.65 6.16829e-09
         748        1.65        1.65 6.16417e-09
         749        1.65        1.65 6.11173e-09
         750        1.65        1.65 6.10766e-09
         751        1.65        1.65 6.00593e-09
         752        1.65        1.65 6.05093e-09
         753        1.65        1.65 5.94858e-09
         754        1.65        1.65 5.89489e-09
         755        1.65        1.65 5.79027e-09
         756        1.65        1.65 5.73546e-09
         757        1.65        1.65 5.62839e-09
         758        1.65        1.65 5.51953e-09
         759        1.65        1.65 5.51589e-09
         760        1.65        1.65 5.35089e-09
         761        1.65        1.65 5.34738e-09
         762        1.65        1.65  5.1777e-09
         763        1.65        1.65  5.1743e-09
         764        1.65        1.65 5.05725e-09
         765        1.65        1.65 5.05395e-09
         766        1.65        1.65 4.87543e-09
         767        1.65        1.65 4.87225e-09
         768        1.65        1.65 4.68755e-09
         769        1.65        1.65 4.62246e-09
         770        1.65        1.65  4.5566e-09
         771        1.65        1.65 4.48995e-09
         772        1.65        1.65 4.35696e-09
         773        1.65        1.65 4.28766e-09
         774        1.65        1.65 4.14883e-09
         775        1.65        1.65 4.07646e-09
         776        1.65        1.65 4.00298e-09
         777        1.65        1.65 3.92832e-09
         778        1.65        1.65 3.77759e-09
         779        1.65        1.65 3.69889e-09
         780        1.65        1.65 3.53915e-09
         781        1.65        1.65 3.45557e-09
         782        1.65        1.65 3.37013e-09
         783        1.65        1.65  3.2827e-09
         784        1.65        1.65 3.10314e-09
         785        1.65        1.65 3.00857e-09
         786        1.65        1.65 2.81247e-09
         787        1.65        1.65 2.70844e-09
         788        1.65        1.65 2.60053e-09
         789        1.65        1.65 2.48824e-09
         790        1.65        1.65 2.24928e-09
         791        1.65        1.65  2.1193e-09
         792        1.65        1.65 2.11796e-09
         793        1.65        1.65 1.83305e-09
         794        1.65        1.65 1.83189e-09
         795        1.65        1.65 1.29453e-09
         796        1.65        1.65 1.29372e-09
         797        1.65        1.65           0
         798        1.65        1.65           0
         799        1.65        1.65 1.05433e-09
         800        1.65        1.65 1.05367e-09
         801        1.65        1.65 1.48919e-09
         802        1.65        1.65 1.66392e-09
         803        1.65        1.65 1.96755e-09
         804        1.65        1.65 2.10209e-09
         805        1.65        1.65 2.22822e-09
         806        1.65        1.65 2.34729e-09
         807        1.65        1.65 2.34584e-09
         808        1.65        1.65 2.67301e-09
         809        1.65        1.65 2.67136e-09
         810        1.65        1.65 2.96178e-09
         811        1.65        1.65 2.95995e-09
         812        1.65        1.65 3.13757e-09
         813        1.65        1.65 3.13564e-09
         814        1.65        1.65  3.3848e-09
         815        1.65        1.65 3.38272e-09
         816        1.65        1.65 3.61406e-09
         817        1.65        1.65 3.61185e-09
         818        1.65        1.65 3.60964e-09
         819        1.65        1.65 3.75474e-09
         820        1.65        1.65 3.75245e-09
         821        1.65        1.65 3.96061e-09
         822        1.65        1.65  3.9582e-09
         823        1.65        1.65 4.15537e-09
         824        1.65        1.65 4.15285e-09
         825        1.65        1.65 4.27807e-09
         826        1.65        1.65 4.27548e-09
         827        1.65        1.65 4.33527e-09
         828        1.65        1.65 4.45472e-09
         829        1.65        1.65 4.45204e-09
         830        1.65        1.65 4.62622e-09
         831        1.65        1.65 4.62343e-09
         832        1.65        1.65 4.73476e-09
         833        1.65        1.65 4.73192e-09
         834        1.65        1.65 4.78505e-09
         835        1.65        1.65 4.89213e-09
         836        1.65        1.65 4.94323e-09
         837        1.65        1.65 4.99369e-09
         838        1.65        1.65 4.99071e-09
         839        1.65        1.65 5.14445e-09
         840        1.65        1.65 5.14139e-09
         841        1.65        1.65 5.18946e-09
         842        1.65        1.65 5.28709e-09
         843        1.65        1.65 5.33357e-09
         844        1.65        1.65 5.37954e-09
         845        1.65        1.65 5.37636e-09
         846        1.65        1.65 5.51777e-09
         847        1.65        1.65 5.51452e-09
         848        1.65        1.65 5.55857e-09
         849        1.65        1.65 5.64867e-09
         850        1.65        1.65 5.69143e-09
         851        1.65        1.65 5.73377e-09
         852        1.65        1.65 5.73041e-09
         853        1.65        1.65 5.77232e-09
         854        1.65        1.65 5.85839e-09
         855        1.65        1.65 5.89915e-09
         856        1.65        1.65 5.98305e-09
         857        1.65        1.65 6.02273e-09
         858        1.65        1.65 6.06207e-09
         859        1.65        1.65 6.05854e-09
         860        1.65        1.65  6.0975e-09
         861        1.65        1.65 6.17802e-09
         862        1.65        1.65 6.21602e-09
         863        1.65        1.65  6.2947e-09
         864        1.65        1.65 6.29106e-09
         865        1.65        1.65 6.32811e-09
         866        1.65        1.65 6.36487e-09
         867        1.65        1.65 6.40133e-09
         868        1.65        1.65 6.47712e-09
         869        1.65        1.65  6.4734e-09
         870        1.65        1.65   6.509e-09
         871        1.65        1.65 6.58318e-09
         872        1.65        1.65 6.61799e-09
         873        1.65        1.65  6.6142e-09
         874        1.65        1.65 6.68684e-09
         875        1.65        1.65 6.68301e-09
         876        1.65        1.65 6.75467e-09
         877        1.65        1.65 6.78822e-09
         878        1.65        1.65 6.78435e-09
         879        1.65        1.65 6.89135e-09
         880        1.65        1.65 6.88744e-09
         881        1.65        1.65 6.92005e-09
         882        1.65        1.65 6.95243e-09
         883        1.65        1.65 6.94849e-09
         884        1.65        1.65 7.01652e-09
         885        1.65        1.65 7.04825e-09
         886        1.65        1.65 7.07976e-09
         887        1.65        1.65 7.11105e-09
         888        1.65        1.65 7.10705e-09
         889        1.65        1.65 7.17303e-09
         890        1.65        1.65 7.20372e-09
         891        1.65        1.65 7.19968e-09
         892        1.65        1.65 7.29868e-09
         893        1.65        1.65  7.2946e-09
         894        1.65        1.65  7.3245e-09
         895        1.65        1.65 7.35422e-09
         896        1.65        1.65 7.35012e-09
         897        1.65        1.65 7.44643e-09
         898        1.65        1.65 7.44228e-09
         899        1.65        1.65 7.43814e-09
         900        1.65        1.65 7.53291e-09
         901        1.65        1.65 7.52873e-09
         902        1.65        1.65  7.5572e-09
         903        1.65        1.65  7.5855e-09
         904        1.65        1.65  7.5813e-09
         905        1.65        1.65 7.67364e-09
         906        1.65        1.65  7.6694e-09
         907        1.65        1.65 7.66518e-09
         908        1.65        1.65 7.75612e-09
         909        1.65        1.65 7.75186e-09
         910        1.65        1.65  7.7476e-09
         911        1.65        1.65 7.80604e-09
         912        1.65        1.65 7.80176e-09
         913        1.65        1.65 7.82862e-09
         914        1.65        1.65 7.88619e-09
         915        1.65        1.65 7.88188e-09
         916        1.65        1.65 7.96935e-09
         917        1.65        1.65 7.96501e-09
         918        1.65        1.65 7.96067e-09
         919        1.65        1.65 8.01684e-09
         920        1.65        1.65 8.01248e-09
         921        1.65        1.65 8.00813e-09
         922        1.65        1.65 8.09355e-09
         923        1.65        1.65 8.08917e-09
         924        1.65        1.65 8.11446e-09
         925        1.65        1.65 8.16905e-09
         926        1.65        1.65 8.16464e-09
         927        1.65        1.65 8.18954e-09
         928        1.65        1.65  8.2143e-09
         929        1.65        1.65 8.20988e-09
         930        1.65        1.65 8.23451e-09
         931        1.65        1.65 8.28784e-09
         932        1.65        1.65  8.2834e-09
         933        1.65        1.65 8.36475e-09
         934        1.65        1.65 8.36027e-09
         935        1.65        1.65  8.3558e-09
         936        1.65        1.65 8.40795e-09
         937        1.65        1.65 8.40347e-09
         938        1.65        1.65 8.39899e-09
         939        1.65        1.65  8.4786e-09
         940        1.65        1.65 8.47409e-09
         941        1.65        1.65  8.4974e-09
         942        1.65        1.65  8.5206e-09
         943        1.65        1.65 8.51608e-09
         944        1.65        1.65 8.53916e-09
         945        1.65        1.65 8.58952e-09
         946        1.65        1.65 8.58498e-09
         947        1.65        1.65 8.60773e-09
         948        1.65        1.65 8.65747e-09
         949        1.65        1.65 8.65291e-09
         950        1.65        1.65 8.67533e-09
         951        1.65        1.65 8.69766e-09
         952        1.65        1.65 8.69309e-09
         953        1.65        1.65  8.7153e-09
         954        1.65        1.65 8.76401e-09
         955        1.65        1.65 8.75942e-09
         956        1.65        1.65 8.78133e-09
         957        1.65        1.65 8.82945e-09
         958        1.65        1.65 8.82484e-09
         959        1.65        1.65 8.84645e-09
         960        1.65        1.65 8.86796e-09
         961        1.65        1.65 8.86335e-09
         962        1.65        1.65 8.88476e-09
         963        1.65        1.65 8.93192e-09
         964        1.65        1.65 8.92729e-09
         965        1.65        1.65 8.94841e-09
         966        1.65        1.65 8.94378e-09
         967        1.65        1.65 8.99038e-09
         968        1.65        1.65 9.01123e-09
         969        1.65        1.65 9.00658e-09
         970        1.65        1.65 9.02733e-09
         971        1.65        1.65 9.04799e-09
         972        1.65        1.65 9.04333e-09
         973        1.65        1.65 9.08904e-09
         974        1.65        1.65 9.10943e-09
         975        1.65        1.65 9.10476e-09
         976        1.65        1.65 9.14996e-09
         977        1.65        1.65 9.17009e-09
         978        1.65        1.65  9.1654e-09
         979        1.65        1.65 9.18545e-09
         980        1.65        1.65  9.2054e-09
         981        1.65        1.65 9.20071e-09
         982        1.65        1.65 9.24507e-09
         983        1.65        1.65 9.24037e-09
         984        1.65        1.65 9.26007e-09
         985        1.65        1.65 9.25537e-09
         986        1.65        1.65 9.29924e-09
         987        1.65        1.65  9.3187e-09
         988        1.65        1.65 9.31398e-09
         989        1.65        1.65 9.33336e-09
         990        1.65        1.65 9.35265e-09
         991        1.65        1.65 9.34793e-09
         992        1.65        1.65 9.39101e-09
         993        1.65        1.65 9.41007e-09
         994        1.65        1.65 9.40534e-09
         995        1.65        1.65 9.40061e-09
         996        1.65        1.65 9.46681e-09
         997        1.65        1.65 9.46206e-09
         998        1.65        1.65 9.45732e-09
         999        1.65        1.65 9.47607e-09
        1000        1.65        1.65 9.49474e-09
        1001        1.65        1.65    9.49e-09
        1002        1.65        1.65 9.53187e-09
        1003        1.65        1.65 9.55033e-09
        1004        1.65        1.65 9.54557e-09
        1005        1.65        1.65 9.54082e-09
        1006        1.65        1.65 9.58226e-09
        1007        1.65        1.65  9.5775e-09
        1008        1.65        1.65 9.57275e-09
        1009        1.65        1.65 9.63675e-09
        1010        1.65        1.65 9.63198e-09
        1011        1.65        1.65 9.62722e-09
        1012        1.65        1.65 9.66796e-09
        1013        1.65        1.65 9.68584e-09
        1014        1.65        1.65 9.68106e-09
        1015        1.65        1.65 9.67629e-09
        1016        1.65        1.65 9.71662e-09
        1017        1.65        1.65 9.71184e-09
        1018        1.65        1.65 9.70707e-09
        1019        1.65        1.65 9.76945e-09
        1020        1.65        1.65 9.76466e-09
        1021        1.65        1.65 9.75988e-09
        1022        1.65        1.65  9.7551e-09
        1023        1.65        1.65 9.81689e-09
        1024        1.65        1.65 9.81209e-09
        1025        1.65        1.65  9.8073e-09
        1026        1.65        1.65 9.84658e-09
        1027        1.65        1.65 9.84179e-09
        1028        1.65        1.65   9.837e-09
        1029        1.65        1.65 9.83222e-09
        1030        1.65        1.65 9.89303e-09
        1031        1.65        1.65 9.88823e-09
        1032        1.65        1.65 9.88344e-09
        1033        1.65        1.65 9.94372e-09
        1034        1.65        1.65 9.93891e-09
        1035        1.65        1.65 9.93411e-09
        1036        1.65        1.65 9.92931e-09
        1037        1.65        1.65 9.96758e-09
        1038        1.65        1.65 9.96278e-09
        1039        1.65        1.65 9.95798e-09
        1040        1.65        1.65 9.97462e-09
        1041        1.65        1.65 1.00125e-08
        1042        1.65        1.65 1.00077e-08
        1043        1.65        1.65 1.00029e-08
        1044        1.65        1.65 1.00617e-08
        1045        1.65        1.65 1.00569e-08
        1046        1.65        1.65 1.00521e-08
        1047        1.65        1.65 1.00684e-08
        1048        1.65        1.65 1.00846e-08
        1049        1.65        1.65 1.00798e-08
        1050        1.65        1.65  1.0075e-08
        1051        1.65        1.65  1.0133e-08
        1052        1.65        1.65 1.01282e-08
        1053        1.65        1.65 1.01233e-08
        1054        1.65        1.65 1.01393e-08
        1055        1.65        1.65  1.0176e-08
        1056        1.65        1.65 1.01712e-08
        1057        1.65        1.65 1.01664e-08
        1058        1.65        1.65 1.01822e-08
        1059        1.65        1.65  1.0198e-08
        1060        1.65        1.65 1.01931e-08
        1061        1.65        1.65 1.01883e-08
        1062        1.65        1.65  1.0204e-08
        1063        1.65        1.65 1.02401e-08
        1064        1.65        1.65 1.02353e-08
        1065        1.65        1.65 1.02509e-08
        1066        1.65        1.65 1.02866e-08
        1067        1.65        1.65 1.02818e-08
        1068        1.65        1.65  1.0277e-08
        1069        1.65        1.65 1.02924e-08
        1070        1.65        1.65 1.03077e-08
        1071        1.65        1.65 1.03029e-08
        1072        1.65        1.65 1.02981e-08
        1073        1.65        1.65 1.03134e-08
        1074        1.65        1.65 1.03486e-08
        1075        1.65        1.65 1.03438e-08
        1076        1.65        1.65  1.0339e-08
        1077        1.65        1.65 1.03541e-08
        1078        1.65        1.65 1.03692e-08
        1079        1.65        1.65 1.03644e-08
        1080        1.65        1.65 1.03794e-08
        1081        1.65        1.65 1.03746e-08
        1082        1.65        1.65 1.04093e-08
        1083        1.65        1.65 1.04045e-08
        1084        1.65        1.65 1.04194e-08
        1085        1.65        1.65 1.04146e-08
        1086        1.65        1.65  1.0449e-08
        1087        1.65        1.65 1.04442e-08
        1088        1.65        1.65 1.04589e-08
        1089        1.65        1.65 1.04541e-08
        1090        1.65        1.65 1.04688e-08
        1091        1.65        1.65  1.0464e-08
        1092        1.65        1.65 1.04787e-08
        1093        1.65        1.65 1.04739e-08
        1094        1.65        1.65 1.05078e-08
        1095        1.65        1.65  1.0503e-08
        1096        1.65        1.65 1.05175e-08
        1097        1.65        1.65 1.05127e-08
        1098        1.65        1.65 1.05463e-08
        1099        1.65        1.65 1.05415e-08
        1100        1.65        1.65 1.05559e-08
        1101        1.65        1.65 1.05511e-08
        1102        1.65        1.65 1.05654e-08
        1103        1.65        1.65 1.05606e-08
        1104        1.65        1.65 1.05748e-08
        1105        1.65        1.65   1.057e-08
        1106        1.65        1.65 1.06032e-08
        1107        1.65        1.65 1.05984e-08
        1108        1.65        1.65 1.06125e-08
        1109        1.65        1.65 1.06077e-08
        1110        1.65        1.65 1.06406e-08
        1111        1.65        1.65 1.06358e-08
        1112        1.65        1.65 1.06498e-08
        1113        1.65        1.65  1.0645e-08
        1114        1.65        1.65  1.0659e-08
        1115        1.65        1.65 1.06542e-08
        1116        1.65        1.65 1.06681e-08
        1117        1.65        1.65 1.06633e-08
        1118        1.65        1.65 1.06957e-08
        1119        1.65        1.65  1.0691e-08
        1120        1.65        1.65 1.07047e-08
        1121        1.65        1.65 1.06999e-08
        1122        1.65        1.65 1.07321e-08
        1123        1.65        1.65 1.07273e-08
        1124        1.65        1.65  1.0741e-08
        1125        1.65        1.65 1.07362e-08
        1126        1.65        1.65 1.07314e-08
        1127        1.65        1.65  1.0745e-08
        1128        1.65        1.65 1.07586e-08
        1129        1.65        1.65 1.07538e-08
        1130        1.65        1.65  1.0749e-08
        1131        1.65        1.65 1.07808e-08
        1132        1.65        1.65 1.07942e-08
        1133        1.65        1.65 1.07894e-08
        1134        1.65        1.65 1.07847e-08
        1135        1.65        1.65 1.08162e-08
        1136        1.65        1.65 1.08295e-08
        1137        1.65        1.65 1.08247e-08
        1138        1.65        1.65 1.08199e-08
        1139        1.65        1.65 1.08152e-08
        1140        1.65        1.65 1.08464e-08
        1141        1.65        1.65 1.08417e-08
        1142        1.65        1.65 1.08369e-08
        1143        1.65        1.65 1.08322e-08
        1144        1.65        1.65 1.08632e-08
        1145        1.65        1.65 1.08763e-08
        1146        1.65        1.65 1.08716e-08
        1147        1.65        1.65 1.08668e-08
        1148        1.65        1.65 1.08977e-08
        1149        1.65        1.65 1.09106e-08
        1150        1.65        1.65 1.09059e-08
        1151        1.65        1.65 1.09012e-08
        1152        1.65        1.65 1.08964e-08
        1153        1.65        1.65  1.0927e-08
        1154        1.65        1.65 1.09223e-08
        1155        1.65        1.65 1.09175e-08
        1156        1.65        1.65 1.09128e-08
        1157        1.65        1.65 1.09432e-08
        1158        1.65        1.65  1.0956e-08
        1159        1.65        1.65 1.09513e-08
        1160        1.65        1.65 1.09466e-08
        1161        1.65        1.65 1.09419e-08
        1162        1.65        1.65  1.0972e-08
        1163        1.65        1.65 1.09673e-08
        1164        1.65        1.65 1.09626e-08
        1165        1.65        1.65 1.09579e-08
        1166        1.65        1.65 1.10052e-08
        1167        1.65        1.65 1.10005e-08
        1168        1.65        1.65 1.09958e-08
        1169        1.65        1.65 1.09911e-08
        1170        1.65        1.65 1.09864e-08
        1171        1.65        1.65 1.10334e-08
        1172        1.65        1.65 1.10287e-08
        1173        1.65        1.65  1.1024e-08
        1174        1.65        1.65 1.10193e-08
        1175        1.65        1.65 1.10489e-08
        1176        1.65        1.65 1.10442e-08
        1177        1.65        1.65 1.10395e-08
        1178        1.65        1.65 1.10348e-08
        1179        1.65        1.65 1.10301e-08
        1180        1.65        1.65 1.10765e-08
        1181        1.65        1.65 1.10718e-08
        1182        1.65        1.65 1.10671e-08
        1183        1.65        1.65 1.10625e-08
        1184        1.65        1.65 1.10747e-08
        1185        1.65        1.65 1.11039e-08
        1186        1.65        1.65 1.10992e-08
        1187        1.65        1.65 1.10945e-08
        1188        1.65        1.65 1.10898e-08
        1189        1.65        1.65 1.11188e-08
        1190        1.65        1.65 1.11141e-08
        1191        1.65        1.65 1.11095e-08
        1192        1.65        1.65 1.11048e-08
        1193        1.65        1.65 1.11002e-08
        1194        1.65        1.65 1.11457e-08
        1195        1.65        1.65  1.1141e-08
        1196        1.65        1.65 1.11363e-08
        1197        1.65        1.65 1.11317e-08
        1198        1.65        1.65 1.11437e-08
        1199        1.65        1.65 1.11722e-08
        1200        1.65        1.65 1.11676e-08
        1201        1.65        1.65 1.11629e-08
        1202        1.65        1.65 1.11583e-08
        1203        1.65        1.65 1.11702e-08
        1204        1.65        1.65 1.11821e-08
        1205        1.65        1.65 1.11774e-08
        1206        1.65        1.65 1.11728e-08
        1207        1.65        1.65 1.11682e-08
        1208        1.65        1.65   1.118e-08
        1209        1.65        1.65 1.12082e-08
        1210        1.65        1.65 1.12035e-08
        1211        1.65        1.65 1.11989e-08
        1212        1.65        1.65 1.12107e-08
        1213        1.65        1.65  1.1206e-08
        1214        1.65        1.65  1.1234e-08
        1215        1.65        1.65 1.12294e-08
        1216        1.65        1.65 1.12248e-08
        1217        1.65        1.65 1.12364e-08
        1218        1.65        1.65  1.1248e-08
        1219        1.65        1.65 1.12434e-08
        1220        1.65        1.65 1.12388e-08
        1221        1.65        1.65 1.12342e-08
        1222        1.65        1.65 1.12458e-08
        1223        1.65        1.65 1.12734e-08
        1224        1.65        1.65 1.12688e-08
        1225        1.65        1.65 1.12642e-08
        1226        1.65        1.65 1.12596e-08
        1227        1.65        1.65 1.12711e-08
        1228        1.65        1.65 1.12986e-08
        1229        1.65        1.65  1.1294e-08
        1230        1.65        1.65 1.12894e-08
        1231        1.65        1.65 1.12848e-08
        1232        1.65        1.65 1.12962e-08
        1233        1.65        1.65 1.12916e-08
        1234        1.65        1.65 1.13029e-08
        1235        1.65        1.65 1.12984e-08
        1236        1.65        1.65 1.12938e-08
        1237        1.65        1.65 1.13051e-08
        1238        1.65        1.65 1.13006e-08
        1239        1.65        1.65 1.13277e-08
        1240        1.65        1.65 1.13231e-08
        1241        1.65        1.65 1.13185e-08
        1242        1.65        1.65 1.13298e-08
        1243        1.65        1.65 1.13252e-08
        1244        1.65        1.65 1.13522e-08
        1245        1.65        1.65 1.13476e-08
        1246        1.65        1.65  1.1343e-08
        1247        1.65        1.65 1.13542e-08
        1248        1.65        1.65 1.13496e-08
        1249        1.65        1.65 1.13608e-08
        1250        1.65        1.65 1.13562e-08
        1251        1.65        1.65 1.13517e-08
        1252        1.65        1.65 1.13628e-08
        1253        1.65        1.65 1.13582e-08
        1254        1.65        1.65 1.13848e-08
        1255        1.65        1.65 1.13803e-08
        1256        1.65        1.65 1.13758e-08
        1257        1.65        1.65 1.13868e-08
        1258        1.65        1.65 1.13822e-08
        1259        1.65        1.65 1.13932e-08
        1260        1.65        1.65 1.13887e-08
        1261        1.65        1.65 1.13842e-08
        1262        1.65        1.65 1.13951e-08
        1263        1.65        1.65 1.13906e-08
        1264        1.65        1.65 1.13861e-08
        1265        1.65        1.65 1.14124e-08
        1266        1.65        1.65 1.14079e-08
        1267        1.65        1.65 1.14187e-08
        1268        1.65        1.65 1.14142e-08
        1269        1.65        1.65 1.14097e-08
        1270        1.65        1.65 1.14359e-08
        1271        1.65        1.65 1.14314e-08
        1272        1.65        1.65 1.14269e-08
        1273        1.65        1.65 1.14376e-08
        1274        1.65        1.65 1.14332e-08
        1275        1.65        1.65 1.14287e-08
        1276        1.65        1.65 1.14394e-08
        1277        1.65        1.65 1.14349e-08
        1278        1.65        1.65 1.14456e-08
        1279        1.65        1.65 1.14412e-08
        1280        1.65        1.65 1.14367e-08
        1281        1.65        1.65 1.14625e-08
        1282        1.65        1.65  1.1458e-08
        1283        1.65        1.65 1.14687e-08
        1284        1.65        1.65 1.14642e-08
        1285        1.65        1.65 1.14598e-08
        1286        1.65        1.65 1.14553e-08
        1287        1.65        1.65 1.14809e-08
        1288        1.65        1.65 1.14765e-08
        1289        1.65        1.65  1.1487e-08
        1290        1.65        1.65 1.14826e-08
        1291        1.65        1.65 1.14781e-08
        1292        1.65        1.65 1.14887e-08
        1293        1.65        1.65 1.14842e-08
        1294        1.65        1.65 1.14947e-08
        1295        1.65        1.65 1.14903e-08
        1296        1.65        1.65 1.14858e-08
        1297        1.65        1.65 1.14814e-08
        1298        1.65        1.65 1.15068e-08
        1299        1.65        1.65 1.15172e-08
        1300        1.65        1.65 1.15128e-08
        1301        1.65        1.65 1.15083e-08
        1302        1.65        1.65 1.15039e-08
        1303        1.65        1.65 1.15291e-08
        1304        1.65        1.65 1.15247e-08
        1305        1.65        1.65  1.1535e-08
        1306        1.65        1.65 1.15306e-08
        1307        1.65        1.65 1.15262e-08
        1308        1.65        1.65 1.15218e-08
        1309        1.65        1.65 1.15321e-08
        1310        1.65        1.65 1.15277e-08
        1311        1.65        1.65  1.1538e-08
        1312        1.65        1.65 1.15336e-08
        1313        1.65        1.65 1.15292e-08
        1314        1.65        1.65 1.15248e-08
        1315        1.65        1.65 1.15497e-08
        1316        1.65        1.65 1.15599e-08
        1317        1.65        1.65 1.15555e-08
        1318        1.65        1.65 1.15511e-08
        1319        1.65        1.65 1.15468e-08
        1320        1.65        1.65 1.15424e-08
        1321        1.65        1.65 1.15671e-08
        1322        1.65        1.65 1.15773e-08
        1323        1.65        1.65 1.15729e-08
        1324        1.65        1.65 1.15685e-08
        1325        1.65        1.65 1.15641e-08
        1326        1.65        1.65 1.15743e-08
        1327        1.65        1.65 1.15844e-08
        1328        1.65        1.65   1.158e-08
        1329        1.65        1.65 1.15756e-08
        1330        1.65        1.65 1.15713e-08
        1331        1.65        1.65 1.15669e-08
        1332        1.65        1.65 1.15914e-08
        1333        1.65        1.65 1.16014e-08
        1334        1.65        1.65 1.15971e-08
        1335        1.65        1.65 1.15927e-08
        1336        1.65        1.65 1.15884e-08
        1337        1.65        1.65  1.1584e-08
        1338        1.65        1.65 1.16083e-08
        1339        1.65        1.65 1.16183e-08
        1340        1.65        1.65 1.16139e-08
        1341        1.65        1.65 1.16096e-08
        1342        1.65        1.65 1.16053e-08
        1343        1.65        1.65  1.1601e-08
        1344        1.65        1.65 1.16109e-08
        1345        1.65        1.65 1.16208e-08
        1346        1.65        1.65 1.16165e-08
        1347        1.65        1.65 1.16122e-08
        1348        1.65        1.65 1.16079e-08
        1349        1.65        1.65 1.16035e-08
        1350        1.65        1.65 1.16276e-08
        1351        1.65        1.65 1.16374e-08
        1352        1.65        1.65 1.16331e-08
        1353        1.65        1.65 1.16288e-08
        1354        1.65        1.65 1.16245e-08
        1355        1.65        1.65 1.16202e-08
        1356        1.65        1.65 1.16159e-08
        1357        1.65        1.65 1.16538e-08
        1358        1.65        1.65 1.16496e-08
        1359        1.65        1.65 1.16453e-08
        1360        1.65        1.65  1.1641e-08
        1361        1.65        1.65 1.16367e-08
        1362        1.65        1.65 1.16324e-08
        1363        1.65        1.65 1.16562e-08
        1364        1.65        1.65 1.16519e-08
        1365        1.65        1.65 1.16476e-08
        1366        1.65        1.65 1.16433e-08
        1367        1.65        1.65 1.16391e-08
        1368        1.65        1.65 1.16348e-08
        1369        1.65        1.65 1.16723e-08
        1370        1.65        1.65 1.16681e-08
        1371        1.65        1.65 1.16638e-08
        1372        1.65        1.65 1.16596e-08
        1373        1.65        1.65 1.16553e-08
        1374        1.65        1.65 1.16511e-08
        1375        1.65        1.65 1.16745e-08
        1376        1.65        1.65 1.16703e-08
        1377        1.65        1.65 1.16661e-08
        1378        1.65        1.65 1.16618e-08
        1379        1.65        1.65 1.16576e-08
        1380        1.65        1.65 1.16534e-08
        1381        1.65        1.65  1.1663e-08
        1382        1.65        1.65 1.16863e-08
        1383        1.65        1.65  1.1682e-08
        1384        1.65        1.65 1.16778e-08
        1385        1.65        1.65 1.16736e-08
        1386        1.65        1.65 1.16694e-08
        1387        1.65        1.65 1.16789e-08
        1388        1.65        1.65 1.17021e-08
        1389        1.65        1.65 1.16978e-08
        1390        1.65        1.65 1.16936e-08
        1391        1.65        1.65 1.16894e-08
        1392        1.65        1.65 1.16852e-08
        1393        1.65        1.65  1.1681e-08
        1394        1.65        1.65 1.17041e-08
        1395        1.65        1.65 1.16999e-08
        1396        1.65        1.65 1.16957e-08
        1397        1.65        1.65 1.16915e-08
        1398        1.65        1.65 1.16873e-08
        1399        1.65        1.65 1.16832e-08
        1400        1.65        1.65 1.16926e-08
        1401        1.65        1.65 1.17155e-08
        1402        1.65        1.65 1.17113e-08
        1403        1.65        1.65 1.17071e-08
        1404        1.65        1.65  1.1703e-08
        1405        1.65        1.65 1.16988e-08
        1406        1.65        1.65 1.17081e-08
        1407        1.65        1.65  1.1704e-08
        1408        1.65        1.65 1.17267e-08
        1409        1.65        1.65 1.17226e-08
        1410        1.65        1.65 1.17184e-08
        1411        1.65        1.65 1.17143e-08
        1412        1.65        1.65 1.17101e-08
        1413        1.65        1.65 1.17194e-08
        1414        1.65        1.65 1.17286e-08
        1415        1.65        1.65 1.17245e-08
        1416        1.65        1.65 1.17203e-08
        1417        1.65        1.65 1.17162e-08
        1418        1.65        1.65 1.17121e-08
        1419        1.65        1.65 1.17213e-08
        1420        1.65        1.65 1.17172e-08
        1421        1.65        1.65 1.17397e-08
        1422        1.65        1.65 1.17356e-08
        1423        1.65        1.65 1.17315e-08
        1424        1.65        1.65 1.17273e-08
        1425        1.65        1.65 1.17232e-08
        1426        1.65        1.65 1.17324e-08
        1427        1.65        1.65 1.17283e-08
        1428        1.65        1.65 1.17507e-08
        1429        1.65        1.65 1.17466e-08
        1430        1.65        1.65 1.17424e-08
        1431        1.65        1.65 1.17383e-08
        1432        1.65        1.65 1.17342e-08
        1433        1.65        1.65 1.17434e-08
        1434        1.65        1.65 1.17393e-08
        1435        1.65        1.65 1.17483e-08
        1436        1.65        1.65 1.17443e-08
        1437        1.65        1.65 1.17402e-08
        1438        1.65        1.65 1.17361e-08
        1439        1.65        1.65 1.17451e-08
        1440        1.65        1.65 1.17411e-08
        1441        1.65        1.65  1.1737e-08
        1442        1.65        1.65 1.17591e-08
        1443        1.65        1.65 1.17551e-08
        1444        1.65        1.65  1.1751e-08
        1445        1.65        1.65 1.17469e-08
        1446        1.65        1.65 1.17559e-08
        1447        1.65        1.65 1.17519e-08
        1448        1.65        1.65 1.17739e-08
        1449        1.65        1.65 1.17698e-08
        1450        1.65        1.65 1.17658e-08
        1451        1.65        1.65 1.17617e-08
        1452        1.65        1.65 1.17577e-08
        1453        1.65        1.65 1.17666e-08
        1454        1.65        1.65 1.17626e-08
        1455        1.65        1.65 1.17585e-08
        1456        1.65        1.65 1.17674e-08
        1457        1.65        1.65 1.17634e-08
        1458        1.65        1.65 1.17594e-08
        1459        1.65        1.65 1.17553e-08
        1460        1.65        1.65 1.17643e-08
        1461        1.65        1.65 1.17602e-08
        1462        1.65        1.65 1.17562e-08
        1463        1.65        1.65  1.1778e-08
        1464        1.65        1.65  1.1774e-08
        1465        1.65        1.65 1.17699e-08
        1466        1.65        1.65 1.17659e-08
        1467        1.65        1.65 1.17748e-08
        1468        1.65        1.65 1.17708e-08
        1469        1.65        1.65 1.17668e-08
        1470        1.65        1.65 1.17884e-08
        1471        1.65        1.65 1.17844e-08
        1472        1.65        1.65 1.17804e-08
        1473        1.65        1.65 1.17764e-08
        1474        1.65        1.65 1.17852e-08
        1475        1.65        1.65 1.17812e-08
        1476        1.65        1.65 1.17772e-08
        1477        1.65        1.65  1.1786e-08
        1478        1.65        1.65  1.1782e-08
        1479        1.65        1.65  1.1778e-08
        1480        1.65        1.65  1.1774e-08
        1481        1.65        1.65 1.17828e-08
        1482        1.65        1.65 1.17788e-08
        1483        1.65        1.65 1.17748e-08
        1484        1.65        1.65 1.17963e-08
        1485        1.65        1.65 1.17923e-08
        1486        1.65        1.65 1.17883e-08
        1487        1.65        1.65 1.17844e-08
        1488        1.65        1.65 1.17931e-08
        1489        1.65        1.65 1.17891e-08
        1490        1.65        1.65 1.17851e-08
        1491        1.65        1.65 1.17812e-08
        1492        1.65        1.65 1.18025e-08
        1493        1.65        1.65 1.17985e-08
        1494        1.65        1.65 1.17946e-08
        1495        1.65        1.65 1.18032e-08
        1496        1.65        1.65 1.17993e-08
        1497        1.65        1.65 1.17953e-08
        1498        1.65        1.65 1.17914e-08
        1499        1.65        1.65    1.18e-08
        1500        1.65        1.65 1.17961e-08
        1501        1.65        1.65 1.17922e-08
        1502        1.65        1.65 1.17882e-08
        1503        1.65        1.65 1.17969e-08
        1504        1.65        1.65 1.17929e-08
        1505        1.65        1.65  1.1789e-08
        1506        1.65        1.65 1.17851e-08
        1507        1.65        1.65 1.18062e-08
        1508        1.65        1.65 1.18023e-08
        1509        1.65        1.65 1.17983e-08
        1510        1.65        1.65 1.18069e-08
        1511        1.65        1.65  1.1803e-08
        1512        1.65        1.65 1.17991e-08
        1513        1.65        1.65 1.17952e-08
        1514        1.65        1.65 1.18037e-08
        1515        1.65        1.65 1.17998e-08
        1516        1.65        1.65 1.17959e-08
        1517        1.65        1.65  1.1792e-08
        1518        1.65        1.65 1.18006e-08
        1519        1.65        1.65 1.17967e-08
        1520        1.65        1.65 1.17928e-08
        1521        1.65        1.65 1.17889e-08
        1522        1.65        1.65 1.18098e-08
        1523        1.65        1.65 1.18059e-08
        1524        1.65        1.65  1.1802e-08
        1525        1.65        1.65 1.18105e-08
        1526        1.65        1.65 1.18066e-08
        1527        1.65        1.65 1.18028e-08
        1528        1.65        1.65 1.17989e-08
        1529        1.65        1.65  1.1795e-08
        1530        1.65        1.65 1.18158e-08
        1531        1.65        1.65 1.18119e-08
        1532        1.65        1.65 1.18081e-08
        1533        1.65        1.65 1.18165e-08
        1534        1.65        1.65 1.18126e-08
        1535        1.65        1.65 1.18088e-08
        1536        1.65        1.65 1.18049e-08
        1537        1.65        1.65 1.18011e-08
        1538        1.65        1.65 1.18095e-08
        1539        1.65        1.65 1.18056e-08
        1540        1.65        1.65  1.1814e-08
        1541        1.65        1.65 1.18102e-08
        1542        1.65        1.65 1.18063e-08
        1543        1.65        1.65 1.18025e-08
        1544        1.65        1.65 1.17987e-08
        1545        1.65        1.65 1.17949e-08
        1546        1.65        1.65 1.18154e-08
        1547        1.65        1.65 1.18116e-08
        1548        1.65        1.65 1.18199e-08
        1549        1.65        1.65 1.18161e-08
        1550        1.65        1.65 1.18123e-08
        1551        1.65        1.65 1.18085e-08
        1552        1.65        1.65 1.18047e-08
        1553        1.65        1.65 1.18009e-08
        1554        1.65        1.65 1.18213e-08
        1555        1.65        1.65 1.18175e-08
        1556        1.65        1.65 1.18257e-08
        1557        1.65        1.65 1.18219e-08
        1558        1.65        1.65 1.18181e-08
        1559        1.65        1.65 1.18144e-08
        1560        1.65        1.65 1.18106e-08
        1561        1.65        1.65 1.18068e-08
        1562        1.65        1.65  1.1815e-08
        1563        1.65        1.65 1.18113e-08
        1564        1.65        1.65 1.18195e-08
        1565        1.65        1.65 1.18157e-08
        1566        1.65        1.65  1.1812e-08
        1567        1.65        1.65 1.18082e-08
        1568        1.65        1.65 1.18044e-08
        1569        1.65        1.65 1.18007e-08
        1570        1.65        1.65 1.18209e-08
        1571        1.65        1.65 1.18171e-08
        1572        1.65        1.65 1.18253e-08
        1573        1.65        1.65 1.18215e-08
        1574        1.65        1.65 1.18178e-08
        1575        1.65        1.65  1.1814e-08
        1576        1.65        1.65 1.18103e-08
        1577        1.65        1.65 1.18065e-08
        1578        1.65        1.65 1.18266e-08
        1579        1.65        1.65 1.18229e-08
        1580        1.65        1.65  1.1831e-08
        1581        1.65        1.65 1.18273e-08
        1582        1.65        1.65 1.18235e-08
        1583        1.65        1.65 1.18198e-08
        1584        1.65        1.65  1.1816e-08
        1585        1.65        1.65 1.18123e-08
        1586        1.65        1.65 1.18086e-08
        1587        1.65        1.65 1.18167e-08
        1588        1.65        1.65 1.18248e-08
        1589        1.65        1.65 1.18211e-08
        1590        1.65        1.65 1.18174e-08
        1591        1.65        1.65 1.18137e-08
        1592        1.65        1.65   1.181e-08
        1593        1.65        1.65 1.18063e-08
        1594        1.65        1.65 1.18026e-08
        1595        1.65        1.65 1.18224e-08
        1596        1.65        1.65 1.18305e-08
        1597        1.65        1.65 1.18268e-08
        1598        1.65        1.65 1.18231e-08
        1599        1.65        1.65 1.18194e-08
        1600        1.65        1.65 1.18157e-08
        1601        1.65        1.65  1.1812e-08
        1602        1.65        1.65 1.18083e-08
        1603        1.65        1.65 1.18046e-08
        1604        1.65        1.65 1.18244e-08
        1605        1.65        1.65 1.18324e-08
        1606        1.65        1.65 1.18287e-08
        1607        1.65        1.65  1.1825e-08
        1608        1.65        1.65 1.18214e-08
        1609        1.65        1.65 1.18177e-08
        1610        1.65        1.65  1.1814e-08
        1611        1.65        1.65 1.18103e-08
        1612        1.65        1.65 1.18183e-08
        1613        1.65        1.65 1.18263e-08
        1614        1.65        1.65 1.18227e-08
        1615        1.65        1.65  1.1819e-08
        1616        1.65        1.65 1.18153e-08
        1617        1.65        1.65 1.18117e-08
        1618        1.65        1.65  1.1808e-08
        1619        1.65        1.65 1.18044e-08
        1620        1.65        1.65 1.18007e-08
        1621        1.65        1.65 1.18203e-08
        1622        1.65        1.65 1.18282e-08
        1623        1.65        1.65 1.18246e-08
        1624        1.65        1.65  1.1821e-08
        1625        1.65        1.65 1.18173e-08
        1626        1.65        1.65 1.18137e-08
        1627        1.65        1.65 1.18101e-08
        1628        1.65        1.65 1.18064e-08
        1629        1.65        1.65 1.18028e-08
        1630        1.65        1.65 1.18338e-08
        1631        1.65        1.65 1.18301e-08
        1632        1.65        1.65 1.18265e-08
        1633        1.65        1.65 1.18229e-08
        1634        1.65        1.65 1.18193e-08
        1635        1.65        1.65 1.18157e-08
        1636        1.65        1.65  1.1812e-08
        1637        1.65        1.65 1.18084e-08
        1638        1.65        1.65 1.18048e-08
        1639        1.65        1.65 1.18242e-08
        1640        1.65        1.65 1.18206e-08
        1641        1.65        1.65  1.1817e-08
        1642        1.65        1.65 1.18134e-08
        1643        1.65        1.65 1.18098e-08
        1644        1.65        1.65 1.18062e-08
        1645        1.65        1.65 1.18026e-08
        1646        1.65        1.65  1.1799e-08
        1647        1.65        1.65 1.17954e-08
        1648        1.65        1.65 1.18261e-08
        1649        1.65        1.65 1.18225e-08
        1650        1.65        1.65 1.18189e-08
        1651        1.65        1.65 1.18153e-08
        1652        1.65        1.65 1.18117e-08
        1653        1.65        1.65 1.18082e-08
        1654        1.65        1.65 1.18046e-08
        1655        1.65        1.65  1.1801e-08
        1656        1.65        1.65 1.17975e-08
        1657        1.65        1.65 1.18279e-08
        1658        1.65        1.65 1.18244e-08
        1659        1.65        1.65 1.18208e-08
        1660        1.65        1.65 1.18172e-08
        1661        1.65        1.65 1.18137e-08
        1662        1.65        1.65 1.18101e-08
        1663        1.65        1.65 1.18066e-08
        1664        1.65        1.65  1.1803e-08
        1665        1.65        1.65 1.17995e-08
        1666        1.65        1.65 1.18185e-08
        1667        1.65        1.65  1.1815e-08
        1668        1.65        1.65 1.18114e-08
        1669        1.65        1.65 1.18079e-08
        1670        1.65        1.65 1.18044e-08
        1671        1.65        1.65 1.18008e-08
        1672        1.65        1.65 1.17973e-08
        1673        1.65        1.65 1.17938e-08
        1674        1.65        1.65 1.17903e-08
        1675        1.65        1.65  1.1798e-08
        1676        1.65        1.65 1.18169e-08
        1677        1.65        1.65 1.18134e-08
        1678        1.65        1.65 1.18099e-08
        1679        1.65        1.65 1.18063e-08
        1680        1.65        1.65 1.18028e-08
        1681        1.65        1.65 1.17993e-08
        1682        1.65        1.65 1.17958e-08
        1683        1.65        1.65 1.17923e-08
        1684        1.65        1.65    1.18e-08
        1685        1.65        1.65 1.18076e-08
        1686        1.65        1.65 1.18041e-08
        1687        1.65        1.65 1.18006e-08
        1688        1.65        1.65 1.17971e-08
        1689        1.65        1.65 1.17936e-08
        1690        1.65        1.65 1.17902e-08
        1691        1.65        1.65 1.17867e-08
        1692        1.65        1.65 1.17832e-08
        1693        1.65        1.65 1.17908e-08
        1694        1.65        1.65 1.17874e-08
        1695        1.65        1.65 1.18061e-08
        1696        1.65        1.65 1.18026e-08
        1697        1.65        1.65 1.17991e-08
        1698        1.65        1.65 1.17957e-08
        1699        1.65        1.65 1.17922e-08
        1700        1.65        1.65 1.17887e-08
        1701        1.65        1.65 1.17852e-08
        1702        1.65        1.65 1.17929e-08
        1703        1.65        1.65 1.17894e-08
        1704        1.65        1.65  1.1808e-08
        1705        1.65        1.65 1.18046e-08
        1706        1.65        1.65 1.18011e-08
        1707        1.65        1.65 1.17976e-08
        1708        1.65        1.65 1.17942e-08
        1709        1.65        1.65 1.17907e-08
        1710        1.65        1.65 1.17873e-08
        1711        1.65        1.65 1.17838e-08
        1712        1.65        1.65 1.17914e-08
        1713        1.65        1.65  1.1788e-08
        1714        1.65        1.65 1.17955e-08
        1715        1.65        1.65 1.17921e-08
        1716        1.65        1.65 1.17886e-08
        1717        1.65        1.65 1.17852e-08
        1718        1.65        1.65 1.17818e-08
        1719        1.65        1.65 1.17783e-08
        1720        1.65        1.65 1.17749e-08
        1721        1.65        1.65 1.17715e-08
        1722        1.65        1.65  1.1779e-08
        1723        1.65        1.65 1.17756e-08
        1724        1.65        1.65 1.17941e-08
        1725        1.65        1.65 1.17906e-08
        1726        1.65        1.65 1.17872e-08
        1727        1.65        1.65 1.17838e-08
        1728        1.65        1.65 1.17804e-08
        1729        1.65        1.65  1.1777e-08
        1730        1.65        1.65 1.17736e-08
        1731        1.65        1.65 1.17811e-08
        1732        1.65        1.65 1.17777e-08
        1733        1.65        1.65 1.17743e-08
        1734        1.65        1.65 1.17926e-08
        1735        1.65        1.65 1.17892e-08
        1736        1.65        1.65 1.17858e-08
        1737        1.65        1.65 1.17824e-08
        1738        1.65        1.65  1.1779e-08
        1739        1.65        1.65 1.17757e-08
        1740        1.65        1.65 1.17723e-08
        1741        1.65        1.65 1.17797e-08
        1742        1.65        1.65 1.17763e-08
        1743        1.65        1.65  1.1773e-08
        1744        1.65        1.65 1.17804e-08
        1745        1.65        1.65  1.1777e-08
        1746        1.65        1.65 1.17737e-08
        1747        1.65        1.65 1.17703e-08
        1748        1.65        1.65 1.17669e-08
        1749        1.65        1.65 1.17636e-08
        1750        1.65        1.65 1.17602e-08
        1751        1.65        1.65 1.17676e-08
        1752        1.65        1.65 1.17643e-08
        1753        1.65        1.65 1.17609e-08
        1754        1.65        1.65 1.17791e-08
        1755        1.65        1.65 1.17757e-08
        1756        1.65        1.65 1.17723e-08
        1757        1.65        1.65  1.1769e-08
        1758        1.65        1.65 1.17657e-08
        1759        1.65        1.65 1.17623e-08
        1760        1.65        1.65  1.1759e-08
        1761        1.65        1.65 1.17663e-08
        1762        1.65        1.65  1.1763e-08
        1763        1.65        1.65 1.17597e-08
        1764        1.65        1.65 1.17563e-08
        1765        1.65        1.65 1.17744e-08
        1766        1.65        1.65 1.17711e-08
        1767        1.65        1.65 1.17677e-08
        1768        1.65        1.65 1.17644e-08
        1769        1.65        1.65 1.17611e-08
        1770        1.65        1.65 1.17578e-08
        1771        1.65        1.65 1.17651e-08
        1772        1.65        1.65 1.17618e-08
        1773        1.65        1.65 1.17585e-08
        1774        1.65        1.65 1.17551e-08
        1775        1.65        1.65 1.17625e-08
        1776        1.65        1.65 1.17592e-08
        1777        1.65        1.65 1.17558e-08
        1778        1.65        1.65 1.17525e-08
        1779        1.65        1.65 1.17492e-08
        1780        1.65        1.65 1.17459e-08
        1781        1.65        1.65 1.17533e-08
        1782        1.65        1.65   1.175e-08
        1783        1.65        1.65 1.17467e-08
        1784        1.65        1.65 1.17434e-08
        1785        1.65        1.65 1.17401e-08
        1786        1.65        1.65  1.1758e-08
        1787        1.65        1.65 1.17547e-08
        1788        1.65        1.65 1.17514e-08
        1789        1.65        1.65 1.17481e-08
        1790        1.65        1.65 1.17448e-08
        1791        1.65        1.65 1.17415e-08
        1792        1.65        1.65 1.17488e-08
        1793        1.65        1.65 1.17455e-08
        1794        1.65        1.65 1.17423e-08
        1795        1.65        1.65  1.1739e-08
        1796        1.65        1.65 1.17568e-08
        1797        1.65        1.65 1.17535e-08
        1798        1.65        1.65 1.17502e-08
        1799        1.65        1.65  1.1747e-08
        1800        1.65        1.65 1.17437e-08
        1801        1.65        1.65 1.17404e-08
        1802        1.65        1.65 1.17477e-08
        1803        1.65        1.65 1.17444e-08
        1804        1.65        1.65 1.17412e-08
        1805        1.65        1.65 1.17379e-08
        1806        1.65        1.65 1.17347e-08
        1807        1.65        1.65 1.17419e-08
        1808        1.65        1.65 1.17386e-08
        1809        1.65        1.65 1.17354e-08
        1810        1.65        1.65 1.17321e-08
        1811        1.65        1.65 1.17289e-08
        1812        1.65        1.65 1.17257e-08
        1813        1.65        1.65 1.17329e-08
        1814        1.65        1.65 1.17296e-08
        1815        1.65        1.65 1.17264e-08
        1816        1.65        1.65 1.17232e-08
        1817        1.65        1.65   1.172e-08
        1818        1.65        1.65 1.17376e-08
        1819        1.65        1.65 1.17343e-08
        1820        1.65        1.65 1.17311e-08
        1821        1.65        1.65 1.17279e-08
        1822        1.65        1.65 1.17247e-08
        1823        1.65        1.65 1.17214e-08
        1824        1.65        1.65 1.17286e-08
        1825        1.65        1.65 1.17254e-08
        1826        1.65        1.65 1.17222e-08
        1827        1.65        1.65  1.1719e-08
        1828        1.65        1.65 1.17158e-08
        1829        1.65        1.65 1.17333e-08
        1830        1.65        1.65 1.17301e-08
        1831        1.65        1.65 1.17269e-08
        1832        1.65        1.65 1.17237e-08
        1833        1.65        1.65 1.17205e-08
        1834        1.65        1.65 1.17173e-08
        1835        1.65        1.65 1.17244e-08
        1836        1.65        1.65 1.17212e-08
        1837        1.65        1.65  1.1718e-08
        1838        1.65        1.65 1.17148e-08
        1839        1.65        1.65 1.17117e-08
        1840        1.65        1.65 1.17085e-08
        1841        1.65        1.65 1.17156e-08
        1842        1.65        1.65 1.17124e-08
        1843        1.65        1.65 1.17092e-08
        1844        1.65        1.65 1.17061e-08
        1845        1.65        1.65 1.17029e-08
        1846        1.65        1.65   1.171e-08
        1847        1.65        1.65 1.17068e-08
        1848        1.65        1.65 1.17037e-08
        1849        1.65        1.65 1.17005e-08
        1850        1.65        1.65 1.16973e-08
        1851        1.65        1.65 1.16942e-08
        1852        1.65        1.65 1.17115e-08
        1853        1.65        1.65 1.17083e-08
        1854        1.65        1.65 1.17052e-08
        1855        1.65        1.65  1.1702e-08
        1856        1.65        1.65 1.16989e-08
        1857        1.65        1.65 1.17059e-08
        1858        1.65        1.65 1.17028e-08
        1859        1.65        1.65 1.16996e-08
        1860        1.65        1.65 1.16965e-08
        1861        1.65        1.65 1.16934e-08
        1862        1.65        1.65 1.16902e-08
        1863        1.65        1.65 1.17075e-08
        1864        1.65        1.65 1.17043e-08
        1865        1.65        1.65 1.17012e-08
        1866        1.65        1.65  1.1698e-08
        1867        1.65        1.65 1.16949e-08
        1868        1.65        1.65 1.17019e-08
        1869        1.65        1.65 1.16988e-08
        1870        1.65        1.65 1.16957e-08
        1871        1.65        1.65 1.16926e-08
        1872        1.65        1.65 1.16894e-08
        1873        1.65        1.65 1.16863e-08
        1874        1.65        1.65 1.16832e-08
        1875        1.65        1.65 1.16902e-08
        1876        1.65        1.65 1.16871e-08
        1877        1.65        1.65  1.1684e-08
        1878        1.65        1.65 1.16809e-08
        1879        1.65        1.65 1.16879e-08
        1880        1.65        1.65 1.16848e-08
        1881        1.65        1.65 1.16817e-08
        1882        1.65        1.65 1.16786e-08
        1883        1.65        1.65 1.16755e-08
        1884        1.65        1.65 1.16724e-08
        1885        1.65        1.65 1.16693e-08
        1886        1.65        1.65 1.16662e-08
        1887        1.65        1.65 1.16832e-08
        1888        1.65        1.65 1.16801e-08
        1889        1.65        1.65  1.1677e-08
        1890        1.65        1.65  1.1674e-08
        1891        1.65        1.65 1.16809e-08
        1892        1.65        1.65 1.16778e-08
        1893        1.65        1.65 1.16748e-08
        1894        1.65        1.65 1.16717e-08
        1895        1.65        1.65 1.16686e-08
        1896        1.65        1.65 1.16655e-08
        1897        1.65        1.65 1.16624e-08
        1898        1.65        1.65 1.16594e-08
        1899        1.65        1.65 1.16663e-08
        1900        1.65        1.65 1.16633e-08
        1901        1.65        1.65 1.16602e-08
        1902        1.65        1.65 1.16571e-08
        1903        1.65        1.65 1.16641e-08
        1904        1.65        1.65  1.1661e-08
        1905        1.65        1.65 1.16579e-08
        1906        1.65        1.65 1.16549e-08
        1907        1.65        1.65 1.16518e-08
        1908        1.65        1.65 1.16488e-08
        1909        1.65        1.65 1.16457e-08
        1910        1.65        1.65 1.16427e-08
        1911        1.65        1.65 1.16596e-08
        1912        1.65        1.65 1.16565e-08
        1913        1.65        1.65 1.16535e-08
        1914        1.65        1.65 1.16504e-08
        1915        1.65        1.65 1.16573e-08
        1916        1.65        1.65 1.16543e-08
        1917        1.65        1.65 1.16513e-08
        1918        1.65        1.65 1.16482e-08
        1919        1.65        1.65 1.16452e-08
        1920        1.65        1.65 1.16422e-08
        1921        1.65        1.65 1.16391e-08
        1922        1.65        1.65 1.16361e-08
        1923        1.65        1.65 1.16529e-08
        1924        1.65        1.65 1.16499e-08
        1925        1.65        1.65 1.16468e-08
        1926        1.65        1.65 1.16438e-08
        1927        1.65        1.65 1.16507e-08
        1928        1.65        1.65 1.16477e-08
        1929        1.65        1.65 1.16447e-08
        1930        1.65        1.65 1.16416e-08
        1931        1.65        1.65 1.16386e-08
        1932        1.65        1.65 1.16356e-08
        1933        1.65        1.65 1.16326e-08
        1934        1.65        1.65 1.16296e-08
        1935        1.65        1.65 1.16266e-08
        1936        1.65        1.65 1.16334e-08
        1937        1.65        1.65 1.16304e-08
        1938        1.65        1.65 1.16274e-08
        1939        1.65        1.65 1.16343e-08
        1940        1.65        1.65 1.16313e-08
        1941        1.65        1.65 1.16283e-08
        1942        1.65        1.65 1.16253e-08
        1943        1.65        1.65 1.16223e-08
        1944        1.65        1.65 1.16193e-08
        1945        1.65        1.65 1.16163e-08
        1946        1.65        1.65 1.16133e-08
        1947        1.65        1.65 1.16104e-08
        1948        1.65        1.65  1.1627e-08
        1949        1.65        1.65  1.1624e-08
        1950        1.65        1.65  1.1621e-08
        1951        1.65        1.65 1.16279e-08
        1952        1.65        1.65 1.16249e-08
        1953        1.65        1.65 1.16219e-08
        1954        1.65        1.65 1.16189e-08
        1955        1.65        1.65  1.1616e-08
        1956        1.65        1.65  1.1613e-08
        1957        1.65        1.65   1.161e-08
        1958        1.65        1.65 1.16071e-08
        1959        1.65        1.65 1.16041e-08
        1960        1.65        1.65 1.16011e-08
        1961        1.65        1.65 1.16177e-08
        1962        1.65        1.65 1.16147e-08
        1963        1.65        1.65 1.16215e-08
        1964        1.65        1.65 1.16185e-08
        1965        1.65        1.65 1.16156e-08
        1966        1.65        1.65 1.16126e-08
        1967        1.65        1.65 1.16097e-08
        1968        1.65        1.65 1.16067e-08
        1969        1.65        1.65 1.16038e-08
        1970        1.65        1.65 1.16008e-08
        1971        1.65        1.65 1.15979e-08
        1972        1.65        1.65 1.15949e-08
        1973        1.65        1.65  1.1592e-08
        1974        1.65        1.65 1.15988e-08
        1975        1.65        1.65 1.15958e-08
        1976        1.65        1.65 1.16026e-08
        1977        1.65        1.65 1.15997e-08
        1978        1.65        1.65 1.15967e-08
        1979        1.65        1.65 1.15938e-08
        1980        1.65        1.65 1.15909e-08
        1981        1.65        1.65 1.15879e-08
        1982        1.65        1.65  1.1585e-08
        1983        1.65        1.65 1.15821e-08
        1984        1.65        1.65 1.15792e-08
        1985        1.65        1.65 1.15763e-08
        1986        1.65        1.65 1.15733e-08
        1987        1.65        1.65 1.15897e-08
        1988        1.65        1.65 1.15868e-08
        1989        1.65        1.65 1.15935e-08
        1990        1.65        1.65 1.15906e-08
        1991        1.65        1.65 1.15877e-08
        1992        1.65        1.65 1.15848e-08
        1993        1.65        1.65 1.15819e-08
        1994        1.65        1.65  1.1579e-08
        1995        1.65        1.65 1.15761e-08
        1996        1.65        1.65 1.15732e-08
        1997        1.65        1.65 1.15703e-08
        1998        1.65        1.65 1.15674e-08
        1999        1.65        1.65 1.15645e-08
        2000        1.65        1.65 1.15616e-08
