           1    -5.50808    -5.50808           0
           2    -5.01212     -5.2601    0.175349
           3    -4.36372     -4.9613    0.270525
           4    -4.02625    -4.72754    0.286617
           5    -3.96932     -4.5759    0.266407
           6    -3.40103    -4.38008    0.285023
           7    -3.00021    -4.18296    0.304947
           8    -2.81482    -4.01194    0.311108
           9    -2.71577    -3.86792    0.308077
          10    -2.62318    -3.74345    0.301368
          11    -2.44282    -3.62521    0.296259
          12     -2.2506    -3.51066    0.292881
          13    -1.79442    -3.37864    0.298627
          14    -1.43376    -3.23972    0.307919
          15    -1.29813    -3.11028    0.313418
          16    -1.68808    -3.02139    0.306175
          17    -1.90717    -2.95585    0.295096
          18     -1.6451    -2.88303    0.287547
          19    -1.58457    -2.81469    0.280416
          20    -1.59463    -2.75369     0.27295
          21    -1.57528    -2.69757    0.265658
          22    -1.64922    -2.64992    0.257821
          23    -1.82226    -2.61394     0.24911
          24    -1.78909    -2.57957     0.24109
          25    -1.50096    -2.53642    0.235275
          26    -1.15268     -2.4832    0.232167
          27    -1.32255    -2.44021    0.227513
          28    -1.02559    -2.38969    0.224928
          29   -0.998449    -2.34172    0.222229
          30   -0.521181    -2.28103    0.222953
          31    -0.26679    -2.21606     0.22503
          32    -0.64083    -2.16683    0.223317
          33   -0.726091    -2.12317    0.220776
          34   -0.826889    -2.08505     0.21755
          35   -0.709429    -2.04574    0.214855
          36   -0.689727    -2.00808    0.212163
          37   -0.376451    -1.96398    0.210962
          38   -0.530071    -1.92624    0.208758
          39   -0.433472    -1.88797    0.206884
          40   -0.376659    -1.85019    0.205133
          41   -0.369732    -1.81408    0.203283
          42   0.0620621    -1.76941    0.203292
          43   -0.326345    -1.73585    0.201315
          44   -0.355273    -1.70447     0.19917
          45  -0.0734575    -1.66823    0.198014
          46   0.0454419    -1.63097    0.197183
          47   -0.436726    -1.60556    0.194618
          48   -0.694009    -1.58657    0.191487
          49   -0.190607    -1.55808    0.189687
          50   -0.257065    -1.53206    0.187669
          51   -0.577259    -1.51334    0.184921
          52   -0.616931     -1.4961    0.182167
          53   -0.971267     -1.4862    0.178999
          54    -1.02447    -1.47765    0.175888
          55   -0.948985    -1.46804    0.172952
          56   -0.752336    -1.45526    0.170335
          57   -0.789653    -1.44358    0.167747
          58    -0.88609    -1.43397     0.16513
          59   -0.813319    -1.42345    0.162666
          60   -0.320101    -1.40506    0.160991
          61   -0.655558    -1.39277     0.15882
          62    -0.73419    -1.38215    0.156613
          63   -0.821635    -1.37325     0.15438
          64   -0.488186    -1.35942    0.152586
          65   -0.685886    -1.34906    0.150589
          66   -0.676824    -1.33888    0.148652
          67   -0.522883     -1.3267    0.146931
          68   -0.792455    -1.31884     0.14498
          69   -0.494551    -1.30689    0.143371
          70   -0.302644    -1.29255    0.142038
          71   -0.227581    -1.27755    0.140828
          72   0.0286093    -1.25941    0.140035
          73   -0.586813    -1.25019     0.13842
          74   -0.575982    -1.24108    0.136849
          75    -0.49036    -1.23107     0.13539
          76   -0.141136    -1.21673    0.134366
          77    -0.50438    -1.20748    0.132939
          78   -0.423699    -1.19743    0.131614
          79   -0.429073    -1.18771    0.130306
          80   -0.370436    -1.17749    0.129077
          81   -0.389171    -1.16776     0.12785
          82    -0.36327    -1.15795    0.126667
          83   -0.411484    -1.14895     0.12546
          84   -0.269469    -1.13848    0.124402
          85    0.182816    -1.12294    0.123906
          86  -0.0509201    -1.11047    0.123091
          87    0.113648     -1.0964    0.122478
          88   -0.570154    -1.09042    0.121232
          89  -0.0470216     -1.0787    0.120435
          90    0.164833    -1.06488    0.119887
          91  -0.0467948    -1.05369     0.11909
          92   0.0471652    -1.04173    0.118395
          93   -0.264972    -1.03338    0.117417
          94    0.132913    -1.02097    0.116821
          95  0.00243552     -1.0102    0.116087
          96    0.480986   -0.994663    0.115912
          97    0.321039   -0.981099    0.115508
          98    0.234118   -0.968699    0.114993
          99    0.235514   -0.956535    0.114473
         100    0.428242   -0.942687    0.114163
         101    0.373555   -0.929655    0.113774
         102     0.65034   -0.914165    0.113708
         103    0.730338   -0.898199     0.11372
         104    0.506149   -0.884696    0.113425
         105    0.318496   -0.873237    0.112922
         106    0.199634   -0.863115     0.11231
         107   0.0870205   -0.854236    0.111611
         108 -0.00172651   -0.846342    0.110856
         109   -0.146024   -0.839917    0.110025
         110    0.029453   -0.832014    0.109308
         111    0.325263   -0.821588    0.108819
         112    0.191873   -0.812539    0.108223
         113   0.0179645   -0.805189    0.107515
         114    0.249427   -0.795938    0.106969
         115    0.328357   -0.786162    0.106485
         116    0.406931   -0.775877    0.106062
         117    0.756367   -0.762781    0.105961
         118    0.482308   -0.752229    0.105587
         119       0.139    -0.74474    0.104965
         120   -0.118176   -0.739518     0.10422
         121   -0.303026   -0.735911    0.103421
         122    0.168913   -0.728494    0.102839
         123  0.00479151   -0.722533    0.102176
         124   -0.342575   -0.719468    0.101398
         125    0.128856   -0.712682    0.100814
         126    0.128937   -0.706002    0.100234
         127   -0.426509   -0.703802   0.0994694
         128   -0.740874   -0.704091   0.0986927
         129   -0.311012   -0.701044   0.0979747
         130   -0.278341   -0.697793    0.097275
         131    -0.57628   -0.696865   0.0965368
         132   -0.420207   -0.694769   0.0958282
         133   -0.534562   -0.693565   0.0951153
         134   -0.322482   -0.690795   0.0944458
         135   -0.437098   -0.688916   0.0937649
         136   -0.252313   -0.685706   0.0931304
         137  -0.0674738   -0.681193   0.0925598
         138   -0.815847   -0.682169   0.0918943
         139   -0.725772   -0.682483   0.0912337
         140   -0.755163   -0.683002   0.0905835
         141   -0.653027   -0.682789   0.0899413
         142   -0.908523   -0.684379    0.089322
         143   -0.465079   -0.682845   0.0887105
         144   -0.649582   -0.682614   0.0880948
         145   -0.303959   -0.680003   0.0875259
         146   -0.333904   -0.677632   0.0869585
         147   -0.201572   -0.674394   0.0864272
         148   -0.118082   -0.670635    0.085925
         149  0.00499536     -0.6661   0.0854679
         150   0.0514748   -0.661317   0.0850318
         151    0.473946   -0.653798   0.0848004
         152    0.306229   -0.647482   0.0844774
         153    0.618127    -0.63921   0.0843293
         154    0.185896   -0.633853   0.0839517
         155    0.482799   -0.626648   0.0837187
         156   0.0304961   -0.622436   0.0832879
         157    0.589938   -0.614714   0.0831146
         158  -0.0750557   -0.611298   0.0826587
         159   -0.221795   -0.608849   0.0821752
         160   0.0045432   -0.605015   0.0817509
         161   -0.271385   -0.602943   0.0812694
         162   -0.127352   -0.600007   0.0808208
         163   -0.304661   -0.598195   0.0803453
         164    0.108118   -0.593888   0.0799707
         165   0.0367056   -0.590066   0.0795773
         166  -0.0539341   -0.586837   0.0791634
         167   -0.446509   -0.585996   0.0786938
         168   -0.467825   -0.585293   0.0782286
         169   -0.537601   -0.585011   0.0777662
         170   -0.162025   -0.582523   0.0773485
         171    0.189673   -0.578007   0.0770279
         172    0.563736   -0.571369   0.0768656
         173    0.884917   -0.562951   0.0768808
         174    0.871147   -0.554709   0.0768795
         175    0.591599   -0.548159   0.0767187
         176    0.427449   -0.542615   0.0764828
         177  -0.0630871   -0.539906   0.0760987
         178  -0.0924665   -0.537393   0.0757127
         179    0.214407   -0.533193   0.0754061
         180  -0.0638527   -0.530585   0.0750322
         181   -0.409919   -0.529918   0.0746207
         182   -0.471798   -0.529599   0.0742113
         183   -0.565076   -0.529793   0.0738061
         184   -0.983451   -0.532258   0.0734461
         185    -0.40796   -0.531587   0.0730522
         186   -0.128996   -0.529422   0.0726915
         187   -0.257087   -0.527966   0.0723173
         188   -0.354607   -0.527044   0.0719386
         189   -0.262135   -0.525642   0.0715716
         190   -0.640299   -0.526245   0.0711974
         191  -0.0248711    -0.52362    0.070873
         192   -0.144451   -0.521646   0.0705314
         193    0.239566   -0.517702   0.0702762
         194    0.145243   -0.514284    0.069997
         195    0.633143     -0.5084   0.0698849
         196    0.760593   -0.501926   0.0698276
         197    0.885922   -0.494881   0.0698276
         198    0.980517   -0.487429   0.0698714
         199    0.789599   -0.481012   0.0698144
         200    0.459818   -0.476308   0.0696236
         201    0.409778   -0.471899   0.0694166
         202    0.497882   -0.467099   0.0692388
         203    0.230521   -0.463662    0.068983
         204    0.277779   -0.460027   0.0687405
         205    0.552866   -0.455087   0.0685825
         206    0.526881    -0.45032    0.068415
         207    0.776476   -0.444393   0.0683407
         208    0.946166   -0.437708   0.0683384
         209    0.870518   -0.431448   0.0682975
         210    0.873964   -0.425232   0.0682546
         211    0.453993   -0.421065   0.0680582
         212    0.328102   -0.417531   0.0678288
         213    0.117548   -0.415019   0.0675569
         214    0.158915   -0.412337   0.0672944
         215   -0.326798   -0.411939   0.0669826
         216   -0.465747   -0.412189   0.0666729
         217   -0.290713   -0.411629    0.066368
         218   -0.483619   -0.411959   0.0660644
         219   -0.858457   -0.413998   0.0657942
         220   -0.592932   -0.414811   0.0655002
         221   -0.066589   -0.413235   0.0652227
         222   0.0925117   -0.410957   0.0649687
         223   -0.194843   -0.409988   0.0646846
         224   -0.187544   -0.408995   0.0644035
         225   0.0384857   -0.407006   0.0641479
         226    0.551337   -0.402766   0.0640041
         227    0.481143   -0.398872   0.0638405
         228     0.94514   -0.392977    0.063832
         229    0.842974    -0.38758   0.0637811
         230    0.453331   -0.383924   0.0636085
         231 -0.00945505   -0.382303   0.0633537
         232  0.00858415   -0.380618   0.0631031
         233   -0.012908    -0.37904    0.062852
         234    0.159398   -0.376739   0.0626255
         235    0.270217   -0.373986   0.0624195
         236   0.0925469   -0.372009   0.0621863
         237    0.373311   -0.368864   0.0620034
         238    0.651285   -0.364578   0.0618908
         239    0.925247   -0.359181   0.0618667
         240    0.720018   -0.354684   0.0617721
         241    0.455921   -0.351321   0.0616073
         242    0.484225   -0.347868   0.0614494
         243    0.478097   -0.344469   0.0612905
         244    0.864518   -0.339514   0.0612392
         245    0.564452   -0.335825   0.0611003
         246    0.728398   -0.331499   0.0610049
         247    0.221493    -0.32926    0.060799
         248    0.694186   -0.325133   0.0606937
         249    0.665222   -0.321156   0.0605802
         250    0.518887   -0.317795    0.060431
         251    0.850471   -0.313141   0.0603692
         252    0.547421   -0.309726   0.0602261
         253    0.369338   -0.307042   0.0600479
         254    0.301222   -0.304647   0.0598592
         255    0.600725   -0.301097   0.0597296
         256    0.430798   -0.298238   0.0595647
         257     0.51392   -0.295078   0.0594167
         258    0.704552   -0.291203   0.0593126
         259    0.164895   -0.289442   0.0591097
         260    0.281624   -0.287246   0.0589232
         261     0.15493   -0.285552   0.0587218
         262   -0.234486   -0.285357    0.058498
         263    0.129034   -0.283781   0.0582968
         264  0.00206468   -0.282698    0.058086
         265    0.354947   -0.280292   0.0579166
         266    0.324151    -0.27802   0.0577434
         267   0.0151029   -0.276922   0.0575376
         268    0.238633   -0.274998   0.0573551
         269    0.436128   -0.272355   0.0572027
         270    0.784921   -0.268439   0.0571248
         271    0.297401   -0.266351   0.0569521
         272    0.523671   -0.263446   0.0568167
         273    0.317458   -0.261318   0.0566484
         274    0.426309   -0.258809   0.0564973
         275    0.317731   -0.256712   0.0563307
         276    0.347809   -0.254522   0.0561692
         277    0.622537   -0.251356   0.0560556
         278    0.584164    -0.24835   0.0559344
         279    0.541326    -0.24552   0.0558055
         280    0.198523   -0.243934   0.0556287
         281    0.103489   -0.242698   0.0554445
         282  -0.0848554   -0.242138   0.0552507
         283    0.721766   -0.238732   0.0551604
         284    0.615637   -0.235724   0.0550481
         285     0.65214   -0.232608   0.0549431
         286    0.174283   -0.231186   0.0547694
         287   -0.148342   -0.230897   0.0545793
         288    0.317744   -0.228992    0.054423
         289    0.736808    -0.22565   0.0543372
         290    0.912534   -0.221725   0.0542914
         291    0.731371    -0.21845   0.0542035
         292    0.519042   -0.215924   0.0540767
         293    0.665134   -0.212917   0.0539757
         294    0.680684   -0.209878   0.0538776
         295    0.062002   -0.208956   0.0537029
         296  -0.0205029    -0.20832   0.0535252
         297  -0.0694672   -0.207852    0.053347
         298   0.0691659   -0.206922   0.0531761
         299    0.345779   -0.205074   0.0530304
         300    0.404212   -0.203043   0.0528925
         301    0.467792   -0.200814   0.0527637
         302    0.455688    -0.19864   0.0526338
         303    0.405729   -0.196646   0.0524978
         304    0.244363   -0.195195   0.0523452
         305    0.366112   -0.193355   0.0522059
         306   0.0269965   -0.192635   0.0520402
         307    0.521719   -0.190308   0.0519227
         308   0.0509355   -0.189525   0.0517601
         309   -0.383567   -0.190153   0.0515964
         310   -0.130628   -0.189961   0.0514303
         311   -0.179842   -0.189928   0.0512649
         312   -0.132608   -0.189744   0.0511009
         313  -0.0558859   -0.189317   0.0509395
         314   -0.119202   -0.189093   0.0507777
         315    -0.29668   -0.189435   0.0506177
         316   -0.450393   -0.190261   0.0504642
         317    0.253436   -0.188861   0.0503244
         318   -0.135583   -0.188693   0.0501665
         319   -0.396487   -0.189345   0.0500134
         320  -0.0799124   -0.189003   0.0498583
         321    0.120317   -0.188039   0.0497123
         322    0.125443   -0.187066   0.0495674
         323    0.311058   -0.185524    0.049438
         324   0.0493572   -0.184799   0.0492907
         325     -0.5095   -0.185798   0.0491492
         326   -0.148766   -0.185684   0.0489985
         327    -0.33986   -0.186156    0.048851
         328   0.0695476   -0.185376   0.0487082
         329    0.240959    -0.18408   0.0485774
         330    0.537348   -0.181894   0.0484794
         331   0.0701873   -0.181132   0.0483389
         332   0.0743684   -0.180363   0.0481994
         333   -0.134652   -0.180226   0.0480549
         334 -0.00777926   -0.179709   0.0479138
         335  -0.0913344   -0.179445   0.0477715
         336   -0.141489   -0.179333   0.0476294
         337   0.0520838   -0.178646   0.0474931
         338    0.297913   -0.177236   0.0473735
         339    0.840938   -0.174232   0.0473288
         340    0.633655   -0.171856   0.0472492
         341    0.123836   -0.170989   0.0471186
         342    0.270529   -0.169698   0.0469985
         343    0.660101   -0.167279   0.0469237
         344    0.557467   -0.165172   0.0468346
         345    0.462151   -0.163354   0.0467341
         346    0.376425   -0.161794   0.0466251
         347    0.264792   -0.160564   0.0465069
         348    0.109522   -0.159788   0.0463798
         349   0.0554372   -0.159172    0.046251
         350   0.0633098   -0.158536   0.0461232
         351    0.227978   -0.157435   0.0460049
         352    0.495596    -0.15558   0.0459116
         353    0.560529   -0.153551   0.0458264
         354    0.553745   -0.151553   0.0457405
         355    0.445511   -0.149871   0.0456425
         356    0.202135   -0.148882    0.045525
         357    0.350816   -0.147482    0.045419
         358    0.591974   -0.145417   0.0453391
         359    0.733272   -0.142969   0.0452788
         360    0.895611   -0.140084   0.0452449
         361     0.76718   -0.137571   0.0451893
         362    0.823445   -0.134916   0.0451423
         363    0.322291   -0.133657   0.0450356
         364    0.148344   -0.132882   0.0449185
         365   -0.028024   -0.132595   0.0447963
         366   0.0958596   -0.131971   0.0446783
         367    0.470917   -0.130328   0.0445868
         368    0.572337   -0.128419   0.0445065
         369    0.512212   -0.126682   0.0444197
         370    0.663165   -0.124548   0.0443509
         371    0.611146   -0.122565   0.0442757
         372    0.792867   -0.120104    0.044225
         373    0.666066   -0.117996   0.0441566
         374    0.953439   -0.115131   0.0441314
         375    0.849276    -0.11256   0.0440886
         376    0.900623   -0.109865   0.0440536
         377    0.560695   -0.108086   0.0439726
         378    0.328168   -0.106932   0.0438714
         379    0.535498   -0.105237   0.0437884
         380    0.739843   -0.103013   0.0437296
         381     1.12528  -0.0997894   0.0437335
         382    0.668688  -0.0977777   0.0436653
         383    0.879492  -0.0952261   0.0436258
         384    0.942571  -0.0925235   0.0435958
         385    0.545107  -0.0908673    0.043514
         386    0.671497  -0.0888923   0.0434461
         387    0.404655  -0.0876169   0.0433525
         388    0.827948  -0.0852572   0.0433049
         389    0.968006  -0.0825496   0.0432782
         390      1.2189  -0.0792126   0.0432957
         391    0.914351  -0.0766715   0.0432595
         392    0.540527   -0.075097   0.0431777
         393    0.693708  -0.0731408   0.0431122
         394    0.639218  -0.0713327   0.0430406
         395    0.260994  -0.0704914   0.0429399
         396    0.646711  -0.0686803   0.0428696
         397    0.476407  -0.0673073   0.0427836
         398    0.570135  -0.0657057   0.0427061
         399     1.18132  -0.0625803   0.0427133
         400     1.20076  -0.0594219   0.0427231
         401     1.16718  -0.0563631   0.0427259
         402     0.91742  -0.0539408   0.0426883
         403    0.739936  -0.0519708   0.0426278
         404    0.415486  -0.0508138    0.042538
         405    0.372554  -0.0497684   0.0424458
         406    0.156596  -0.0492601   0.0423443
         407    0.544527  -0.0478012   0.0422653
         408    0.430182  -0.0466297    0.042178
         409   0.0514658  -0.0463898   0.0420755
         410   -0.238161  -0.0468576   0.0419755
         411    0.135561  -0.0464137   0.0418757
         412    0.210407  -0.0457904   0.0417787
         413    0.244023  -0.0450886   0.0416835
         414    0.293126  -0.0442717   0.0415908
         415    0.683386  -0.0425183   0.0415275
         416    0.534876  -0.0411303   0.0414509
         417    0.138221  -0.0407002   0.0413537
         418    0.125572  -0.0403024   0.0412567
         419   0.0846615  -0.0400042   0.0411593
         420  -0.0507858  -0.0400299   0.0410613
         421   0.0901092  -0.0397208   0.0409649
         422    0.310968  -0.0388897   0.0408763
         423    0.338789  -0.0379969   0.0407894
         424    0.671944  -0.0363225   0.0407276
         425     1.15369  -0.0335225   0.0407279
         426    0.994877  -0.0311084   0.0407038
         427    0.838846   -0.029071   0.0406594
         428     0.80057  -0.0271326   0.0406106
         429    0.359809  -0.0262306   0.0405259
         430    0.236433  -0.0256198   0.0404363
         431    0.679737  -0.0239832   0.0403756
         432    0.499465  -0.0227715   0.0403003
         433    0.343288  -0.0219261   0.0402161
         434    0.831676  -0.0199593   0.0401715
         435     1.19368  -0.0171693   0.0401759
         436    0.684095  -0.0155609   0.0401159
         437     1.05785  -0.0131046   0.0400993
         438    0.956111  -0.0108918   0.0400687
         439    0.893428 -0.00883183   0.0400304
         440    0.959335 -0.00663145   0.0399998
         441     1.08787 -0.00414958    0.039986
         442    0.660877 -0.00264499   0.0399239
         443     0.33457 -0.00188379    0.039841
         444    0.355762 -0.00107828   0.0397594
         445    0.384241-0.000212392   0.0396795
         446    0.200701 0.000238087   0.0395931
         447   -0.111444-1.17611e-05   0.0395053
         448   -0.164646-0.000379248   0.0394188
         449   -0.149409-0.000711162   0.0393324
         450    0.395212 0.000168668   0.0392549
         451    0.370344 0.000989457   0.0391764
         452    0.364777   0.0017943    0.039098
         453    0.785351    0.003524   0.0390499
         454    0.453273  0.00451464   0.0389765
         455    0.488646  0.00557867   0.0389053
         456    0.421072  0.00648983   0.0388307
         457    0.769672  0.00815982   0.0387816
         458    0.532142  0.00930388   0.0387138
         459    0.515971   0.0104077   0.0386452
         460    0.203222   0.0108269   0.0385635
         461    0.140139   0.0111074   0.0384808
         462     0.32555    0.011788   0.0384035
         463    0.424689   0.0126798    0.038331
         464    0.387158   0.0134869   0.0382568
         465    0.760482   0.0150933   0.0382083
         466     1.40829    0.018083   0.0382431
         467     1.08801   0.0203741   0.0382298
         468     0.91114   0.0222774   0.0381954
         469    0.605152   0.0235202   0.0381342
         470    0.878654   0.0253396   0.0380964
         471    0.767613   0.0269156   0.0380481
         472    0.918712    0.028805   0.0380144
         473    0.844372   0.0305292   0.0379731
         474    0.778052   0.0321063   0.0379257
         475    0.904897   0.0339437   0.0378904
         476     1.09602    0.036175   0.0378764
         477    0.789711   0.0377547   0.0378299
         478     1.05754   0.0398882   0.0378109
         479    0.792752   0.0414599   0.0377646
         480    0.666533   0.0427622   0.0377084
         481    0.223135   0.0431372   0.0376319
         482     0.31084   0.0436926   0.0375579
         483    0.124185   0.0438592   0.0374805
         484    0.961086   0.0457543   0.0374509
         485    0.521347   0.0467349   0.0373866
         486   0.0997431    0.046844   0.0373098
         487   -0.262804   0.0462082   0.0372386
         488  0.00511793    0.046124   0.0371624
         489    0.150209   0.0463368    0.037087
         490   0.0861092    0.046418   0.0370114
         491    0.615819   0.0475777   0.0369542
         492    0.171474   0.0478295   0.0368799
         493    0.269764   0.0482796   0.0368079
         494    0.317124   0.0488239   0.0367374
         495    0.502514   0.0497404   0.0366746
         496    0.688548   0.0510283   0.0366233
         497    0.553692   0.0520397   0.0365635
         498    0.643265   0.0532269   0.0365094
         499    0.611607   0.0543459   0.0364534
         500    0.812572   0.0558624    0.036412
         501     1.02066   0.0577881   0.0363902
         502    0.832434   0.0593312   0.0363504
         503     1.15705   0.0615136   0.0363436
         504     1.18048   0.0637338   0.0363392
         505     1.33296   0.0662471   0.0363541
         506    0.906828   0.0679083   0.0363202
         507    0.977644   0.0697027   0.0362928
         508    0.526587   0.0706021   0.0362325
         509    0.512513   0.0714702   0.0361718
         510    0.566921   0.0724417   0.0361139
         511    0.512712   0.0733033   0.0360535
         512    0.482693   0.0741029   0.0359919
         513    0.528359   0.0749884   0.0359327
         514     0.20778   0.0752467   0.0358637
         515    0.203139   0.0754951   0.0357949
         516   0.0972666   0.0755373   0.0357255
         517   -0.167889   0.0750664   0.0356595
         518    0.352424   0.0756019   0.0355947
         519    0.363539   0.0761567   0.0355305
         520    0.409391   0.0767975   0.0354679
         521    0.567521   0.0777394   0.0354123
         522    0.818122   0.0791577   0.0353729
         523    0.938697   0.0808012   0.0353434
         524     1.07456   0.0826977   0.0353268
         525     0.66513   0.0838071   0.0352769
         526     0.84762   0.0852592   0.0352398
         527    0.701345   0.0864283   0.0351923
         528    0.653495   0.0875022    0.035142
         529    0.740024   0.0887357   0.0350972
         530    0.899019   0.0902646   0.0350643
         531     0.79837   0.0915981   0.0350236
         532    0.736775   0.0928108   0.0349787
         533    0.467467   0.0935138   0.0349202
         534    0.249084   0.0938051    0.034856
         535   0.0434063   0.0937109    0.034791
         536    0.743291   0.0949228   0.0347472
         537    0.906736   0.0964346   0.0347153
         538    0.803974   0.0977497   0.0346757
         539    0.816228   0.0990827    0.034637
         540     1.00247    0.100756   0.0346132
         541     1.01049    0.102437   0.0345901
         542     1.52456    0.105061   0.0346256
         543     2.10422    0.108743    0.034757
         544     1.97062    0.112165   0.0348613
         545     1.08227    0.113945   0.0348427
         546     1.41233    0.116323   0.0348599
         547     1.09592    0.118114   0.0348422
         548    0.763926    0.119293   0.0347985
         549     1.11626    0.121109   0.0347825
         550    0.841888    0.122419   0.0347439
         551     1.02321    0.124054   0.0347193
         552      1.0635    0.125756   0.0346981
         553     1.63785     0.12849   0.0347429
         554    0.907068    0.129896   0.0347086
         555    0.881917    0.131251   0.0346725
         556     0.43501    0.131797   0.0346145
         557    0.877476    0.133136   0.0345782
         558     1.20172    0.135051   0.0345692
         559     0.91058    0.136438   0.0345352
         560    0.647083     0.13735   0.0344856
         561    0.773972    0.138485   0.0344428
         562    0.770371    0.139609   0.0343998
         563     0.81118    0.140802   0.0343594
         564    0.929183      0.1422   0.0343269
         565    0.675694    0.143144   0.0342791
         566    0.742554    0.144203   0.0342349
         567    0.850112    0.145448   0.0341972
         568     1.15175     0.14722   0.0341828
         569     0.85775    0.148468   0.0341456
         570    0.945031    0.149866   0.0341142
         571     1.29947    0.151879   0.0341139
         572     1.67738    0.154546   0.0341583
         573     1.58262    0.157038   0.0341895
         574     1.16637    0.158797   0.0341751
         575     1.08195    0.160402   0.0341534
         576     1.08172    0.162002   0.0341315
         577    0.943078    0.163355   0.0340992
         578    0.736109    0.164346   0.0340546
         579    0.836874    0.165508   0.0340156
         580     1.14484    0.167196   0.0339988
         581     1.20339     0.16898    0.033987
         582     1.37314    0.171049   0.0339916
         583    0.738749    0.172023   0.0339472
         584    0.649985    0.172841   0.0338989
         585    0.706989    0.173754   0.0338533
         586    0.523444    0.174351   0.0338008
         587   0.0387816     0.17412    0.033744
         588  -0.0822793    0.173684   0.0336894
         589    0.163747    0.173667   0.0336322
         590    0.253851    0.173803   0.0335755
         591    0.399283    0.174184   0.0335208
         592   0.0667291    0.174003   0.0334647
         593     0.35445    0.174307   0.0334097
         594     0.59768     0.17502    0.033361
         595    0.375424    0.175357   0.0333067
         596    0.421299    0.175769   0.0332533
         597     0.70623    0.176658   0.0332095
         598    0.896799    0.177862   0.0331758
         599    0.495379    0.178392   0.0331246
         600    0.487041    0.178907   0.0330734
         601    0.363136    0.179213   0.0330198
         602    0.331325    0.179466   0.0329659
         603    0.272641     0.17962   0.0329116
         604     0.39318    0.179974    0.032859
         605    0.570475    0.180619   0.0328111
         606    0.583036    0.181284   0.0327636
         607      0.6741    0.182095   0.0327197
         608    0.409303    0.182469    0.032668
         609    0.452035    0.182912   0.0326174
         610    0.579163    0.183561   0.0325704
         611   -0.154921    0.183007   0.0325218
         612   -0.117443    0.182516   0.0324724
         613    0.317971    0.182737   0.0324201
         614    0.355938     0.18302   0.0323686
         615   0.0428996    0.182792   0.0323167
         616  -0.0698787    0.182381   0.0322669
         617   -0.104797    0.181916   0.0322179
         618   0.0706696    0.181736   0.0321663
         619  -0.0530757    0.181357   0.0321166
         620   -0.367674    0.180471    0.032077
         621   -0.417815    0.179508   0.0320398
         622    0.102117    0.179383   0.0319885
         623    0.211388    0.179435   0.0319372
         624    0.258243    0.179561   0.0318863
         625    -0.15835     0.17902   0.0318399
         626    0.146848    0.178969    0.031789
         627    0.206385    0.179013   0.0317384
         628   0.0695169    0.178838   0.0316883
         629   0.0213369    0.178588   0.0316389
         630    0.130373    0.178511   0.0315888
         631    0.293148    0.178693   0.0315392
         632    0.143368    0.178637   0.0314894
         633    0.255199    0.178758   0.0314399
         634    0.177164    0.178756   0.0313903
         635  -0.0531562     0.17839    0.031343
         636   -0.184013    0.177821   0.0312989
         637   -0.126202    0.177343   0.0312534
         638   -0.105251      0.1769   0.0312075
         639   -0.125298    0.176427   0.0311623
         640   -0.313003    0.175663    0.031123
         641   -0.378034    0.174799   0.0310864
         642   -0.431952    0.173854   0.0310523
         643   -0.686128    0.172516   0.0310328
         644    -0.44618    0.171556   0.0309995
         645   -0.568609    0.170408   0.0309727
         646   -0.441397    0.169461   0.0309392
         647   -0.235633    0.168835   0.0308977
         648   -0.563488    0.167705   0.0308707
         649   -0.462945    0.166733   0.0308384
         650   -0.206824    0.166158   0.0307963
         651    0.363267    0.166461   0.0307505
         652    0.311664    0.166684   0.0307042
         653    0.371911    0.166998   0.0306588
         654    0.614454    0.167682   0.0306195
         655    0.641684    0.168406   0.0305813
         656     1.04708    0.169745    0.030564
         657     1.15098    0.171239    0.030554
         658     1.07543    0.172613   0.0305384
         659    0.949943    0.173793   0.0305148
         660      1.1741    0.175308   0.0305062
         661     1.00132    0.176558   0.0304857
         662     0.69211    0.177337   0.0304496
         663    0.733076    0.178175   0.0304152
         664    0.432299    0.178558   0.0303718
         665    0.544975    0.179109   0.0303311
         666    0.290719    0.179276    0.030286
         667    0.407532    0.179618   0.0302425
         668     0.82143    0.180579   0.0302125
         669    0.730477    0.181401   0.0301785
         670     0.59527    0.182019   0.0301398
         671   0.0987349    0.181895   0.0300952
         672    0.118104      0.1818   0.0300505
         673    0.315755    0.181999   0.0300065
         674    0.123067    0.181911   0.0299621
         675    0.196493    0.181933   0.0299178
         676   -0.116412    0.181492   0.0298768
         677    0.367899    0.181767   0.0298339
         678     0.46263    0.182181   0.0297928
         679    0.205657    0.182216   0.0297489
         680    0.345595    0.182456   0.0297061
         681    0.393537    0.182766   0.0296641
         682    0.926278    0.183856   0.0296407
         683    0.653334    0.184544   0.0296052
         684    0.392624    0.184848   0.0295635
         685 0.000202472    0.184578   0.0295216
         686   0.0416525     0.18437   0.0294793
         687    0.286299    0.184518   0.0294367
         688    0.656554    0.185204    0.029402
         689     0.18349    0.185202   0.0293593
         690    0.556347     0.18574   0.0293217
         691    0.603483    0.186344   0.0292855
         692    0.507917    0.186809   0.0292468
         693    0.205168    0.186836   0.0292046
         694   0.0543878    0.186645   0.0291632
         695   -0.044768    0.186312   0.0291231
         696   0.0854572    0.186167   0.0290816
         697    0.253298    0.186263   0.0290401
         698    0.148875     0.18621   0.0289985
         699    0.546711    0.186725   0.0289616
         700    0.827792    0.187641   0.0289347
         701    0.649005    0.188299   0.0289009
         702    0.316948    0.188483   0.0288603
         703     0.82798    0.189392   0.0288336
         704     1.03603    0.190595   0.0288177
         705     0.85209    0.191533   0.0287921
         706    0.302669    0.191691   0.0287518
         707    0.318045    0.191869   0.0287117
         708   0.0666347    0.191692   0.0286716
         709  -0.0775969    0.191313   0.0286337
         710   0.0967506    0.191179   0.0285937
         711    0.643639    0.191816   0.0285606
         712    0.651084    0.192461   0.0285277
         713    0.700761    0.193174   0.0284966
         714    0.904582     0.19417   0.0284741
         715    0.861385    0.195103   0.0284496
         716     0.82314     0.19598   0.0284234
         717     1.08152    0.197215   0.0284106
         718    0.945653    0.198258   0.0283901
         719    0.607152    0.198827   0.0283563
         720     1.25341    0.200291   0.0283547
         721     1.37854    0.201925   0.0283625
         722    0.802016    0.202757   0.0283354
         723    0.775846    0.203549   0.0283072
         724    0.731826    0.204279   0.0282776
         725    0.781291    0.205075   0.0282497
         726    0.697336    0.205753    0.028219
         727    0.856979    0.206649   0.0281944
         728    0.714828    0.207347   0.0281643
         729    0.689931    0.208009   0.0281334
         730    0.649328    0.208613   0.0281014
         731    0.620795    0.209177   0.0280686
         732    0.754928    0.209923   0.0280402
         733    0.840902    0.210783   0.0280151
         734    0.869957    0.211681   0.0279913
         735    0.330392    0.211843   0.0279537
         736    0.380097    0.212072   0.0279167
         737    0.585605    0.212578   0.0278834
         738    0.935541    0.213558   0.0278628
         739     1.40221    0.215166   0.0278715
         740     1.24368    0.216556   0.0278685
         741      1.2836    0.217996    0.027868
         742     1.55376    0.219797   0.0278886
         743     1.18875    0.221101   0.0278815
         744    0.819376    0.221905   0.0278556
         745     1.04372    0.223008   0.0278401
         746    0.820971     0.22381   0.0278143
         747    0.472166    0.224142    0.027779
         748    0.458569    0.224455   0.0277437
         749   0.0263398    0.224191   0.0277079
         750    0.380315    0.224399   0.0276717
         751      0.1395    0.224286   0.0276351
         752     0.20697    0.224263   0.0275984
         753    0.296737    0.224359   0.0275619
         754    0.348919    0.224524   0.0275258
         755    0.262604    0.224575   0.0274894
         756  -0.0522342    0.224209   0.0274555
         757    0.246722    0.224238   0.0274192
         758  -0.0110282    0.223928   0.0273848
         759    0.495187    0.224285   0.0273511
         760    0.505294    0.224655   0.0273176
         761    0.629274    0.225187   0.0272869
         762    0.886513    0.226055   0.0272648
         763    0.785382    0.226788    0.027239
         764    0.903654    0.227674   0.0272177
         765     1.30716    0.229085   0.0272187
         766     0.84166    0.229885   0.0271949
         767    0.536538    0.230284   0.0271624
         768     0.57718    0.230736   0.0271308
         769    0.521151    0.231114   0.0270981
         770    0.128604    0.230981   0.0270633
         771    0.793292     0.23171    0.027038
         772    0.886295    0.232558   0.0270162
         773    0.480804    0.232879   0.0269832
         774    0.358536    0.233041   0.0269488
         775    0.371712     0.23322   0.0269147
         776    0.297153    0.233303   0.0268801
         777    0.276335    0.233358   0.0268456
         778      0.4562    0.233644   0.0268126
         779    0.494225    0.233979   0.0267802
         780     1.06193     0.23504   0.0267669
         781    0.860733    0.235842   0.0267447
         782      1.1045    0.236952   0.0267335
         783     1.25074    0.238247   0.0267307
         784     1.24615    0.239533   0.0267275
         785    0.881227     0.24035    0.026706
         786    0.580506    0.240783   0.0266755
         787    0.716606    0.241388   0.0266484
         788    0.418384    0.241612   0.0266156
         789    0.590732    0.242055   0.0265855
         790    0.376341    0.242225   0.0265524
         791    0.180018    0.242146    0.026519
         792    0.653866    0.242666   0.0264906
         793    0.526422    0.243024   0.0264596
         794    0.327593     0.24313   0.0264265
         795  0.00615032    0.242832   0.0263949
         796    0.296723      0.2429   0.0263618
         797    0.455845    0.243167   0.0263301
         798    0.624354    0.243645   0.0263015
         799     0.92553    0.244498   0.0262824
         800    0.623867    0.244972   0.0262538
         801    0.952228    0.245855   0.0262359
         802    0.743127    0.246475   0.0262105
         803    0.946649    0.247347   0.0261923
         804    0.761114    0.247986   0.0261676
         805    0.542071    0.248352   0.0261376
         806    0.563515    0.248743   0.0261081
         807    0.360481    0.248881   0.0260761
         808    0.407275    0.249077   0.0260446
         809    0.278467    0.249113   0.0260124
         810    0.430886    0.249338   0.0259813
         811    0.413762    0.249541     0.02595
         812     0.71106    0.250109   0.0259243
         813    0.717728    0.250684   0.0258988
         814     0.54645    0.251047   0.0258695
         815    0.826759    0.251754   0.0258474
         816    0.700409    0.252304   0.0258216
         817     1.13613    0.253386   0.0258126
         818     0.88419    0.254157   0.0257926
         819    0.771714    0.254789   0.0257688
         820    0.711266    0.255345   0.0257434
         821    0.528489    0.255678   0.0257142
         822    0.897543    0.256459   0.0256948
         823    0.724897    0.257028   0.0256699
         824    0.921741    0.257835   0.0256514
         825     1.07715    0.258828   0.0256395
         826    0.807643    0.259492   0.0256171
         827    0.933757    0.260308   0.0255991
         828     1.45996    0.261756   0.0256091
         829    0.792207    0.262396   0.0255862
         830    0.600315    0.262803   0.0255586
         831    0.387634    0.262954   0.0255283
         832   0.0528088    0.262701   0.0254989
         833    0.157492    0.262575   0.0254686
         834  -0.0598116    0.262188    0.025441
         835    0.227868    0.262147   0.0254106
         836   0.0877784    0.261939    0.025381
         837    0.195025    0.261859   0.0253508
         838   0.0217428    0.261572   0.0253222
         839   -0.328636    0.260869   0.0253018
         840  -0.0848842    0.260457    0.025275
         841    -0.32804    0.259757   0.0252546
         842   -0.103337    0.259326   0.0252283
         843  -0.0966308    0.258904   0.0252019
         844  -0.0678647    0.258517    0.025175
         845    0.062824    0.258285   0.0251463
         846    0.390894    0.258442   0.0251171
         847    0.581651    0.258823   0.0250903
         848    0.432463    0.259028   0.0250616
         849    0.494737    0.259306   0.0250336
         850    0.275649    0.259325   0.0250041
         851   0.0553183    0.259085   0.0249759
         852    0.244019    0.259068   0.0249466
         853     0.28484    0.259098   0.0249174
         854    0.236613    0.259071   0.0248882
         855    0.334846     0.25916   0.0248593
         856    0.733917    0.259715   0.0248364
         857    0.393553    0.259871   0.0248079
         858    0.499267     0.26015   0.0247806
         859    0.318488    0.260218   0.0247518
         860    0.500407    0.260497   0.0247246
         861    0.289185     0.26053   0.0246959
         862    0.253256    0.260522   0.0246673
         863    0.780388    0.261124    0.024646
         864     1.02544    0.262009   0.0246334
         865    0.974885    0.262833   0.0246187
         866    0.785326    0.263436   0.0245976
         867    0.554919    0.263773   0.0245716
         868     1.01772    0.264641   0.0245586
         869     1.00415    0.265492   0.0245451
         870    0.402983     0.26565   0.0245174
         871    0.257461    0.265641   0.0244892
         872    0.923049    0.266395   0.0244728
         873    0.922098    0.267146   0.0244563
         874    0.559222     0.26748   0.0244306
         875    0.557136    0.267811   0.0244049
         876    0.599921     0.26819     0.02438
         877    0.647256    0.268622    0.024356
         878    0.340917    0.268705   0.0243284
         879    0.228911    0.268659   0.0243008
         880    0.222534    0.268607   0.0242732
         881    0.417686    0.268776   0.0242462
         882     0.43406    0.268964   0.0242195
         883    0.175676    0.268858   0.0241923
         884    0.294668    0.268887   0.0241649
         885    0.242223    0.268857   0.0241376
         886    0.255185    0.268842   0.0241104
         887    0.288239    0.268864   0.0240832
         888    0.229941     0.26882   0.0240561
         889    0.192232    0.268734   0.0240292
         890    0.225204    0.268685   0.0240023
         891    0.438185    0.268875   0.0239761
         892    0.318087     0.26893   0.0239493
         893    0.542144    0.269236   0.0239244
         894    0.175724    0.269131   0.0238979
         895   0.0265222     0.26886   0.0238727
         896    0.289065    0.268883   0.0238461
         897    0.188345    0.268793   0.0238197
         898    0.593327    0.269155   0.0237959
         899    0.446867    0.269352   0.0237702
         900    0.129721    0.269197   0.0237443
         901    0.564166    0.269524   0.0237202
         902    0.444433    0.269718   0.0236947
         903    0.460176    0.269929   0.0236694
         904    0.873442    0.270597   0.0236527
         905    0.994087    0.271396     0.02364
         906    0.648146    0.271812   0.0236176
         907    0.817304    0.272414   0.0235992
         908    0.208178    0.272343   0.0235733
         909   -0.199876    0.271823   0.0235531
         910   -0.268296     0.27123   0.0235347
         911   -0.100662    0.270822   0.0235124
         912   -0.121938    0.270391   0.0234906
         913    0.339618    0.270467    0.023465
         914    0.561791    0.270785   0.0234415
         915    0.252683    0.270766   0.0234159
         916    0.196403    0.270684   0.0233904
         917   0.0669698    0.270462    0.023366
         918   -0.196593    0.269954   0.0233461
         919  -0.0391677    0.269617   0.0233231
         920   -0.363315    0.268929   0.0233079
         921   -0.186974    0.268434   0.0232878
         922      0.3048    0.268474   0.0232626
         923    0.530823    0.268758   0.0232391
         924    0.057239    0.268529   0.0232151
         925      0.1687    0.268421   0.0231903
         926    0.445019    0.268612    0.023166
         927    0.514255    0.268877   0.0231425
         928    0.394768    0.269012    0.023118
         929    0.591322    0.269359   0.0230957
         930    0.636212    0.269754   0.0230743
         931     0.79973    0.270323   0.0230565
         932    0.866185    0.270962   0.0230406
         933    0.664706    0.271384   0.0230198
         934    0.408826    0.271532   0.0229956
         935    0.763436    0.272058    0.022977
         936    0.590918    0.272398    0.022955
         937    0.610535    0.272759   0.0229333
         938    0.308091    0.272797   0.0229089
         939     0.28722    0.272812   0.0228845
         940     0.36799    0.272913   0.0228604
         941    0.593584    0.273254   0.0228387
         942     1.03936    0.274068   0.0228289
         943     0.98161    0.274818    0.022817
         944    0.415185    0.274967   0.0227933
         945    0.581549    0.275291   0.0227715
         946    0.530763    0.275561    0.022749
         947    0.543039    0.275843   0.0227268
         948    0.182923    0.275745    0.022703
         949    0.251694     0.27572   0.0226791
         950    0.579266     0.27604   0.0226575
         951  -0.0981378    0.275646   0.0226371
         952   -0.213999    0.275132   0.0226191
         953   -0.250129    0.274581   0.0226021
         954   0.0108117    0.274304   0.0225801
         955   -0.253945    0.273751   0.0225632
         956   -0.304637    0.273146   0.0225478
         957   -0.155194    0.272698   0.0225286
         958  -0.0243388    0.272388   0.0225073
         959   0.0532751     0.27216   0.0224849
         960    0.377517     0.27227   0.0224618
         961    0.355224    0.272356   0.0224386
         962    0.779288    0.272883   0.0224214
         963    0.964047    0.273601   0.0224096
         964    0.787885    0.274134   0.0223927
         965    0.609951    0.274482   0.0223722
         966      1.0257     0.27526   0.0223626
         967    0.448181    0.275439   0.0223402
         968    0.645101    0.275821   0.0223204
         969     0.51051    0.276063   0.0222986
         970    0.778544    0.276581   0.0222817
         971    0.696812    0.277014   0.0222629
         972    0.565039     0.27731    0.022242
         973    0.883426    0.277933   0.0222279
         974    0.823716    0.278493   0.0222121
         975    0.982767    0.279215   0.0222011
         976     1.43504      0.2804   0.0222099
         977     1.49468    0.281643   0.0222219
         978     1.61136    0.283002   0.0222407
         979     1.22187    0.283961   0.0222387
         980     1.53624    0.285239   0.0222527
         981     1.41337    0.286389   0.0222597
         982     1.71436    0.287843   0.0222845
         983     1.21177    0.288783   0.0222816
         984     1.31547    0.289826   0.0222834
         985     1.06326    0.290612   0.0222746
         986      1.0615    0.291393   0.0222657
         987     1.37605    0.292492   0.0222702
         988    0.951943     0.29316   0.0222577
         989    0.692701    0.293564   0.0222389
         990    0.863231    0.294139   0.0222238
         991     1.14198    0.294995   0.0222179
         992    0.896594    0.295601   0.0222038
         993     0.81994    0.296129   0.0221877
         994     0.89989    0.296737   0.0221737
         995    0.902502    0.297346   0.0221597
         996     1.03067    0.298082   0.0221497
         997     1.03417     0.29882   0.0221398
         998    0.713108    0.299235   0.0221215
         999     0.55377     0.29949   0.0221008
        1000    0.906151    0.300097   0.0220871
        1001      1.0976    0.300893   0.0220794
        1002      1.1497    0.301741   0.0220736
        1003    0.739575    0.302177   0.0220559
        1004    0.960599    0.302833   0.0220437
        1005    0.741059    0.303269    0.022026
        1006    0.946864    0.303909   0.0220134
        1007      1.2227    0.304821   0.0220105
        1008     1.17385    0.305683   0.0220055
        1009     0.47757    0.305854   0.0219844
        1010    0.617975    0.306163   0.0219648
        1011    0.598349    0.306452   0.0219449
        1012    0.309295    0.306454   0.0219233
        1013    0.588762    0.306733   0.0219034
        1014    0.518421    0.306942   0.0218828
        1015    0.737865    0.307366   0.0218653
        1016     1.04067    0.308088   0.0218557
        1017    0.983295    0.308752   0.0218443
        1018     0.70691    0.309143   0.0218264
        1019     1.09957    0.309919   0.0218187
        1020     1.05574     0.31065   0.0218096
        1021    0.759294    0.311089   0.0217926
        1022    0.755166    0.311524   0.0217757
        1023    0.862606    0.312063    0.021761
        1024     1.02516    0.312759   0.0217509
        1025     1.63544    0.314049   0.0217679
        1026     1.61786     0.31532   0.0217838
        1027      1.3954    0.316372   0.0217879
        1028     1.59272    0.317614   0.0218021
        1029     1.54965    0.318811   0.0218138
        1030     1.63027    0.320084   0.0218297
        1031     1.57252    0.321299   0.0218423
        1032     1.56385    0.322503   0.0218543
        1033    0.897284    0.323059   0.0218402
        1034     1.05076    0.323763   0.0218305
        1035     1.00141    0.324418   0.0218192
        1036    0.667259    0.324749   0.0218006
        1037    0.536074    0.324953   0.0217806
        1038    0.385533    0.325011   0.0217596
        1039    0.317731    0.325004   0.0217387
        1040    0.385711    0.325062   0.0217179
        1041      0.3062    0.325044    0.021697
        1042    0.828536    0.325527   0.0216816
        1043    0.549106    0.325742   0.0216619
        1044    0.786183    0.326183   0.0216456
        1045    0.960917     0.32679   0.0216334
        1046     1.10622    0.327535   0.0216256
        1047     1.31619     0.32848   0.0216255
        1048    0.971754    0.329093   0.0216136
        1049     1.00186    0.329735   0.0216025
        1050     1.33758    0.330695   0.0216032
        1051     0.79015    0.331132   0.0215871
        1052     1.09282    0.331856   0.0215787
        1053     1.12366    0.332608   0.0215713
        1054     1.13405    0.333368   0.0215642
        1055    0.965464    0.333967   0.0215521
        1056    0.913846    0.334516   0.0215387
        1057     0.77731    0.334935   0.0215224
        1058    0.872465    0.335443   0.0215081
        1059     1.54348    0.336584    0.021518
        1060     1.10217    0.337306   0.0215098
        1061     1.39743    0.338306   0.0215127
        1062     1.25058    0.339165   0.0215096
        1063     1.19269    0.339967   0.0215044
        1064     1.24213    0.340815   0.0215009
        1065     1.32846    0.341743   0.0215007
        1066     1.58821    0.342912   0.0215123
        1067     1.69316    0.344177   0.0215293
        1068      1.7073    0.345454   0.0215469
        1069       2.069    0.347066    0.021587
        1070     2.13143    0.348734   0.0216312
        1071     1.98141    0.350258   0.0216646
        1072     1.49009    0.351321   0.0216705
        1073     1.15115    0.352067   0.0216631
        1074    0.708538    0.352399   0.0216455
        1075    0.646409    0.352672   0.0216271
        1076     0.78257    0.353072   0.0216106
        1077    0.353958    0.353073   0.0215906
        1078    0.184579    0.352916   0.0215711
        1079    0.358458    0.352921   0.0215511
        1080    0.338294    0.352908   0.0215312
        1081    0.877942    0.353394   0.0215167
        1082    0.904819    0.353903   0.0215029
        1083    0.815674     0.35433   0.0214873
        1084     1.16144    0.355074   0.0214803
        1085     1.24691    0.355896   0.0214763
        1086      1.2063    0.356679   0.0214708
        1087     0.77546    0.357064   0.0214545
        1088    0.785684    0.357458   0.0214384
        1089    0.752599    0.357821   0.0214217
        1090    0.604494    0.358048   0.0214033
        1091    0.747515    0.358405   0.0213866
        1092    0.634697    0.358658   0.0213685
        1093    0.591989    0.358871   0.0213501
        1094       0.748    0.359227   0.0213335
        1095    0.942251    0.359759   0.0213207
        1096     1.09743    0.360432   0.0213118
        1097     1.31987    0.361307   0.0213104
        1098     1.03311    0.361919   0.0212997
        1099       1.079    0.362571   0.0212903
        1100    0.925034    0.363083   0.0212771
        1101    0.677939    0.363369   0.0212597
        1102    0.764779    0.363733   0.0212435
        1103    0.813106     0.36414   0.0212282
        1104    0.914519    0.364639   0.0212148
        1105    0.915432    0.365137   0.0212015
        1106      1.0711    0.365775   0.0211919
        1107    0.755092    0.366127   0.0211757
        1108     0.50706    0.366254    0.021157
        1109    0.772612    0.366621    0.021141
        1110    0.699108     0.36692   0.0211241
        1111    0.702998    0.367223   0.0211073
        1112    0.629998    0.367459   0.0210896
        1113     0.49977    0.367578    0.021071
        1114    0.253658    0.367476   0.0210523
        1115    0.455665    0.367555   0.0210336
        1116    0.507728     0.36768   0.0210151
        1117    0.510332    0.367808   0.0209967
        1118    0.392666     0.36783   0.0209779
        1119    0.713646    0.368139   0.0209615
        1120    0.899733    0.368614   0.0209481
        1121    0.938923    0.369123   0.0209356
        1122     1.06388    0.369742   0.0209261
        1123     1.04342    0.370342   0.0209161
        1124    0.834847    0.370755   0.0209015
        1125     1.03797    0.371348   0.0208914
        1126    0.911712    0.371828   0.0208783
        1127    0.902793    0.372299   0.0208651
        1128     1.12337    0.372965   0.0208573
        1129    0.828491    0.373369   0.0208427
        1130     1.11718    0.374027   0.0208346
        1131    0.583211    0.374212    0.020817
        1132    0.712457    0.374511   0.0208008
        1133    0.549963    0.374665    0.020783
        1134    0.650083    0.374908   0.0207661
        1135    0.489696    0.375009    0.020748
        1136    0.592275    0.375201   0.0207307
        1137    0.166042    0.375017   0.0207132
        1138    0.301225    0.374952   0.0206951
        1139   0.0697942    0.374684   0.0206787
        1140    0.374467    0.374684   0.0206606
        1141    0.746453     0.37501    0.020645
        1142    0.501063     0.37512   0.0206272
        1143    0.519371    0.375246   0.0206096
        1144    0.181973    0.375077   0.0205923
        1145    0.298407     0.37501   0.0205744
        1146  -0.0215461    0.374664   0.0205593
        1147    0.237272    0.374544   0.0205418
        1148    0.217829    0.374408   0.0205243
        1149    0.464122    0.374486   0.0205066
        1150    0.423428    0.374529   0.0204888
        1151    0.251024    0.374421   0.0204713
        1152   0.0746967    0.374161   0.0204552
        1153  0.00508087    0.373841     0.02044
        1154   0.0996456    0.373603   0.0204236
        1155    0.541489    0.373749   0.0204065
        1156    0.621521    0.373963   0.0203899
        1157    0.155981    0.373775   0.0203732
        1158    0.551727    0.373928   0.0203562
        1159    0.458717    0.374002   0.0203387
        1160    0.273601    0.373915   0.0203214
        1161   0.0597892    0.373644   0.0203057
        1162   0.0869453    0.373398   0.0202897
        1163    0.141109    0.373198   0.0202732
        1164    0.373733    0.373198   0.0202558
        1165    0.309283    0.373144   0.0202385
        1166    0.532501     0.37328   0.0202216
        1167  -0.0275141    0.372937   0.0202072
        1168    0.265125    0.372844   0.0201901
        1169     0.54471    0.372992   0.0201734
        1170    0.341037    0.372964   0.0201562
        1171    0.303964    0.372905    0.020139
        1172    0.581283    0.373083   0.0201226
        1173    0.447762    0.373147   0.0201056
        1174    -0.15854    0.372694   0.0200935
        1175   -0.076224    0.372312   0.0200801
        1176   -0.445051    0.371617    0.020075
        1177   -0.317269    0.371031   0.0200665
        1178   -0.320442    0.370444   0.0200581
        1179  -0.0153718    0.370117   0.0200437
        1180  0.00177924    0.369805   0.0200292
        1181    0.574515    0.369978   0.0200129
        1182    0.453302    0.370049   0.0199961
        1183    0.563445    0.370212   0.0199799
        1184    0.518591    0.370338   0.0199634
        1185    0.343848    0.370315   0.0199466
        1186    0.911702    0.370772    0.019935
        1187    0.984478    0.371289   0.0199249
        1188     1.02956    0.371843   0.0199158
        1189     1.10113    0.372456   0.0199085
        1190     1.03736    0.373015   0.0198996
        1191     1.03038    0.373567   0.0198906
        1192     1.06144    0.374144   0.0198823
        1193     1.03386    0.374697   0.0198733
        1194     1.15848    0.375354   0.0198675
        1195      1.7799    0.376529   0.0198856
        1196     2.07928    0.377953   0.0199199
        1197     1.80497    0.379145   0.0199389
        1198     1.54498    0.380118    0.019946
        1199     1.44944     0.38101   0.0199492
        1200     1.01661    0.381539   0.0199397
        1201     0.71739    0.381819    0.019925
        1202    0.193666    0.381663    0.019909
        1203    0.756281    0.381974   0.0198949
        1204    0.809429    0.382329   0.0198816
        1205    0.815271    0.382688   0.0198683
        1206     1.15344    0.383327   0.0198621
        1207    0.932022    0.383782   0.0198509
        1208    0.969537    0.384267   0.0198404
        1209    0.472402     0.38434   0.0198241
        1210     0.53487    0.384464   0.0198081
        1211    0.553485    0.384604   0.0197922
        1212    0.666075    0.384836   0.0197773
        1213    0.624269    0.385033   0.0197619
        1214    0.744423    0.385329   0.0197479
        1215    0.629154     0.38553   0.0197326
        1216    0.380245    0.385526   0.0197164
        1217    0.667458    0.385757   0.0197016
        1218    0.930983    0.386205   0.0196905
        1219      1.1732    0.386851   0.0196849
        1220    0.906105    0.387276   0.0196734
        1221     0.78568    0.387603     0.01966
        1222    0.467467    0.387668    0.019644
        1223    0.693413    0.387918   0.0196295
        1224     0.90168    0.388338    0.019618
        1225     0.73227    0.388618    0.019604
        1226     1.05312     0.38916   0.0195955
        1227    0.922045    0.389595   0.0195843
        1228    0.873947    0.389989   0.0195723
        1229    0.472765    0.390056   0.0195565
        1230     0.41345    0.390075   0.0195406
        1231    0.716649    0.390341   0.0195266
        1232    0.443128    0.390384   0.0195108
        1233  -0.0194277    0.390051   0.0194978
        1234    0.181318    0.389882   0.0194827
        1235    0.295103    0.389805   0.0194671
        1236    0.651068    0.390017   0.0194525
        1237    0.532581    0.390132   0.0194371
        1238    0.325585     0.39008   0.0194215
        1239    0.540777    0.390201   0.0194062
        1240    0.529135    0.390314   0.0193908
        1241     0.60107    0.390483    0.019376
        1242    0.754415    0.390776   0.0193626
        1243     1.00361    0.391269   0.0193533
        1244    0.729833    0.391542   0.0193396
        1245    0.714813    0.391801   0.0193258
        1246    0.967891    0.392264   0.0193159
        1247     0.74581    0.392547   0.0193024
        1248    0.485779    0.392622   0.0192871
        1249    0.179674    0.392451   0.0192724
        1250    0.161701    0.392267   0.0192579
        1251     1.00327    0.392755   0.0192487
        1252     1.07116    0.393297   0.0192409
        1253      1.5366    0.394209   0.0192472
        1254     1.32329     0.39495   0.0192461
        1255    0.905803    0.395357   0.0192351
        1256    0.864099    0.395731   0.0192234
        1257    0.887189    0.396122   0.0192121
        1258    0.639186    0.396315   0.0191978
        1259    0.914348    0.396726   0.0191869
        1260    0.784032    0.397034   0.0191742
        1261    0.871392     0.39741   0.0191627
        1262     1.14438    0.398002   0.0191566
        1263    0.983935    0.398466   0.0191471
        1264     1.05656    0.398986    0.019139
        1265     1.02732    0.399483   0.0191303
        1266      1.0633    0.400007   0.0191224
        1267    0.776205    0.400304   0.0191096
        1268    0.718697    0.400555   0.0190962
        1269    0.919083    0.400964   0.0190855
        1270     1.28275    0.401658   0.0190831
        1271    0.716685    0.401906   0.0190697
        1272    0.985171    0.402365   0.0190602
        1273    0.575458    0.402501   0.0190457
        1274     0.69571    0.402731   0.0190322
        1275    0.831394    0.403067   0.0190202
        1276    0.971213    0.403512   0.0190105
        1277    0.829566    0.403846   0.0189985
        1278    0.562685     0.40397   0.0189841
        1279    0.490582    0.404038   0.0189694
        1280    0.702151    0.404271    0.018956
        1281     0.78608    0.404569   0.0189435
        1282    0.633258    0.404747   0.0189296
        1283     1.03594    0.405239   0.0189212
        1284    0.924124    0.405643   0.0189108
        1285    0.515781    0.405729   0.0188963
        1286    0.481148    0.405788   0.0188817
        1287    0.501268    0.405862   0.0188671
        1288    0.682212    0.406076   0.0188537
        1289   0.0990736    0.405838   0.0188406
        1290    0.601452     0.40599   0.0188266
        1291    0.625491     0.40616   0.0188128
        1292    0.479155    0.406216   0.0187983
        1293    0.401081    0.406212   0.0187838
        1294    0.482231    0.406271   0.0187693
        1295      1.4552    0.407081   0.0187723
        1296     1.46026    0.407894   0.0187754
        1297     1.39855    0.408658   0.0187765
        1298     1.41711    0.409434   0.0187781
        1299      1.5272    0.410295   0.0187833
        1300     1.02487    0.410768   0.0187748
        1301      1.0477    0.411257   0.0187668
        1302     1.25337    0.411904   0.0187635
        1303     1.54778    0.412776   0.0187693
        1304     1.44675    0.413569   0.0187717
        1305     1.30475    0.414252   0.0187697
        1306    0.908633     0.41463   0.0187592
        1307    0.877097    0.414984   0.0187482
        1308    0.671866     0.41518   0.0187348
        1309     1.14663    0.415739   0.0187289
        1310     1.38288    0.416477   0.0187291
        1311     1.16709     0.41705   0.0187236
        1312     1.41914    0.417814   0.0187249
        1313     1.33564    0.418513   0.0187237
        1314    0.986913    0.418945   0.0187144
        1315     1.32452    0.419634   0.0187128
        1316    0.971726    0.420054   0.0187033
        1317     1.06048     0.42054   0.0186954
        1318    0.743034    0.420785   0.0186829
        1319     1.36904    0.421503   0.0186825
        1320     1.17731    0.422076   0.0186771
        1321     1.30301    0.422743   0.0186749
        1322    0.749382     0.42299   0.0186624
        1323     1.45792    0.423772   0.0186647
        1324     1.22257    0.424376   0.0186603
        1325     1.05191    0.424849   0.0186523
        1326    0.867255    0.425183   0.0186412
        1327    0.995155    0.425612   0.0186321
        1328    0.952457    0.426009   0.0186223
        1329     1.21006    0.426599   0.0186176
        1330      1.0343    0.427056   0.0186092
        1331    0.813582    0.427346   0.0185975
        1332    0.919901    0.427716   0.0185872
        1333    0.930727    0.428093   0.0185771
        1334     1.23087    0.428695   0.0185729
        1335     1.20818    0.429279   0.0185682
        1336     1.14941    0.429818   0.0185621
        1337     1.01931    0.430259   0.0185535
        1338     1.23591    0.430861   0.0185494
        1339     1.66733    0.431785   0.0185585
        1340     1.27089    0.432411   0.0185552
        1341     1.00715    0.432839   0.0185463
        1342     0.71805    0.433052   0.0185337
        1343    0.393093    0.433022   0.0185199
        1344    0.918131    0.433383   0.0185097
        1345    0.945075    0.433764   0.0184998
        1346    0.829761    0.434058   0.0184884
        1347    0.965967    0.434453   0.0184789
        1348    0.931083    0.434821   0.0184689
        1349     1.03681    0.435267   0.0184606
        1350    0.868335    0.435588   0.0184497
        1351    0.572431    0.435689   0.0184363
        1352     0.36224    0.435635   0.0184227
        1353    0.675052    0.435812     0.01841
        1354    0.523136    0.435877   0.0183965
        1355    0.515247    0.435935    0.018383
        1356    0.334332     0.43586   0.0183696
        1357    0.100643    0.435613   0.0183577
        1358     0.43524    0.435613   0.0183442
        1359    0.321729    0.435529   0.0183309
        1360    0.107905    0.435288    0.018319
        1361    0.487784    0.435327   0.0183056
        1362  -0.0597815    0.434963   0.0182958
        1363    0.279869    0.434849   0.0182827
        1364   0.0714491    0.434583   0.0182712
        1365    0.589251    0.434696   0.0182582
        1366    0.795145     0.43496   0.0182467
        1367    0.549616    0.435044   0.0182336
        1368    0.262575    0.434918   0.0182207
        1369    0.767441    0.435161    0.018209
        1370    0.877334    0.435484   0.0181986
        1371    0.795385    0.435746   0.0181872
        1372    0.918182    0.436098   0.0181773
        1373    0.897132    0.436434   0.0181672
        1374    0.935862    0.436797   0.0181576
        1375    0.919353    0.437148   0.0181478
        1376    0.949323     0.43752   0.0181384
        1377    0.732655    0.437735   0.0181265
        1378    0.990147    0.438135   0.0181178
        1379    0.729714    0.438347   0.0181059
        1380    0.656814    0.438505   0.0180935
        1381    0.458556     0.43852   0.0180804
        1382    0.230379    0.438369   0.0180679
        1383    0.502713    0.438416   0.0180549
        1384    0.291422    0.438309   0.0180422
        1385      0.3367    0.438236   0.0180293
        1386    0.312425    0.438145   0.0180165
        1387    0.214035    0.437984   0.0180042
        1388    0.620977    0.438116   0.0179918
        1389    0.884536    0.438437   0.0179817
        1390    0.586659    0.438544    0.017969
        1391    0.859886    0.438846   0.0179587
        1392    0.630348    0.438984   0.0179463
        1393    0.665502    0.439147   0.0179342
        1394    0.758576    0.439376   0.0179228
        1395     0.77921    0.439619   0.0179116
        1396     1.08673    0.440083   0.0179047
        1397     1.30969    0.440705   0.0179027
        1398     1.03693    0.441132    0.017895
        1399    0.949856    0.441496   0.0178859
        1400    0.414871    0.441477   0.0178731
        1401    0.133429    0.441257   0.0178617
        1402  0.00701348    0.440947   0.0178517
        1403   -0.089489    0.440569    0.017843
        1404    0.237196    0.440424   0.0178308
        1405    0.214981    0.440264   0.0178189
        1406     0.36093    0.440207   0.0178063
        1407      0.4107    0.440186   0.0177936
        1408    0.980762     0.44057   0.0177852
        1409    0.861965    0.440869    0.017775
        1410    0.616587    0.440994   0.0177629
        1411    0.533972     0.44106   0.0177504
        1412    0.626991    0.441191   0.0177383
        1413    0.945215    0.441548   0.0177294
        1414     1.19275    0.442079   0.0177248
        1415      1.0271    0.442493   0.0177171
        1416    0.653984    0.442642   0.0177052
        1417    0.692478    0.442818   0.0176936
        1418    0.674557    0.442982   0.0176818
        1419    0.194414    0.442807   0.0176703
        1420    0.589005     0.44291   0.0176581
        1421    0.527173    0.442969   0.0176458
        1422    0.760335    0.443192   0.0176348
        1423    0.683085    0.443361   0.0176232
        1424    0.428352     0.44335   0.0176108
        1425     1.01628    0.443752   0.0176031
        1426      1.0171    0.444154   0.0175953
        1427      1.3301    0.444775   0.0175939
        1428     1.08201    0.445221   0.0175873
        1429    0.913631    0.445549    0.017578
        1430    0.571176    0.445637   0.0175659
        1431     0.61587    0.445756   0.0175541
        1432    0.591245    0.445858   0.0175421
        1433    0.694285    0.446031   0.0175307
        1434    0.245646    0.445891    0.017519
        1435    0.506302    0.445933   0.0175069
        1436    0.311817     0.44584   0.0174949
        1437    0.545041    0.445909   0.0174829
        1438    0.811271    0.446163   0.0174726
        1439    0.550508    0.446236   0.0174606
        1440    0.453029     0.44624   0.0174485
        1441    0.386096    0.446199   0.0174364
        1442     0.24013    0.446056   0.0174249
        1443    0.240676    0.445913   0.0174134
        1444    0.506441    0.445955   0.0174014
        1445     1.27957    0.446532   0.0173989
        1446    0.545988    0.446601    0.017387
        1447     1.09235    0.447047   0.0173807
        1448     1.31101    0.447644    0.017379
        1449     1.16519    0.448139    0.017374
        1450    0.923881    0.448467   0.0173652
        1451     1.35551    0.449092   0.0173644
        1452     1.16012    0.449582   0.0173594
        1453     1.25017    0.450133   0.0173562
        1454     1.07529    0.450563   0.0173496
        1455    0.851854    0.450839   0.0173398
        1456    0.673375    0.450991   0.0173286
        1457    0.688766    0.451155   0.0173175
        1458   0.0183861    0.450858   0.0173081
        1459    0.115644    0.450628   0.0172978
        1460    0.236679    0.450482   0.0172866
        1461    0.294574    0.450375   0.0172751
        1462   0.0630357     0.45011   0.0172653
        1463    0.795044    0.450346   0.0172551
        1464    0.943758    0.450683   0.0172466
        1465     1.06187      0.4511   0.0172399
        1466    0.748474    0.451303   0.0172293
        1467    0.700581    0.451473   0.0172184
        1468    0.923782    0.451794   0.0172097
        1469    0.467724    0.451805    0.017198
        1470    0.596165    0.451903   0.0171865
        1471    0.700801    0.452073   0.0171757
        1472    0.945985    0.452408   0.0171673
        1473    0.670798    0.452556   0.0171563
        1474    0.573052    0.452638   0.0171448
        1475    0.955854    0.452979   0.0171366
        1476     0.85593    0.453252   0.0171272
        1477     0.97098    0.453603   0.0171192
        1478     0.88331    0.453894   0.0171101
        1479     0.81043    0.454135   0.0171002
        1480     1.15851    0.454611   0.0170952
        1481      1.1573    0.455085   0.0170903
        1482    0.979577    0.455439   0.0170824
        1483    0.632711    0.455559   0.0170713
        1484    0.728276    0.455742   0.0170608
        1485   0.0643533    0.455479   0.0170514
        1486    0.194467    0.455303   0.0170408
        1487    0.325722    0.455216   0.0170295
        1488    0.549461    0.455279   0.0170182
        1489     1.03773     0.45567   0.0170113
        1490    0.619129     0.45578   0.0170002
        1491    0.458676    0.455782   0.0169888
        1492    0.113198    0.455553    0.016979
        1493    0.559311    0.455622   0.0169678
        1494    0.326866    0.455536   0.0169566
        1495    0.183739    0.455354   0.0169462
        1496    0.258125    0.455222   0.0169354
        1497    0.469597    0.455232   0.0169241
        1498    0.126936    0.455013   0.0169142
        1499    0.445818    0.455006    0.016903
        1500    0.527202    0.455055   0.0168918
        1501    0.599248    0.455151   0.0168808
        1502    0.833653    0.455403   0.0168714
        1503    0.977703     0.45575   0.0168638
        1504     1.04228     0.45614   0.0168571
        1505     1.05921    0.456541   0.0168506
        1506     1.41517    0.457177   0.0168515
        1507      1.0611    0.457578    0.016845
        1508     1.32812    0.458155   0.0168438
        1509     1.10276    0.458583    0.016838
        1510     1.08554    0.458998    0.016832
        1511     1.31213    0.459562   0.0168303
        1512     1.18739    0.460044   0.0168261
        1513     1.02104    0.460415    0.016819
        1514      0.9085    0.460711   0.0168105
        1515      1.1672    0.461177   0.0168059
        1516     1.09062    0.461592   0.0167999
        1517    0.987408    0.461939   0.0167924
        1518      1.4023    0.462558   0.0167928
        1519     1.02582    0.462929   0.0167858
        1520     1.03347    0.463304    0.016779
        1521    0.861151    0.463566     0.01677
        1522     1.31318    0.464124   0.0167683
        1523     1.25437    0.464643   0.0167653
        1524     1.30495    0.465194   0.0167633
        1525     1.23724    0.465701     0.01676
        1526     1.28236    0.466236   0.0167576
        1527    0.809872    0.466461   0.0167481
        1528    0.972018    0.466792   0.0167404
        1529    0.843522    0.467038   0.0167313
        1530     1.02311    0.467402   0.0167243
        1531    0.966057    0.467727   0.0167165
        1532    0.651736    0.467847    0.016706
        1533    0.918763    0.468142   0.0166977
        1534     1.27823     0.46867   0.0166952
        1535     1.74297      0.4695   0.0167049
        1536     1.29204    0.470035   0.0167027
        1537     1.50479    0.470708   0.0167053
        1538     1.29191    0.471242    0.016703
        1539     1.29856     0.47178   0.0167008
        1540     1.36713    0.472361   0.0167001
        1541     1.57498    0.473077   0.0167046
        1542     1.52722    0.473761   0.0167077
        1543     1.38486    0.474351   0.0167073
        1544     1.53205    0.475036   0.0167105
        1545    0.991848    0.475371   0.0167031
        1546     1.14982    0.475807    0.016698
        1547     1.08943    0.476203   0.0166919
        1548     1.14505    0.476636   0.0166867
        1549     1.27425     0.47715   0.0166839
        1550     1.22604    0.477634   0.0166801
        1551     1.41364    0.478237   0.0166802
        1552     1.35182      0.4788    0.016679
        1553     1.28759    0.479321   0.0166764
        1554    0.885044    0.479582   0.0166677
        1555    0.700416    0.479724   0.0166576
        1556    0.501197    0.479738   0.0166469
        1557    0.766561    0.479922   0.0166372
        1558    0.422447    0.479885   0.0166266
        1559    0.438425    0.479858   0.0166159
        1560    0.410746    0.479814   0.0166053
        1561    0.455645    0.479799   0.0165947
        1562    0.419329     0.47976   0.0165841
        1563    0.586859    0.479828   0.0165737
        1564    0.350404    0.479746   0.0165633
        1565    0.625544    0.479839   0.0165529
        1566    0.650525    0.479948   0.0165427
        1567    0.748899    0.480119   0.0165331
        1568    0.894265    0.480384   0.0165246
        1569    0.896897    0.480649   0.0165162
        1570    0.617796    0.480736   0.0165059
        1571    0.996342    0.481065   0.0164987
        1572    0.779499    0.481254   0.0164893
        1573     1.05532    0.481619   0.0164829
        1574     1.19974    0.482076   0.0164787
        1575     1.31516    0.482605   0.0164767
        1576     1.27346    0.483106   0.0164739
        1577     1.60453    0.483818   0.0164788
        1578     1.80098    0.484652   0.0164895
        1579       1.695    0.485419   0.0164968
        1580     1.58557    0.486115   0.0165011
        1581    0.672644    0.486233   0.0164911
        1582    0.713558    0.486377   0.0164813
        1583     1.06104     0.48674   0.0164749
        1584    0.993312     0.48706   0.0164676
        1585     1.19768    0.487508   0.0164633
        1586     1.06987    0.487875    0.016457
        1587    0.637252    0.487969   0.0164469
        1588    0.580057    0.488027   0.0164366
        1589    0.567194    0.488077   0.0164264
        1590    0.531664    0.488104   0.0164161
        1591    0.135553    0.487883   0.0164072
        1592    0.203954    0.487704   0.0163979
        1593    0.111609    0.487468   0.0163893
        1594    0.401516    0.487414   0.0163791
        1595    0.388425    0.487352    0.016369
        1596    0.459271    0.487335   0.0163587
        1597    0.290897    0.487212   0.0163489
        1598    0.299176    0.487094   0.0163391
        1599    0.860304    0.487328   0.0163306
        1600    0.966486    0.487627   0.0163231
        1601    0.584188    0.487687    0.016313
        1602    0.455668    0.487667   0.0163029
        1603    0.736707    0.487823   0.0162934
        1604    0.386817     0.48776   0.0162834
        1605    0.584535     0.48782   0.0162734
        1606    0.721561    0.487966   0.0162639
        1607    0.778964    0.488147   0.0162548
        1608    0.576705    0.488202   0.0162448
        1609    0.408626    0.488152   0.0162347
        1610   0.0983861     0.48791   0.0162265
        1611    0.408964    0.487861   0.0162165
        1612    0.297034    0.487743   0.0162068
        1613    0.601758    0.487813   0.0161969
        1614    0.805182     0.48801   0.0161881
        1615    0.385524    0.487947   0.0161782
        1616    0.904471    0.488204   0.0161702
        1617     0.65214    0.488306   0.0161606
        1618    0.417076    0.488262   0.0161506
        1619    0.319998    0.488158    0.016141
        1620    0.459246     0.48814    0.016131
        1621    0.680791    0.488259   0.0161215
        1622    0.774284    0.488435   0.0161125
        1623    0.419818    0.488393   0.0161027
        1624    0.414451    0.488347   0.0160928
        1625    0.586046    0.488407    0.016083
        1626    0.839191    0.488623   0.0160746
        1627    0.997562    0.488936   0.0160677
        1628    0.550829    0.488974   0.0160579
        1629    0.875636    0.489211   0.0160498
        1630    0.777261    0.489388   0.0160409
        1631      0.6876     0.48951   0.0160316
        1632    0.537804    0.489539   0.0160218
        1633    0.540274     0.48957    0.016012
        1634    0.784322    0.489751   0.0160032
        1635     1.16293    0.490162   0.0159987
        1636    0.885679    0.490404   0.0159908
        1637     1.43363     0.49098   0.0159914
        1638     1.63159    0.491677   0.0159968
        1639     2.07363    0.492642   0.0160161
        1640     1.82606    0.493455    0.016027
        1641     1.67013    0.494172   0.0160332
        1642     1.79472    0.494964    0.016043
        1643     1.09321    0.495328   0.0160374
        1644    0.891964    0.495569   0.0160294
        1645     1.04329    0.495902   0.0160231
        1646     1.42337    0.496466   0.0160233
        1647      1.6136    0.497144   0.0160279
        1648     1.49157    0.497748   0.0160296
        1649     1.68612    0.498468    0.016036
        1650     1.53462    0.499096   0.0160386
        1651    0.998477    0.499399   0.0160317
        1652     1.52115    0.500017    0.016034
        1653     1.22705    0.500457   0.0160303
        1654     1.34205    0.500966   0.0160287
        1655     1.03251    0.501287   0.0160222
        1656    0.988235    0.501581   0.0160152
        1657     1.20235    0.502004   0.0160112
        1658     1.30288    0.502487   0.0160088
        1659     1.20727    0.502912   0.0160048
        1660     1.25061    0.503362   0.0160015
        1661    0.969627    0.503643   0.0159943
        1662     1.12927    0.504019   0.0159891
        1663     1.10369     0.50438   0.0159835
        1664     1.04219    0.504703   0.0159772
        1665     1.24087    0.505145   0.0159737
        1666    0.964379    0.505421   0.0159665
        1667     1.03162    0.505737   0.0159601
        1668     1.24177    0.506178   0.0159566
        1669     1.07698     0.50652   0.0159507
        1670    0.673037     0.50662   0.0159415
        1671    0.979673    0.506903   0.0159344
        1672     1.08412    0.507248   0.0159286
        1673     1.17432    0.507647   0.0159241
        1674    0.805872    0.507825   0.0159156
        1675    0.986009     0.50811   0.0159087
        1676    0.931486    0.508363   0.0159012
        1677     1.05276    0.508688    0.015895
        1678    0.931447    0.508939   0.0158875
        1679    0.839191    0.509136   0.0158793
        1680     1.09032    0.509482   0.0158736
        1681     1.41734    0.510022   0.0158733
        1682      1.1546    0.510405   0.0158685
        1683     1.28565    0.510866   0.0158658
        1684     1.47803     0.51144   0.0158667
        1685    0.932876     0.51169   0.0158593
        1686     1.06033    0.512016   0.0158532
        1687    0.971164    0.512288   0.0158462
        1688     1.15394    0.512668   0.0158413
        1689     1.53563    0.513274   0.0158435
        1690     1.45927    0.513834    0.015844
        1691     1.66082    0.514512   0.0158492
        1692      1.7869    0.515264   0.0158577
        1693     1.71492    0.515972   0.0158641
        1694     1.98553     0.51684   0.0158784
        1695     1.95637    0.517689   0.0158918
        1696     2.00656    0.518567   0.0159066
        1697     1.67582    0.519249   0.0159119
        1698     1.85388    0.520035   0.0159219
        1699     1.75601    0.520763   0.0159291
        1700     1.38596    0.521271   0.0159279
        1701     1.55282    0.521878   0.0159301
        1702     1.40211    0.522395   0.0159291
        1703      1.2234    0.522807   0.0159251
        1704    0.920184     0.52304   0.0159174
        1705    0.634842    0.523106   0.0159082
        1706    0.703749    0.523211   0.0158993
        1707    0.795506    0.523371   0.0158907
        1708    0.630015    0.523433   0.0158816
        1709    0.442052    0.523386   0.0158723
        1710    0.761248    0.523525   0.0158637
        1711    0.915752    0.523754   0.0158561
        1712    0.765983    0.523896   0.0158474
        1713    0.960167     0.52415   0.0158402
        1714     1.41612    0.524671   0.0158395
        1715     1.42019    0.525193   0.0158389
        1716    0.990474    0.525464    0.015832
        1717     1.38026    0.525962   0.0158306
        1718     1.54282    0.526554   0.0158324
        1719     1.43246    0.527081    0.015832
        1720    0.998013    0.527354   0.0158252
        1721    0.812525     0.52752   0.0158168
        1722    0.718046    0.527631    0.015808
        1723    0.848091    0.527817      0.0158
        1724     1.10947    0.528154   0.0157944
        1725    0.893237    0.528366   0.0157866
        1726     0.75497    0.528497    0.015778
        1727    0.977087    0.528757   0.0157711
        1728    0.951464    0.529001   0.0157638
        1729    0.552635    0.529015   0.0157547
        1730    0.334839    0.528903    0.015746
        1731    0.514837    0.528895   0.0157369
        1732    0.596446    0.528934   0.0157279
        1733    0.763493    0.529069   0.0157194
        1734    0.785202    0.529217    0.015711
        1735    0.466351    0.529181    0.015702
        1736    0.619993    0.529233    0.015693
        1737      0.6003    0.529274   0.0156841
        1738    0.341438    0.529166   0.0156754
        1739    0.568067    0.529188   0.0156664
        1740    0.804328    0.529346   0.0156582
        1741    0.938413    0.529581    0.015651
        1742    0.687838    0.529672   0.0156422
        1743    0.817613    0.529837   0.0156341
        1744     0.99428    0.530104   0.0156274
        1745     1.05435    0.530404   0.0156214
        1746    0.409624    0.530335   0.0156126
        1747    0.772233    0.530473   0.0156043
        1748    0.490105     0.53045   0.0155954
        1749     0.42219    0.530388   0.0155866
        1750    0.553235    0.530401   0.0155777
        1751    0.869301    0.530595     0.01557
        1752     0.69658     0.53069   0.0155614
        1753    0.712206    0.530793   0.0155528
        1754    0.630301     0.53085   0.0155441
        1755    0.335384    0.530739   0.0155356
        1756    0.268329    0.530589   0.0155275
        1757     0.29066    0.530453   0.0155192
        1758    0.126924    0.530223   0.0155121
        1759    0.545999    0.530232   0.0155033
        1760    0.392021    0.530153   0.0154947
        1761    0.480501    0.530125   0.0154859
        1762    0.184133    0.529929   0.0154784
        1763    0.437915    0.529877   0.0154697
        1764    0.199454    0.529689    0.015462
        1765    0.196239      0.5295   0.0154544
        1766    0.424168    0.529441   0.0154458
        1767    0.706377    0.529541   0.0154374
        1768    0.986378    0.529799   0.0154308
        1769    0.734403    0.529915   0.0154225
        1770    0.800122    0.530068   0.0154146
        1771    0.465244    0.530031   0.0154059
        1772     1.15786    0.530385   0.0154013
        1773    0.693992    0.530478   0.0153929
        1774    0.599574    0.530517   0.0153843
        1775     1.10019    0.530838   0.0153789
        1776    0.928204    0.531061   0.0153719
        1777     0.53698    0.531065   0.0153632
        1778    0.486412    0.531039   0.0153546
        1779    0.762409     0.53117   0.0153465
        1780    0.620511     0.53122    0.015338
        1781     1.07876    0.531527   0.0153325
        1782    0.686128    0.531614   0.0153241
        1783    0.799855    0.531764   0.0153163
        1784    0.937262    0.531992   0.0153094
        1785    0.875158    0.532184    0.015302
        1786    0.698974    0.532277   0.0152937
        1787    0.531277    0.532277   0.0152852
        1788    0.464586    0.532239   0.0152767
        1789    0.733009    0.532351   0.0152685
        1790    0.400361    0.532277   0.0152602
        1791    0.156207    0.532067   0.0152531
        1792    0.285037     0.53193   0.0152452
        1793    0.801148     0.53208   0.0152374
        1794    0.795465    0.532227   0.0152297
        1795     1.08724    0.532536   0.0152243
        1796     1.24886    0.532935   0.0152211
        1797    0.970291    0.533178   0.0152145
        1798     1.17587    0.533535   0.0152103
        1799     1.50436    0.534075   0.0152114
        1800    0.657024    0.534143   0.0152031
        1801    0.470095    0.534108   0.0151947
        1802    0.242477    0.533946   0.0151871
        1803    0.476366    0.533914   0.0151787
        1804    0.781614    0.534051   0.0151709
        1805     1.27769    0.534463   0.0151681
        1806     1.32174    0.534899    0.015166
        1807     1.32809    0.535338   0.0151639
        1808    0.928928    0.535556   0.0151571
        1809     1.05231    0.535842   0.0151514
        1810     1.44388    0.536343   0.0151514
        1811     1.17502    0.536696   0.0151471
        1812     1.00386    0.536954   0.0151409
        1813     1.01552    0.537218   0.0151349
        1814     0.95759    0.537449   0.0151283
        1815    0.718939    0.537549   0.0151203
        1816    0.825168    0.537708   0.0151128
        1817     1.20792    0.538077    0.015109
        1818     1.30288    0.538497   0.0151065
        1819    0.995988    0.538749   0.0151003
        1820    0.224439    0.538576    0.015093
        1821    0.429064    0.538516   0.0150849
        1822     0.33153    0.538402    0.015077
        1823    0.852551    0.538575   0.0150697
        1824    0.567165     0.53859   0.0150615
        1825    0.877292    0.538776   0.0150544
        1826    0.830086    0.538936    0.015047
        1827    0.677211    0.539011   0.0150389
        1828     0.61135    0.539051   0.0150307
        1829     0.40379    0.538977   0.0150227
        1830    0.347096    0.538872   0.0150149
        1831    0.822827    0.539027   0.0150075
        1832     1.15924    0.539366   0.0150031
        1833     1.13961    0.539693   0.0149985
        1834     1.17088    0.540037   0.0149942
        1835    0.945198    0.540258   0.0149877
        1836    0.998559    0.540508   0.0149816
        1837     1.09601     0.54081   0.0149765
        1838     1.15399    0.541144   0.0149721
        1839     1.43254    0.541628   0.0149718
        1840     1.20222    0.541987   0.0149679
        1841      1.3721    0.542438   0.0149666
        1842     1.04576    0.542712    0.014961
        1843    0.356442     0.54261   0.0149532
        1844    0.576102    0.542629   0.0149451
        1845    0.419949    0.542562   0.0149371
        1846    0.492919    0.542535   0.0149291
        1847    0.587547     0.54256    0.014921
        1848    0.524877     0.54255   0.0149129
        1849    0.513368    0.542534   0.0149049
        1850    0.556204    0.542542   0.0148968
        1851    0.474092    0.542505   0.0148888
        1852    0.659285    0.542568   0.0148809
        1853     0.33949    0.542458   0.0148733
        1854    0.162459    0.542253   0.0148667
        1855    0.636557    0.542304   0.0148588
        1856    0.820278    0.542454   0.0148515
        1857    0.774093    0.542578    0.014844
        1858    0.917188     0.54278   0.0148374
        1859    0.658575    0.542842   0.0148296
        1860    0.637567    0.542893   0.0148217
        1861    0.330428    0.542779   0.0148142
        1862    0.711802     0.54287   0.0148065
        1863     1.18764    0.543216   0.0148026
        1864       1.097    0.543513   0.0147976
        1865    0.946821    0.543729   0.0147913
        1866     0.87879    0.543909   0.0147844
        1867    0.541107    0.543907   0.0147765
        1868    0.501505    0.543885   0.0147686
        1869    0.678446    0.543957   0.0147609
        1870     0.45526    0.543909   0.0147531
        1871   0.0814549    0.543662   0.0147473
        1872  -0.0764374    0.543331   0.0147431
        1873   -0.220165    0.542923   0.0147409
        1874    0.140839    0.542709   0.0147346
        1875  -0.0211984    0.542408   0.0147298
        1876    0.275391    0.542266   0.0147226
        1877   0.0990833    0.542029   0.0147166
        1878    0.241637     0.54187   0.0147097
        1879    0.203372    0.541689    0.014703
        1880    0.414578    0.541622   0.0146953
        1881    0.582595    0.541644   0.0146875
        1882    0.930638     0.54185   0.0146811
        1883    0.486802    0.541821   0.0146734
        1884    0.739796    0.541926    0.014666
        1885    0.267096     0.54178   0.0146589
        1886    0.075394    0.541533   0.0146532
        1887   -0.224454    0.541127   0.0146511
        1888   -0.144879    0.540764   0.0146478
        1889   0.0575289    0.540508   0.0146423
        1890    0.218575    0.540338   0.0146355
        1891    0.352166    0.540238   0.0146281
        1892    0.243296    0.540081   0.0146213
        1893   0.0963807    0.539847   0.0146154
        1894   0.0631771    0.539595   0.0146099
        1895    0.157163    0.539393   0.0146035
        1896   -0.153121    0.539028   0.0146004
        1897   -0.217081    0.538629   0.0145982
        1898  -0.0963856    0.538295   0.0145943
        1899   -0.133592    0.537941   0.0145909
        1900    0.179921    0.537753   0.0145844
        1901     0.41244    0.537687   0.0145769
        1902    0.405952    0.537617   0.0145694
        1903    0.504943      0.5376   0.0145618
        1904    0.431824    0.537545   0.0145542
        1905    0.614924    0.537585   0.0145466
        1906    0.656073    0.537647   0.0145391
        1907    0.497494    0.537626   0.0145315
        1908    0.199022    0.537449    0.014525
        1909    0.144383    0.537243   0.0145189
        1910    0.510594    0.537229   0.0145113
        1911    0.374885    0.537144   0.0145039
        1912    0.438399    0.537093   0.0144964
        1913    0.477173    0.537061   0.0144889
        1914     1.07664    0.537343    0.014484
        1915    0.497518    0.537322   0.0144765
        1916    0.733845    0.537425   0.0144693
        1917     0.58609     0.53745   0.0144618
        1918    0.703378    0.537537   0.0144545
        1919     1.08226    0.537821   0.0144498
        1920    0.946903    0.538034   0.0144438
        1921    0.909204    0.538227   0.0144376
        1922    0.152285    0.538026   0.0144315
        1923  -0.0166371    0.537738   0.0144268
        1924    0.347947    0.537639   0.0144197
        1925    0.379769    0.537557   0.0144124
        1926    0.335813    0.537452   0.0144053
        1927    0.235916    0.537296   0.0143987
        1928    0.709475    0.537385   0.0143915
        1929    0.785651    0.537514   0.0143846
        1930     1.13375    0.537823   0.0143805
        1931    0.995837     0.53806    0.014375
        1932      1.2054    0.538405   0.0143717
        1933    0.789876    0.538535   0.0143648
        1934    0.361627    0.538444   0.0143577
        1935    0.686977    0.538521   0.0143505
        1936    0.480279    0.538491   0.0143431
        1937    0.330053    0.538383   0.0143361
        1938    0.497039    0.538362   0.0143287
        1939    0.106383    0.538139   0.0143231
        1940  -0.0411848     0.53784   0.0143188
        1941    0.266489      0.5377   0.0143121
        1942   0.0130072     0.53743   0.0143073
        1943      0.2784    0.537297   0.0143005
        1944    0.837094    0.537451    0.014294
        1945    0.393679    0.537377   0.0142869
        1946    0.721419    0.537472   0.0142798
        1947     1.01632    0.537718   0.0142746
        1948    0.293026    0.537592   0.0142678
        1949    0.285726    0.537463   0.0142611
        1950   0.0578641    0.537217   0.0142559
        1951   -0.195964    0.536841   0.0142536
        1952   0.0147998    0.536574   0.0142488
        1953    0.476894    0.536543   0.0142415
        1954    0.322959    0.536434   0.0142346
        1955    0.218079    0.536271   0.0142283
        1956    0.798684    0.536405   0.0142216
        1957      0.4029    0.536337   0.0142145
        1958    0.605343    0.536372   0.0142073
        1959    0.134976    0.536167   0.0142015
        1960    0.318927    0.536057   0.0141947
        1961    0.477924    0.536027   0.0141875
        1962    0.478406    0.535998   0.0141803
        1963    0.430791    0.535944   0.0141732
        1964    0.451184    0.535901   0.0141661
        1965    0.939506    0.536106   0.0141603
        1966    0.423182    0.536049   0.0141532
        1967    0.443358    0.536002   0.0141461
        1968    0.441246    0.535953    0.014139
        1969    0.664948    0.536019    0.014132
        1970    0.446944    0.535974   0.0141249
        1971    0.647173     0.53603   0.0141178
        1972    0.221384    0.535871   0.0141116
        1973    0.383981    0.535794   0.0141046
        1974    0.255157    0.535651   0.0140982
        1975   0.0956543    0.535429   0.0140928
        1976    0.426401    0.535373   0.0140858
        1977    0.473744    0.535342   0.0140787
        1978    0.587236    0.535369   0.0140716
        1979    0.778389    0.535491   0.0140651
        1980    0.344683    0.535395   0.0140583
        1981    0.355431    0.535304   0.0140515
        1982    0.339518    0.535205   0.0140447
        1983    0.404193    0.535139   0.0140378
        1984    0.447332    0.535095   0.0140308
        1985    0.226391     0.53494   0.0140246
        1986    0.545511    0.534945   0.0140175
        1987      0.5547    0.534955   0.0140105
        1988     0.63412    0.535005   0.0140035
        1989    0.626354    0.535051   0.0139966
        1990    0.758512    0.535163     0.01399
        1991    0.664308    0.535228   0.0139831
        1992     1.11447    0.535519   0.0139791
        1993     0.33557    0.535418   0.0139724
        1994    0.285871    0.535293    0.013966
        1995    0.653544    0.535352   0.0139591
        1996    0.780433    0.535475   0.0139527
        1997     0.62496     0.53552   0.0139458
        1998    0.298297    0.535401   0.0139393
        1999    0.716731    0.535492   0.0139326
        2000    0.374942    0.535412   0.0139259
