           1         1.1         1.1           0
           2         1.1         1.1           0
           3         1.1         1.1           0
           4         1.1         1.1           0
           5         1.1         1.1           0
           6         1.1         1.1           0
           7         1.1         1.1           0
           8         1.1         1.1           0
           9         1.1         1.1           0
          10         1.1         1.1   6.664e-09
          11         1.1         1.1 6.35388e-09
          12         1.1         1.1 6.08337e-09
          13         1.1         1.1 5.84472e-09
          14         1.1         1.1 5.63211e-09
          15         1.1         1.1 5.44113e-09
          16         1.1         1.1 5.26836e-09
          17         1.1         1.1 5.11106e-09
          18         1.1         1.1           0
          19         1.1         1.1           0
          20         1.1         1.1           0
          21         1.1         1.1           0
          22         1.1         1.1 4.49287e-09
          23         1.1         1.1 4.39411e-09
          24         1.1         1.1 4.30159e-09
          25         1.1         1.1 4.21468e-09
          26         1.1         1.1 4.13284e-09
          27         1.1         1.1 4.05558e-09
          28         1.1         1.1 6.29689e-09
          29         1.1         1.1 6.18737e-09
          30         1.1         1.1 6.08337e-09
          31         1.1         1.1 5.98445e-09
          32         1.1         1.1  5.8902e-09
          33         1.1         1.1 5.80027e-09
          34         1.1         1.1 5.71433e-09
          35         1.1         1.1 5.63211e-09
          36         1.1         1.1 5.55333e-09
          37         1.1         1.1 5.47778e-09
          38         1.1         1.1 5.40522e-09
          39         1.1         1.1 6.31302e-09
          40         1.1         1.1  6.2336e-09
          41         1.1         1.1 6.15711e-09
          42         1.1         1.1 6.08337e-09
          43         1.1         1.1 6.01222e-09
          44         1.1         1.1 5.94351e-09
          45         1.1         1.1  5.8771e-09
          46         1.1         1.1 5.81286e-09
          47         1.1         1.1 5.75069e-09
          48         1.1         1.1 5.69047e-09
          49         1.1         1.1 5.63211e-09
          50         1.1         1.1  5.5755e-09
          51         1.1         1.1 5.52057e-09
          52         1.1         1.1 5.46723e-09
          53         1.1         1.1 5.41541e-09
          54         1.1         1.1 5.36503e-09
          55         1.1         1.1 5.68308e-09
          56         1.1         1.1 5.63211e-09
          57         1.1         1.1 5.92112e-09
          58         1.1         1.1 5.86985e-09
          59         1.1         1.1 6.13471e-09
          60         1.1         1.1 6.08337e-09
          61         1.1         1.1 5.72369e-09
          62         1.1         1.1 5.67735e-09
          63         1.1         1.1 4.96705e-09
          64         1.1         1.1  4.9281e-09
          65         1.1         1.1 4.89004e-09
          66         1.1         1.1 4.49287e-09
          67         1.1         1.1 4.45921e-09
          68         1.1         1.1 4.04064e-09
          69         1.1         1.1 4.01126e-09
          70         1.1         1.1  3.9825e-09
          71         1.1         1.1 3.53688e-09
          72         1.1         1.1 3.51224e-09
          73         1.1         1.1  3.4881e-09
          74         1.1         1.1  3.0003e-09
          75         1.1         1.1 2.98023e-09
          76         1.1         1.1 2.96056e-09
          77         1.1         1.1           0
          78         1.1         1.1 1.68722e-09
          79         1.1         1.1 1.67651e-09
          80         1.1         1.1   1.666e-09
          81         1.1         1.1 1.65568e-09
          82         1.1         1.1           0
          83         1.1         1.1           0
          84         1.1         1.1  2.2993e-09
          85         1.1         1.1 2.28573e-09
          86         1.1         1.1 1.60683e-09
          87         1.1         1.1 1.59757e-09
          88         1.1         1.1 2.75131e-09
          89         1.1         1.1 2.73581e-09
          90         1.1         1.1 2.22133e-09
          91         1.1         1.1  2.2091e-09
          92         1.1         1.1 3.10711e-09
          93         1.1         1.1 3.09036e-09
          94         1.1         1.1 3.07387e-09
          95         1.1         1.1 3.05765e-09
          96         1.1         1.1 2.63418e-09
          97         1.1         1.1 3.70604e-09
          98         1.1         1.1 3.68708e-09
          99         1.1         1.1 3.66841e-09
         100         1.1         1.1 3.65002e-09
         101         1.1         1.1 3.31546e-09
         102         1.1         1.1 3.29917e-09
         103         1.1         1.1 3.88464e-09
         104         1.1         1.1 3.86592e-09
         105         1.1         1.1 3.84746e-09
         106         1.1         1.1 3.82927e-09
         107         1.1         1.1 3.81134e-09
         108         1.1         1.1 4.05558e-09
         109         1.1         1.1 4.51343e-09
         110         1.1         1.1 4.49287e-09
         111         1.1         1.1 4.69089e-09
         112         1.1         1.1  4.6699e-09
         113         1.1         1.1 4.85592e-09
         114         1.1         1.1 4.83458e-09
         115         1.1         1.1 4.81351e-09
         116         1.1         1.1 5.35842e-09
         117         1.1         1.1 5.33547e-09
         118         1.1         1.1 5.48705e-09
         119         1.1         1.1 5.46395e-09
         120         1.1         1.1 5.44113e-09
         121         1.1         1.1 5.58537e-09
         122         1.1         1.1 5.56243e-09
         123         1.1         1.1 5.53977e-09
         124         1.1         1.1 5.98445e-09
         125         1.1         1.1 5.96046e-09
         126         1.1         1.1 5.93676e-09
         127         1.1         1.1 6.05938e-09
         128         1.1         1.1 6.03566e-09
         129         1.1         1.1 6.01222e-09
         130         1.1         1.1 6.12999e-09
         131         1.1         1.1 6.10655e-09
         132         1.1         1.1 6.08337e-09
         133         1.1         1.1 6.58842e-09
         134         1.1         1.1 6.56379e-09
         135         1.1         1.1 6.53943e-09
         136         1.1         1.1 6.51534e-09
         137         1.1         1.1 6.61518e-09
         138         1.1         1.1 6.59117e-09
         139         1.1         1.1 6.56742e-09
         140         1.1         1.1 6.54392e-09
         141         1.1         1.1 6.64033e-09
         142         1.1         1.1 6.61691e-09
         143         1.1         1.1 6.59373e-09
         144         1.1         1.1 6.80142e-09
         145         1.1         1.1 6.88996e-09
         146         1.1         1.1 6.86633e-09
         147         1.1         1.1 6.84293e-09
         148         1.1         1.1 6.81978e-09
         149         1.1         1.1 6.90561e-09
         150         1.1         1.1 6.88255e-09
         151         1.1         1.1 6.85972e-09
         152         1.1         1.1 6.83712e-09
         153         1.1         1.1  6.9204e-09
         154         1.1         1.1  6.8979e-09
         155         1.1         1.1 6.87561e-09
         156         1.1         1.1 7.05817e-09
         157         1.1         1.1 7.03565e-09
         158         1.1         1.1 7.11284e-09
         159         1.1         1.1 7.09043e-09
         160         1.1         1.1 7.06824e-09
         161         1.1         1.1 7.04626e-09
         162         1.1         1.1 7.02447e-09
         163         1.1         1.1 7.09949e-09
         164         1.1         1.1 7.07781e-09
         165         1.1         1.1 7.05633e-09
         166         1.1         1.1 7.03505e-09
         167         1.1         1.1 7.01395e-09
         168         1.1         1.1 7.08692e-09
         169         1.1         1.1 7.06592e-09
         170         1.1         1.1  7.0451e-09
         171         1.1         1.1 7.20696e-09
         172         1.1         1.1 7.18598e-09
         173         1.1         1.1 7.16518e-09
         174         1.1         1.1 7.23332e-09
         175         1.1         1.1 7.21262e-09
         176         1.1         1.1  7.1921e-09
         177         1.1         1.1 7.17175e-09
         178         1.1         1.1 7.15158e-09
         179         1.1         1.1 7.13158e-09
         180         1.1         1.1 7.19794e-09
         181         1.1         1.1 7.17803e-09
         182         1.1         1.1 7.15829e-09
         183         1.1         1.1  7.1387e-09
         184         1.1         1.1 7.11928e-09
         185         1.1         1.1 7.10001e-09
         186         1.1         1.1  7.0809e-09
         187         1.1         1.1 7.14552e-09
         188         1.1         1.1 7.12649e-09
         189         1.1         1.1 7.27102e-09
         190         1.1         1.1 7.25186e-09
         191         1.1         1.1 7.23285e-09
         192         1.1         1.1 7.21399e-09
         193         1.1         1.1 7.19528e-09
         194         1.1         1.1 7.25601e-09
         195         1.1         1.1 7.23739e-09
         196         1.1         1.1  7.2189e-09
         197         1.1         1.1 7.20055e-09
         198         1.1         1.1 7.18235e-09
         199         1.1         1.1 7.16428e-09
         200         1.1         1.1 7.14635e-09
         201         1.1         1.1 7.20561e-09
         202         1.1         1.1 7.18776e-09
         203         1.1         1.1 7.17003e-09
         204         1.1         1.1 7.15244e-09
         205         1.1         1.1 7.13497e-09
         206         1.1         1.1 7.11763e-09
         207         1.1         1.1 7.10042e-09
         208         1.1         1.1 7.08333e-09
         209         1.1         1.1 7.14114e-09
         210         1.1         1.1 7.12412e-09
         211         1.1         1.1 7.32595e-09
         212         1.1         1.1 7.30865e-09
         213         1.1         1.1 7.21964e-09
         214         1.1         1.1 7.20275e-09
         215         1.1         1.1 7.11376e-09
         216         1.1         1.1 7.09727e-09
         217         1.1         1.1 7.00827e-09
         218         1.1         1.1 6.99218e-09
         219         1.1         1.1  6.9762e-09
         220         1.1         1.1 6.88744e-09
         221         1.1         1.1 6.87184e-09
         222         1.1         1.1 6.78301e-09
         223         1.1         1.1 6.76779e-09
         224         1.1         1.1 6.67886e-09
         225         1.1         1.1   6.664e-09
         226         1.1         1.1 6.57495e-09
         227         1.1         1.1 6.56045e-09
         228         1.1         1.1 6.54605e-09
         229         1.1         1.1 6.45709e-09
         230         1.1         1.1 6.44303e-09
         231         1.1         1.1 6.35388e-09
         232         1.1         1.1 6.34017e-09
         233         1.1         1.1 6.25078e-09
         234         1.1         1.1 6.00488e-09
         235         1.1         1.1 5.99209e-09
         236         1.1         1.1  5.7385e-09
         237         1.1         1.1 5.72638e-09
         238         1.1         1.1 5.54867e-09
         239         1.1         1.1 5.45251e-09
         240         1.1         1.1 5.26836e-09
         241         1.1         1.1 5.16905e-09
         242         1.1         1.1 4.97731e-09
         243         1.1         1.1 4.96705e-09
         244         1.1         1.1 4.57498e-09
         245         1.1         1.1 4.56563e-09
         246         1.1         1.1 4.24881e-09
         247         1.1         1.1  4.2402e-09
         248         1.1         1.1 4.23165e-09
         249         1.1         1.1 3.89354e-09
         250         1.1         1.1 3.88575e-09
         251         1.1         1.1 3.64275e-09
         252         1.1         1.1 3.51224e-09
         253         1.1         1.1 3.24527e-09
         254         1.1         1.1 3.23887e-09
         255         1.1         1.1 2.63934e-09
         256         1.1         1.1 2.63418e-09
         257         1.1         1.1 2.62905e-09
         258         1.1         1.1 2.07441e-09
         259         1.1         1.1  2.0704e-09
         260         1.1         1.1 1.60064e-09
         261         1.1         1.1 1.30441e-09
         262         1.1         1.1 1.30192e-09
         263         1.1         1.1           0
         264         1.1         1.1 9.17103e-10
         265         1.1         1.1 1.58547e-09
         266         1.1         1.1 1.58249e-09
         267         1.1         1.1 1.82387e-09
         268         1.1         1.1 2.40825e-09
         269         1.1         1.1 2.40377e-09
         270         1.1         1.1 2.72057e-09
         271         1.1         1.1 2.86243e-09
         272         1.1         1.1 2.85717e-09
         273         1.1         1.1 3.12413e-09
         274         1.1         1.1 3.24576e-09
         275         1.1         1.1 3.48016e-09
         276         1.1         1.1 3.47385e-09
         277         1.1         1.1  3.5813e-09
         278         1.1         1.1  3.7917e-09
         279         1.1         1.1  3.7849e-09
         280         1.1         1.1 3.77813e-09
         281         1.1         1.1 4.16945e-09
         282         1.1         1.1 4.16205e-09
         283         1.1         1.1 4.15469e-09
         284         1.1         1.1 4.33178e-09
         285         1.1         1.1 4.41334e-09
         286         1.1         1.1 4.40562e-09
         287         1.1         1.1 4.57047e-09
         288         1.1         1.1 4.64625e-09
         289         1.1         1.1 4.63821e-09
         290         1.1         1.1 4.79272e-09
         291         1.1         1.1 4.78447e-09
         292         1.1         1.1 4.85523e-09
         293         1.1         1.1 5.00084e-09
         294         1.1         1.1 4.99233e-09
         295         1.1         1.1 4.98386e-09
         296         1.1         1.1 5.26836e-09
         297         1.1         1.1 5.25948e-09
         298         1.1         1.1 5.25065e-09
         299         1.1         1.1 5.38167e-09
         300         1.1         1.1 5.44113e-09
         301         1.1         1.1 5.43209e-09
         302         1.1         1.1 5.55701e-09
         303         1.1         1.1 5.54783e-09
         304         1.1         1.1 5.60425e-09
         305         1.1         1.1 5.72369e-09
         306         1.1         1.1 5.71433e-09
         307         1.1         1.1 5.70502e-09
         308         1.1         1.1 5.75869e-09
         309         1.1         1.1 5.87302e-09
         310         1.1         1.1 5.86354e-09
         311         1.1         1.1 5.85411e-09
         312         1.1         1.1  6.0246e-09
         313         1.1         1.1 6.07365e-09
         314         1.1         1.1 6.06397e-09
         315         1.1         1.1 6.05434e-09
         316         1.1         1.1  6.1599e-09
         317         1.1         1.1 6.20686e-09
         318         1.1         1.1 6.19709e-09
         319         1.1         1.1 6.29886e-09
         320         1.1         1.1 6.28901e-09
         321         1.1         1.1 6.27921e-09
         322         1.1         1.1 6.32421e-09
         323         1.1         1.1 6.42236e-09
         324         1.1         1.1 6.41244e-09
         325         1.1         1.1 6.40257e-09
         326         1.1         1.1 6.39274e-09
         327         1.1         1.1 6.54058e-09
         328         1.1         1.1 6.53061e-09
         329         1.1         1.1 6.52067e-09
         330         1.1         1.1 6.51079e-09
         331         1.1         1.1 6.65393e-09
         332         1.1         1.1 6.69404e-09
         333         1.1         1.1 6.68398e-09
         334         1.1         1.1 6.67397e-09
         335         1.1         1.1 6.76273e-09
         336         1.1         1.1 6.75266e-09
         337         1.1         1.1 6.79132e-09
         338         1.1         1.1 6.78127e-09
         339         1.1         1.1 6.86731e-09
         340         1.1         1.1  6.8572e-09
         341         1.1         1.1 6.84714e-09
         342         1.1         1.1 6.88444e-09
         343         1.1         1.1 6.96793e-09
         344         1.1         1.1 6.95779e-09
         345         1.1         1.1  6.9477e-09
         346         1.1         1.1 6.93765e-09
         347         1.1         1.1 7.06485e-09
         348         1.1         1.1 7.05469e-09
         349         1.1         1.1 7.04457e-09
         350         1.1         1.1  7.0345e-09
         351         1.1         1.1 7.15829e-09
         352         1.1         1.1 7.14811e-09
         353         1.1         1.1 7.18191e-09
         354         1.1         1.1 7.17175e-09
         355         1.1         1.1 7.16165e-09
         356         1.1         1.1 7.23827e-09
         357         1.1         1.1 7.22812e-09
         358         1.1         1.1 7.26086e-09
         359         1.1         1.1 7.25074e-09
         360         1.1         1.1 7.24066e-09
         361         1.1         1.1  7.3152e-09
         362         1.1         1.1 7.30509e-09
         363         1.1         1.1 7.29502e-09
         364         1.1         1.1 7.32674e-09
         365         1.1         1.1 7.39937e-09
         366         1.1         1.1 7.38926e-09
         367         1.1         1.1 7.37918e-09
         368         1.1         1.1 7.36915e-09
         369         1.1         1.1 7.35916e-09
         370         1.1         1.1 7.43042e-09
         371         1.1         1.1 7.46062e-09
         372         1.1         1.1 7.45058e-09
         373         1.1         1.1 7.44059e-09
         374         1.1         1.1 7.43063e-09
         375         1.1         1.1 7.53946e-09
         376         1.1         1.1 7.52942e-09
         377         1.1         1.1 7.55849e-09
         378         1.1         1.1 7.54849e-09
         379         1.1         1.1 7.53852e-09
         380         1.1         1.1 7.60582e-09
         381         1.1         1.1 7.59583e-09
         382         1.1         1.1 7.58588e-09
         383         1.1         1.1 7.61414e-09
         384         1.1         1.1 7.60422e-09
         385         1.1         1.1  7.6699e-09
         386         1.1         1.1 7.65996e-09
         387         1.1         1.1 7.65006e-09
         388         1.1         1.1 7.64019e-09
         389         1.1         1.1 7.63037e-09
         390         1.1         1.1 7.65784e-09
         391         1.1         1.1 7.72194e-09
         392         1.1         1.1 7.71208e-09
         393         1.1         1.1 7.70227e-09
         394         1.1         1.1 7.69248e-09
         395         1.1         1.1 7.68274e-09
         396         1.1         1.1 7.74577e-09
         397         1.1         1.1 7.77207e-09
         398         1.1         1.1  7.7623e-09
         399         1.1         1.1 7.75257e-09
         400         1.1         1.1 7.74287e-09
         401         1.1         1.1 7.73321e-09
         402         1.1         1.1 7.83012e-09
         403         1.1         1.1  7.8204e-09
         404         1.1         1.1 7.84582e-09
         405         1.1         1.1 7.83613e-09
         406         1.1         1.1 7.82647e-09
         407         1.1         1.1 7.81685e-09
         408         1.1         1.1 7.87667e-09
         409         1.1         1.1 7.86703e-09
         410         1.1         1.1 7.85743e-09
         411         1.1         1.1 7.84787e-09
         412         1.1         1.1 7.87264e-09
         413         1.1         1.1  7.8631e-09
         414         1.1         1.1  7.9216e-09
         415         1.1         1.1 7.91205e-09
         416         1.1         1.1 7.90253e-09
         417         1.1         1.1 7.89305e-09
         418         1.1         1.1 7.88361e-09
         419         1.1         1.1 7.87419e-09
         420         1.1         1.1 7.96501e-09
         421         1.1         1.1 7.95554e-09
         422         1.1         1.1 7.94611e-09
         423         1.1         1.1 7.93671e-09
         424         1.1         1.1 7.92735e-09
         425         1.1         1.1 7.91801e-09
         426         1.1         1.1 7.87569e-09
         427         1.1         1.1  7.9323e-09
         428         1.1         1.1 7.89022e-09
         429         1.1         1.1 7.88101e-09
         430         1.1         1.1 7.83898e-09
         431         1.1         1.1 7.82988e-09
         432         1.1         1.1 7.78788e-09
         433         1.1         1.1 7.87715e-09
         434         1.1         1.1 7.83548e-09
         435         1.1         1.1 7.82647e-09
         436         1.1         1.1 7.78485e-09
         437         1.1         1.1 7.77594e-09
         438         1.1         1.1 7.76706e-09
         439         1.1         1.1 7.72554e-09
         440         1.1         1.1 7.78188e-09
         441         1.1         1.1 7.74059e-09
         442         1.1         1.1 7.73183e-09
         443         1.1         1.1 7.69058e-09
         444         1.1         1.1 7.68192e-09
         445         1.1         1.1  7.6407e-09
         446         1.1         1.1 7.63213e-09
         447         1.1         1.1 7.68847e-09
         448         1.1         1.1 7.64755e-09
         449         1.1         1.1 7.63903e-09
         450         1.1         1.1 7.59813e-09
         451         1.1         1.1  7.5897e-09
         452         1.1         1.1 7.54883e-09
         453         1.1         1.1  7.5405e-09
         454         1.1         1.1 7.59684e-09
         455         1.1         1.1 7.55627e-09
         456         1.1         1.1 7.54798e-09
         457         1.1         1.1 7.50743e-09
         458         1.1         1.1 7.49922e-09
         459         1.1         1.1 7.49105e-09
         460         1.1         1.1 7.45058e-09
         461         1.1         1.1  7.4425e-09
         462         1.1         1.1 7.46669e-09
         463         1.1         1.1 7.45862e-09
         464         1.1         1.1  7.4184e-09
         465         1.1         1.1 7.41042e-09
         466         1.1         1.1 7.40246e-09
         467         1.1         1.1 7.36231e-09
         468         1.1         1.1 7.35444e-09
         469         1.1         1.1  7.3143e-09
         470         1.1         1.1 7.30652e-09
         471         1.1         1.1 7.29876e-09
         472         1.1         1.1 7.25869e-09
         473         1.1         1.1 7.25101e-09
         474         1.1         1.1 7.33973e-09
         475         1.1         1.1 7.30005e-09
         476         1.1         1.1 7.29238e-09
         477         1.1         1.1 7.25271e-09
         478         1.1         1.1 7.24512e-09
         479         1.1         1.1 7.23755e-09
         480         1.1         1.1 7.19794e-09
         481         1.1         1.1 7.19046e-09
         482         1.1         1.1 7.24685e-09
         483         1.1         1.1 7.20752e-09
         484         1.1         1.1 7.20007e-09
         485         1.1         1.1 7.16075e-09
         486         1.1         1.1 7.15337e-09
         487         1.1         1.1 7.14603e-09
         488         1.1         1.1 7.10676e-09
         489         1.1         1.1 7.09949e-09
         490         1.1         1.1 7.15585e-09
         491         1.1         1.1 7.11686e-09
         492         1.1         1.1 7.10962e-09
         493         1.1         1.1 7.10241e-09
         494         1.1         1.1 7.06347e-09
         495         1.1         1.1 7.05633e-09
         496         1.1         1.1 7.01739e-09
         497         1.1         1.1 7.01033e-09
         498         1.1         1.1 7.00328e-09
         499         1.1         1.1 7.02799e-09
         500         1.1         1.1 7.02096e-09
         501         1.1         1.1 7.01395e-09
         502         1.1         1.1 6.97533e-09
         503         1.1         1.1 6.96839e-09
         504         1.1         1.1 6.96147e-09
         505         1.1         1.1 6.92289e-09
         506         1.1         1.1 6.91605e-09
         507         1.1         1.1 6.90923e-09
         508         1.1         1.1 6.93401e-09
         509         1.1         1.1  6.9272e-09
         510         1.1         1.1  6.9204e-09
         511         1.1         1.1 6.88213e-09
         512         1.1         1.1 6.87541e-09
         513         1.1         1.1  6.8687e-09
         514         1.1         1.1 6.83047e-09
         515         1.1         1.1 6.82383e-09
         516         1.1         1.1 6.81722e-09
         517         1.1         1.1 6.87339e-09
         518         1.1         1.1 6.86676e-09
         519         1.1         1.1 6.86014e-09
         520         1.1         1.1 6.82231e-09
         521         1.1         1.1 6.81576e-09
         522         1.1         1.1 6.80923e-09
         523         1.1         1.1 6.77144e-09
         524         1.1         1.1 6.76498e-09
         525         1.1         1.1 6.75853e-09
         526         1.1         1.1  6.7521e-09
         527         1.1         1.1 6.77685e-09
         528         1.1         1.1 6.77043e-09
         529         1.1         1.1 6.76403e-09
         530         1.1         1.1 6.72658e-09
         531         1.1         1.1 6.72024e-09
         532         1.1         1.1 6.71392e-09
         533         1.1         1.1 6.67649e-09
         534         1.1         1.1 6.67024e-09
         535         1.1         1.1   6.664e-09
         536         1.1         1.1  6.6266e-09
         537         1.1         1.1 6.68259e-09
         538         1.1         1.1 6.67638e-09
         539         1.1         1.1 6.67018e-09
         540         1.1         1.1 6.63308e-09
         541         1.1         1.1 6.62695e-09
         542         1.1         1.1 6.62083e-09
         543         1.1         1.1 6.58375e-09
         544         1.1         1.1 6.57769e-09
         545         1.1         1.1 6.57166e-09
         546         1.1         1.1 6.53459e-09
         547         1.1         1.1  6.5905e-09
         548         1.1         1.1 6.58448e-09
         549         1.1         1.1 6.57848e-09
         550         1.1         1.1 6.54172e-09
         551         1.1         1.1 6.53578e-09
         552         1.1         1.1 6.52985e-09
         553         1.1         1.1  6.4931e-09
         554         1.1         1.1 6.48724e-09
         555         1.1         1.1 6.48139e-09
         556         1.1         1.1 6.47556e-09
         557         1.1         1.1 6.43886e-09
         558         1.1         1.1 6.49465e-09
         559         1.1         1.1 6.48884e-09
         560         1.1         1.1 6.48304e-09
         561         1.1         1.1 6.44664e-09
         562         1.1         1.1  6.4409e-09
         563         1.1         1.1 6.43518e-09
         564         1.1         1.1 6.39878e-09
         565         1.1         1.1 6.39312e-09
         566         1.1         1.1 6.38747e-09
         567         1.1         1.1 6.38183e-09
         568         1.1         1.1 6.34548e-09
         569         1.1         1.1 6.43157e-09
         570         1.1         1.1 6.42592e-09
         571         1.1         1.1  6.4203e-09
         572         1.1         1.1 6.38435e-09
         573         1.1         1.1 6.37878e-09
         574         1.1         1.1 6.37322e-09
         575         1.1         1.1 6.33728e-09
         576         1.1         1.1 6.33178e-09
         577         1.1         1.1 6.32629e-09
         578         1.1         1.1 6.32081e-09
         579         1.1         1.1 6.28492e-09
         580         1.1         1.1  6.2795e-09
         581         1.1         1.1 6.33471e-09
         582         1.1         1.1 6.32926e-09
         583         1.1         1.1 6.29365e-09
         584         1.1         1.1 6.28826e-09
         585         1.1         1.1 6.28288e-09
         586         1.1         1.1 6.27752e-09
         587         1.1         1.1 6.24194e-09
         588         1.1         1.1 6.23663e-09
         589         1.1         1.1 6.23133e-09
         590         1.1         1.1 6.22605e-09
         591         1.1         1.1 6.19051e-09
         592         1.1         1.1 6.18528e-09
         593         1.1         1.1 6.24036e-09
         594         1.1         1.1  6.2351e-09
         595         1.1         1.1 6.19984e-09
         596         1.1         1.1 6.19463e-09
         597         1.1         1.1 6.18944e-09
         598         1.1         1.1 6.18427e-09
         599         1.1         1.1 6.14903e-09
         600         1.1         1.1 6.14391e-09
         601         1.1         1.1 6.13879e-09
         602         1.1         1.1 6.13369e-09
         603         1.1         1.1 6.09849e-09
         604         1.1         1.1 6.09344e-09
         605         1.1         1.1  6.0884e-09
         606         1.1         1.1 6.14331e-09
         607         1.1         1.1 6.13825e-09
         608         1.1         1.1 6.10335e-09
         609         1.1         1.1 6.09834e-09
         610         1.1         1.1 6.09334e-09
         611         1.1         1.1 6.08835e-09
         612         1.1         1.1 6.05348e-09
         613         1.1         1.1 6.04854e-09
         614         1.1         1.1 6.04361e-09
         615         1.1         1.1  6.0387e-09
         616         1.1         1.1 6.00385e-09
         617         1.1         1.1 5.99898e-09
         618         1.1         1.1 5.99413e-09
         619         1.1         1.1 6.04888e-09
         620         1.1         1.1   6.044e-09
         621         1.1         1.1 6.00945e-09
         622         1.1         1.1 6.00462e-09
         623         1.1         1.1  5.9998e-09
         624         1.1         1.1 5.99499e-09
         625         1.1         1.1 5.96046e-09
         626         1.1         1.1  5.9557e-09
         627         1.1         1.1 5.95095e-09
         628         1.1         1.1 5.94621e-09
         629         1.1         1.1 5.94148e-09
         630         1.1         1.1 5.90701e-09
         631         1.1         1.1 5.90232e-09
         632         1.1         1.1 5.89765e-09
         633         1.1         1.1 5.98161e-09
         634         1.1         1.1 5.94752e-09
         635         1.1         1.1 5.94284e-09
         636         1.1         1.1 5.93816e-09
         637         1.1         1.1  5.9335e-09
         638         1.1         1.1 5.92885e-09
         639         1.1         1.1 5.89481e-09
         640         1.1         1.1  5.8902e-09
         641         1.1         1.1  5.8856e-09
         642         1.1         1.1 5.88102e-09
         643         1.1         1.1 5.87644e-09
         644         1.1         1.1 5.84245e-09
         645         1.1         1.1 5.83792e-09
         646         1.1         1.1  5.8334e-09
         647         1.1         1.1 5.82889e-09
         648         1.1         1.1 5.88292e-09
         649         1.1         1.1 5.84922e-09
         650         1.1         1.1 5.84472e-09
         651         1.1         1.1 5.84023e-09
         652         1.1         1.1 5.83575e-09
         653         1.1         1.1 5.83127e-09
         654         1.1         1.1 5.79761e-09
         655         1.1         1.1 5.79318e-09
         656         1.1         1.1 5.78876e-09
         657         1.1         1.1 5.78436e-09
         658         1.1         1.1 5.77996e-09
         659         1.1         1.1 5.74633e-09
         660         1.1         1.1 5.74197e-09
         661         1.1         1.1 5.73763e-09
         662         1.1         1.1 5.73329e-09
         663         1.1         1.1 5.78713e-09
         664         1.1         1.1 5.75379e-09
         665         1.1         1.1 5.74946e-09
         666         1.1         1.1 5.74514e-09
         667         1.1         1.1 5.74083e-09
         668         1.1         1.1 5.73653e-09
         669         1.1         1.1 5.70322e-09
         670         1.1         1.1 5.69896e-09
         671         1.1         1.1 5.69471e-09
         672         1.1         1.1 5.69047e-09
         673         1.1         1.1 5.68625e-09
         674         1.1         1.1 5.65296e-09
         675         1.1         1.1 5.64877e-09
         676         1.1         1.1 5.64459e-09
         677         1.1         1.1 5.64042e-09
         678         1.1         1.1 5.63626e-09
         679         1.1         1.1 5.66107e-09
         680         1.1         1.1  5.6569e-09
         681         1.1         1.1 5.65275e-09
         682         1.1         1.1  5.6486e-09
         683         1.1         1.1 5.64447e-09
         684         1.1         1.1 5.64034e-09
         685         1.1         1.1 5.60739e-09
         686         1.1         1.1  5.6033e-09
         687         1.1         1.1 5.59922e-09
         688         1.1         1.1 5.59515e-09
         689         1.1         1.1 5.59109e-09
         690         1.1         1.1 5.55816e-09
         691         1.1         1.1 5.55414e-09
         692         1.1         1.1 5.55012e-09
         693         1.1         1.1 5.54612e-09
         694         1.1         1.1 5.54212e-09
         695         1.1         1.1 5.53813e-09
         696         1.1         1.1  5.5629e-09
         697         1.1         1.1 5.55891e-09
         698         1.1         1.1 5.55493e-09
         699         1.1         1.1 5.55095e-09
         700         1.1         1.1 5.54698e-09
         701         1.1         1.1 5.51438e-09
         702         1.1         1.1 5.51045e-09
         703         1.1         1.1 5.50653e-09
         704         1.1         1.1 5.50262e-09
         705         1.1         1.1 5.49871e-09
         706         1.1         1.1 5.49482e-09
         707         1.1         1.1 5.46226e-09
         708         1.1         1.1  5.4584e-09
         709         1.1         1.1 5.45455e-09
         710         1.1         1.1 5.45071e-09
         711         1.1         1.1 5.44687e-09
         712         1.1         1.1 5.44304e-09
         713         1.1         1.1 5.49618e-09
         714         1.1         1.1 5.49233e-09
         715         1.1         1.1 5.48849e-09
         716         1.1         1.1 5.48466e-09
         717         1.1         1.1 5.48083e-09
         718         1.1         1.1 5.47701e-09
         719         1.1         1.1 5.44492e-09
         720         1.1         1.1 5.44113e-09
         721         1.1         1.1 5.43736e-09
         722         1.1         1.1 5.43359e-09
         723         1.1         1.1 5.42983e-09
         724         1.1         1.1 5.42608e-09
         725         1.1         1.1 5.39402e-09
         726         1.1         1.1 5.39031e-09
         727         1.1         1.1  5.3866e-09
         728         1.1         1.1  5.3829e-09
         729         1.1         1.1 5.37921e-09
         730         1.1         1.1 5.37552e-09
         731         1.1         1.1 5.34349e-09
         732         1.1         1.1 5.39635e-09
         733         1.1         1.1 5.39267e-09
         734         1.1         1.1 5.38899e-09
         735         1.1         1.1 5.38533e-09
         736         1.1         1.1 5.38167e-09
         737         1.1         1.1 5.34993e-09
         738         1.1         1.1 5.34631e-09
         739         1.1         1.1 5.34269e-09
         740         1.1         1.1 5.33908e-09
         741         1.1         1.1 5.33547e-09
         742         1.1         1.1 5.33188e-09
         743         1.1         1.1 5.30017e-09
         744         1.1         1.1  5.2966e-09
         745         1.1         1.1 5.29305e-09
         746         1.1         1.1  5.2895e-09
         747         1.1         1.1 5.28596e-09
         748         1.1         1.1 5.28242e-09
         749         1.1         1.1  5.2789e-09
         750         1.1         1.1 5.24724e-09
         751         1.1         1.1 5.29983e-09
         752         1.1         1.1 5.29631e-09
         753         1.1         1.1 5.29279e-09
         754         1.1         1.1 5.28928e-09
         755         1.1         1.1 5.28577e-09
         756         1.1         1.1  5.2544e-09
         757         1.1         1.1 5.25093e-09
         758         1.1         1.1 5.24746e-09
         759         1.1         1.1 5.24401e-09
         760         1.1         1.1 5.24055e-09
         761         1.1         1.1 5.23711e-09
         762         1.1         1.1 5.23367e-09
         763         1.1         1.1 5.20235e-09
         764         1.1         1.1 5.19894e-09
         765         1.1         1.1 5.19554e-09
         766         1.1         1.1 5.19215e-09
         767         1.1         1.1 5.18876e-09
         768         1.1         1.1 5.18538e-09
         769         1.1         1.1 5.18201e-09
         770         1.1         1.1 5.15073e-09
         771         1.1         1.1 5.14739e-09
         772         1.1         1.1 5.19967e-09
         773         1.1         1.1  5.1963e-09
         774         1.1         1.1 5.19294e-09
         775         1.1         1.1 5.18959e-09
         776         1.1         1.1 5.18625e-09
         777         1.1         1.1 5.15527e-09
         778         1.1         1.1 5.15195e-09
         779         1.1         1.1 5.14864e-09
         780         1.1         1.1 5.14534e-09
         781         1.1         1.1 5.14205e-09
         782         1.1         1.1 5.13876e-09
         783         1.1         1.1 5.13548e-09
         784         1.1         1.1 5.10453e-09
         785         1.1         1.1 5.10128e-09
         786         1.1         1.1 5.09803e-09
         787         1.1         1.1 5.09479e-09
         788         1.1         1.1 5.09156e-09
         789         1.1         1.1 5.08833e-09
         790         1.1         1.1 5.08511e-09
         791         1.1         1.1  5.0542e-09
         792         1.1         1.1 5.05101e-09
         793         1.1         1.1 5.04782e-09
         794         1.1         1.1 5.09978e-09
         795         1.1         1.1 5.09657e-09
         796         1.1         1.1 5.09337e-09
         797         1.1         1.1 5.09017e-09
         798         1.1         1.1 5.05956e-09
         799         1.1         1.1 5.05639e-09
         800         1.1         1.1 5.05323e-09
         801         1.1         1.1 5.05007e-09
         802         1.1         1.1 5.04692e-09
         803         1.1         1.1 5.04378e-09
         804         1.1         1.1 5.04064e-09
         805         1.1         1.1 5.01006e-09
         806         1.1         1.1 5.00695e-09
         807         1.1         1.1 5.00385e-09
         808         1.1         1.1 5.00075e-09
         809         1.1         1.1 4.99766e-09
         810         1.1         1.1 4.99457e-09
         811         1.1         1.1 4.99149e-09
         812         1.1         1.1 4.98842e-09
         813         1.1         1.1 4.95788e-09
         814         1.1         1.1 4.95483e-09
         815         1.1         1.1 4.95179e-09
         816         1.1         1.1 4.94876e-09
         817         1.1         1.1 5.02748e-09
         818         1.1         1.1 5.02441e-09
         819         1.1         1.1 5.02134e-09
         820         1.1         1.1 5.01828e-09
         821         1.1         1.1 4.98818e-09
         822         1.1         1.1 4.98515e-09
         823         1.1         1.1 4.98212e-09
         824         1.1         1.1  4.9791e-09
         825         1.1         1.1 4.97608e-09
         826         1.1         1.1 4.97306e-09
         827         1.1         1.1 4.97006e-09
         828         1.1         1.1 4.96705e-09
         829         1.1         1.1   4.937e-09
         830         1.1         1.1 4.93403e-09
         831         1.1         1.1 4.93106e-09
         832         1.1         1.1  4.9281e-09
         833         1.1         1.1 4.92514e-09
         834         1.1         1.1 4.92218e-09
         835         1.1         1.1 4.91924e-09
         836         1.1         1.1 4.91629e-09
         837         1.1         1.1 4.88628e-09
         838         1.1         1.1 4.88337e-09
         839         1.1         1.1 4.88046e-09
         840         1.1         1.1 4.87755e-09
         841         1.1         1.1 4.92851e-09
         842         1.1         1.1 4.92559e-09
         843         1.1         1.1 4.92266e-09
         844         1.1         1.1 4.91975e-09
         845         1.1         1.1 4.89004e-09
         846         1.1         1.1 4.88715e-09
         847         1.1         1.1 4.91103e-09
         848         1.1         1.1 4.90813e-09
         849         1.1         1.1 4.90524e-09
         850         1.1         1.1 4.87564e-09
         851         1.1         1.1 4.87277e-09
         852         1.1         1.1 4.86991e-09
         853         1.1         1.1 4.86706e-09
         854         1.1         1.1 4.86421e-09
         855         1.1         1.1 4.86136e-09
         856         1.1         1.1 4.85852e-09
         857         1.1         1.1 4.85568e-09
         858         1.1         1.1 4.82612e-09
         859         1.1         1.1 4.82331e-09
         860         1.1         1.1  4.8205e-09
         861         1.1         1.1  4.8177e-09
         862         1.1         1.1 4.81491e-09
         863         1.1         1.1 4.81211e-09
         864         1.1         1.1 4.80933e-09
         865         1.1         1.1 4.80655e-09
         866         1.1         1.1 4.80377e-09
         867         1.1         1.1  4.8276e-09
         868         1.1         1.1 4.82482e-09
         869         1.1         1.1 4.82204e-09
         870         1.1         1.1 4.81927e-09
         871         1.1         1.1  4.8165e-09
         872         1.1         1.1 4.81374e-09
         873         1.1         1.1 4.81098e-09
         874         1.1         1.1 4.80823e-09
         875         1.1         1.1   4.779e-09
         876         1.1         1.1 4.77627e-09
         877         1.1         1.1 4.77355e-09
         878         1.1         1.1 4.77083e-09
         879         1.1         1.1 4.76812e-09
         880         1.1         1.1 4.76541e-09
         881         1.1         1.1  4.7627e-09
         882         1.1         1.1    4.76e-09
         883         1.1         1.1 4.75731e-09
         884         1.1         1.1 4.72813e-09
         885         1.1         1.1 4.72545e-09
         886         1.1         1.1 4.72279e-09
         887         1.1         1.1 4.72012e-09
         888         1.1         1.1 4.71746e-09
         889         1.1         1.1 4.71481e-09
         890         1.1         1.1 4.71216e-09
         891         1.1         1.1 4.70952e-09
         892         1.1         1.1 4.70688e-09
         893         1.1         1.1 4.67774e-09
         894         1.1         1.1 4.72795e-09
         895         1.1         1.1 4.72531e-09
         896         1.1         1.1 4.72267e-09
         897         1.1         1.1 4.72003e-09
         898         1.1         1.1 4.71741e-09
         899         1.1         1.1 4.71478e-09
         900         1.1         1.1 4.71216e-09
         901         1.1         1.1 4.70955e-09
         902         1.1         1.1 4.68071e-09
         903         1.1         1.1 4.67812e-09
         904         1.1         1.1 4.67553e-09
         905         1.1         1.1 4.67295e-09
         906         1.1         1.1 4.67037e-09
         907         1.1         1.1 4.66779e-09
         908         1.1         1.1 4.66522e-09
         909         1.1         1.1 4.66265e-09
         910         1.1         1.1 4.66009e-09
         911         1.1         1.1 4.65753e-09
         912         1.1         1.1 4.62875e-09
         913         1.1         1.1 4.62622e-09
         914         1.1         1.1 4.62369e-09
         915         1.1         1.1 4.62116e-09
         916         1.1         1.1 4.61864e-09
         917         1.1         1.1 4.61612e-09
         918         1.1         1.1  4.6136e-09
         919         1.1         1.1 4.61109e-09
         920         1.1         1.1 4.60858e-09
         921         1.1         1.1 4.60608e-09
         922         1.1         1.1 4.57735e-09
         923         1.1         1.1 4.57487e-09
         924         1.1         1.1 4.62465e-09
         925         1.1         1.1 4.62215e-09
         926         1.1         1.1 4.61966e-09
         927         1.1         1.1 4.61716e-09
         928         1.1         1.1 4.61468e-09
         929         1.1         1.1 4.61219e-09
         930         1.1         1.1 4.60971e-09
         931         1.1         1.1 4.58128e-09
         932         1.1         1.1 4.52649e-09
         933         1.1         1.1 4.52406e-09
         934         1.1         1.1 4.46875e-09
         935         1.1         1.1 4.46636e-09
         936         1.1         1.1 4.41051e-09
         937         1.1         1.1 4.40816e-09
         938         1.1         1.1 4.35175e-09
         939         1.1         1.1 4.34943e-09
         940         1.1         1.1 4.26483e-09
         941         1.1         1.1 4.23479e-09
         942         1.1         1.1 4.17648e-09
         943         1.1         1.1 4.17427e-09
         944         1.1         1.1 4.11529e-09
         945         1.1         1.1 4.11311e-09
         946         1.1         1.1 4.05344e-09
         947         1.1         1.1  4.0513e-09
         948         1.1         1.1  3.9909e-09
         949         1.1         1.1 3.98879e-09
         950         1.1         1.1 3.89776e-09
         951         1.1         1.1 3.89571e-09
         952         1.1         1.1 3.80275e-09
         953         1.1         1.1 3.80075e-09
         954         1.1         1.1 3.73699e-09
         955         1.1         1.1 3.73503e-09
         956         1.1         1.1 3.67033e-09
         957         1.1         1.1 3.66841e-09
         958         1.1         1.1 3.60273e-09
         959         1.1         1.1 3.60085e-09
         960         1.1         1.1 3.50124e-09
         961         1.1         1.1 3.49942e-09
         962         1.1         1.1 3.39717e-09
         963         1.1         1.1 3.39541e-09
         964         1.1         1.1 3.32508e-09
         965         1.1         1.1 3.32336e-09
         966         1.1         1.1  3.2517e-09
         967         1.1         1.1 3.25002e-09
         968         1.1         1.1 3.17694e-09
         969         1.1         1.1  3.1753e-09
         970         1.1         1.1 3.06356e-09
         971         1.1         1.1 3.06198e-09
         972         1.1         1.1 2.98483e-09
         973         1.1         1.1  2.9448e-09
         974         1.1         1.1 2.86478e-09
         975         1.1         1.1 2.86331e-09
         976         1.1         1.1 2.86185e-09
         977         1.1         1.1 2.77979e-09
         978         1.1         1.1 2.77837e-09
         979         1.1         1.1 2.69404e-09
         980         1.1         1.1 2.69266e-09
         981         1.1         1.1 2.56203e-09
         982         1.1         1.1 2.56073e-09
         983         1.1         1.1 2.46959e-09
         984         1.1         1.1  2.4222e-09
         985         1.1         1.1 2.32599e-09
         986         1.1         1.1 2.32481e-09
         987         1.1         1.1 2.22471e-09
         988         1.1         1.1 2.22358e-09
         989         1.1         1.1 2.22246e-09
         990         1.1         1.1 2.11796e-09
         991         1.1         1.1 2.11689e-09
         992         1.1         1.1 1.95069e-09
         993         1.1         1.1 1.94971e-09
         994         1.1         1.1 1.83051e-09
         995         1.1         1.1 1.76755e-09
         996         1.1         1.1 1.63561e-09
         997         1.1         1.1 1.63479e-09
         998         1.1         1.1 1.49161e-09
         999         1.1         1.1 1.49086e-09
        1000         1.1         1.1 1.49012e-09
        1001         1.1         1.1 1.33213e-09
        1002         1.1         1.1 1.33147e-09
        1003         1.1         1.1 1.05209e-09
        1004         1.1         1.1 1.05157e-09
        1005         1.1         1.1 8.14137e-10
        1006         1.1         1.1 8.13733e-10
        1007         1.1         1.1           0
        1008         1.1         1.1           0
        1009         1.1         1.1           0
        1010         1.1         1.1 6.63093e-10
        1011         1.1         1.1 6.62765e-10
        1012         1.1         1.1 9.36828e-10
        1013         1.1         1.1 9.36365e-10
        1014         1.1         1.1 1.23808e-09
        1015         1.1         1.1 1.23747e-09
        1016         1.1         1.1 1.40247e-09
        1017         1.1         1.1 1.40178e-09
        1018         1.1         1.1 1.40109e-09
        1019         1.1         1.1 1.61705e-09
        1020         1.1         1.1 1.61626e-09
        1021         1.1         1.1  1.7449e-09
        1022         1.1         1.1 1.74405e-09
        1023         1.1         1.1 1.86356e-09
        1024         1.1         1.1 1.86265e-09
        1025         1.1         1.1 1.86174e-09
        1026         1.1         1.1 2.02779e-09
        1027         1.1         1.1  2.0268e-09
        1028         1.1         1.1 2.12977e-09
        1029         1.1         1.1 2.12874e-09
        1030         1.1         1.1 2.22672e-09
        1031         1.1         1.1 2.27351e-09
        1032         1.1         1.1 2.27241e-09
        1033         1.1         1.1 2.36405e-09
        1034         1.1         1.1 2.36291e-09
        1035         1.1         1.1 2.45092e-09
        1036         1.1         1.1 2.44974e-09
        1037         1.1         1.1 2.44855e-09
        1038         1.1         1.1 2.57515e-09
        1039         1.1         1.1 2.57391e-09
        1040         1.1         1.1 2.65436e-09
        1041         1.1         1.1 2.65309e-09
        1042         1.1         1.1 2.73099e-09
        1043         1.1         1.1  2.7684e-09
        1044         1.1         1.1 2.76708e-09
        1045         1.1         1.1 2.84154e-09
        1046         1.1         1.1 2.84018e-09
        1047         1.1         1.1 2.91257e-09
        1048         1.1         1.1 2.91118e-09
        1049         1.1         1.1 2.90979e-09
        1050         1.1         1.1  3.0155e-09
        1051         1.1         1.1 3.01407e-09
        1052         1.1         1.1  3.0819e-09
        1053         1.1         1.1 3.08044e-09
        1054         1.1         1.1 3.07897e-09
        1055         1.1         1.1 3.14516e-09
        1056         1.1         1.1 3.17694e-09
        1057         1.1         1.1 3.24091e-09
        1058         1.1         1.1 3.23938e-09
        1059         1.1         1.1 3.23785e-09
        1060         1.1         1.1 3.30042e-09
        1061         1.1         1.1 3.29886e-09
        1062         1.1         1.1 3.39109e-09
        1063         1.1         1.1 3.38949e-09
        1064         1.1         1.1  3.3879e-09
        1065         1.1         1.1 3.44733e-09
        1066         1.1         1.1 3.44571e-09
        1067         1.1         1.1   3.504e-09
        1068         1.1         1.1 3.53191e-09
        1069         1.1         1.1 3.53026e-09
        1070         1.1         1.1 3.58694e-09
        1071         1.1         1.1 3.58526e-09
        1072         1.1         1.1 3.64093e-09
        1073         1.1         1.1 3.63924e-09
        1074         1.1         1.1 3.63754e-09
        1075         1.1         1.1 3.72009e-09
        1076         1.1         1.1 3.71836e-09
        1077         1.1         1.1  3.7717e-09
        1078         1.1         1.1 3.76995e-09
        1079         1.1         1.1  3.7682e-09
        1080         1.1         1.1 3.82065e-09
        1081         1.1         1.1 3.81888e-09
        1082         1.1         1.1 3.84391e-09
        1083         1.1         1.1 3.89513e-09
        1084         1.1         1.1 3.89333e-09
        1085         1.1         1.1 3.94377e-09
        1086         1.1         1.1 3.94196e-09
        1087         1.1         1.1 3.94014e-09
        1088         1.1         1.1 4.01531e-09
        1089         1.1         1.1 4.01347e-09
        1090         1.1         1.1 4.06209e-09
        1091         1.1         1.1 4.06023e-09
        1092         1.1         1.1 4.05837e-09
        1093         1.1         1.1 4.10628e-09
        1094         1.1         1.1 4.10441e-09
        1095         1.1         1.1 4.12717e-09
        1096         1.1         1.1 4.17411e-09
        1097         1.1         1.1 4.17221e-09
        1098         1.1         1.1 4.21852e-09
        1099         1.1         1.1  4.2166e-09
        1100         1.1         1.1 4.21468e-09
        1101         1.1         1.1 4.28398e-09
        1102         1.1         1.1 4.28203e-09
        1103         1.1         1.1 4.28009e-09
        1104         1.1         1.1 4.32491e-09
        1105         1.1         1.1 4.32295e-09
        1106         1.1         1.1   4.321e-09
        1107         1.1         1.1 4.36524e-09
        1108         1.1         1.1 4.36327e-09
        1109         1.1         1.1 4.42963e-09
        1110         1.1         1.1 4.42763e-09
        1111         1.1         1.1 4.42564e-09
        1112         1.1         1.1 4.46856e-09
        1113         1.1         1.1 4.46655e-09
        1114         1.1         1.1 4.46455e-09
        1115         1.1         1.1 4.52899e-09
        1116         1.1         1.1 4.52696e-09
        1117         1.1         1.1 4.52493e-09
        1118         1.1         1.1 4.56661e-09
        1119         1.1         1.1 4.56457e-09
        1120         1.1         1.1 4.60578e-09
        1121         1.1         1.1 4.60372e-09
        1122         1.1         1.1 4.60167e-09
        1123         1.1         1.1 4.64241e-09
        1124         1.1         1.1 4.66158e-09
        1125         1.1         1.1 4.65951e-09
        1126         1.1         1.1 4.69959e-09
        1127         1.1         1.1  4.6975e-09
        1128         1.1         1.1 4.69542e-09
        1129         1.1         1.1 4.75578e-09
        1130         1.1         1.1 4.75368e-09
        1131         1.1         1.1 4.75158e-09
        1132         1.1         1.1  4.7906e-09
        1133         1.1         1.1 4.78848e-09
        1134         1.1         1.1 4.78637e-09
        1135         1.1         1.1 4.82498e-09
        1136         1.1         1.1 4.82286e-09
        1137         1.1         1.1 4.86108e-09
        1138         1.1         1.1 4.87898e-09
        1139         1.1         1.1 4.87684e-09
        1140         1.1         1.1 4.91449e-09
        1141         1.1         1.1 4.91234e-09
        1142         1.1         1.1 4.91019e-09
        1143         1.1         1.1 4.96705e-09
        1144         1.1         1.1 4.96488e-09
        1145         1.1         1.1 4.96271e-09
        1146         1.1         1.1 4.99945e-09
        1147         1.1         1.1 4.99728e-09
        1148         1.1         1.1  4.9951e-09
        1149         1.1         1.1 5.03148e-09
        1150         1.1         1.1 5.02929e-09
        1151         1.1         1.1 5.02711e-09
        1152         1.1         1.1 5.06314e-09
        1153         1.1         1.1 5.07993e-09
        1154         1.1         1.1 5.07773e-09
        1155         1.1         1.1 5.11327e-09
        1156         1.1         1.1 5.11106e-09
        1157         1.1         1.1 5.10885e-09
        1158         1.1         1.1 5.16266e-09
        1159         1.1         1.1 5.16043e-09
        1160         1.1         1.1  5.1582e-09
        1161         1.1         1.1 5.19294e-09
        1162         1.1         1.1 5.19071e-09
        1163         1.1         1.1 5.18848e-09
        1164         1.1         1.1  5.2229e-09
        1165         1.1         1.1 5.22066e-09
        1166         1.1         1.1 5.21842e-09
        1167         1.1         1.1 5.25253e-09
        1168         1.1         1.1 5.25028e-09
        1169         1.1         1.1  5.2661e-09
        1170         1.1         1.1 5.29978e-09
        1171         1.1         1.1 5.29752e-09
        1172         1.1         1.1 5.29526e-09
        1173         1.1         1.1 5.34638e-09
        1174         1.1         1.1  5.3441e-09
        1175         1.1         1.1 5.34182e-09
        1176         1.1         1.1  5.3748e-09
        1177         1.1         1.1 5.37251e-09
        1178         1.1         1.1 5.37023e-09
        1179         1.1         1.1 5.40293e-09
        1180         1.1         1.1 5.40064e-09
        1181         1.1         1.1 5.39835e-09
        1182         1.1         1.1 5.43077e-09
        1183         1.1         1.1 5.42847e-09
        1184         1.1         1.1 5.42618e-09
        1185         1.1         1.1 5.47546e-09
        1186         1.1         1.1 5.47316e-09
        1187         1.1         1.1 5.47085e-09
        1188         1.1         1.1 5.46855e-09
        1189         1.1         1.1 5.51725e-09
        1190         1.1         1.1 5.51494e-09
        1191         1.1         1.1 5.51262e-09
        1192         1.1         1.1 5.54401e-09
        1193         1.1         1.1 5.54169e-09
        1194         1.1         1.1 5.53936e-09
        1195         1.1         1.1  5.5705e-09
        1196         1.1         1.1 5.56817e-09
        1197         1.1         1.1 5.56585e-09
        1198         1.1         1.1 5.59674e-09
        1199         1.1         1.1  5.5944e-09
        1200         1.1         1.1 5.59207e-09
        1201         1.1         1.1 5.63914e-09
        1202         1.1         1.1 5.63679e-09
        1203         1.1         1.1 5.63445e-09
        1204         1.1         1.1 5.63211e-09
        1205         1.1         1.1 5.67866e-09
        1206         1.1         1.1  5.6763e-09
        1207         1.1         1.1 5.67395e-09
        1208         1.1         1.1 5.70392e-09
        1209         1.1         1.1 5.70156e-09
        1210         1.1         1.1  5.6992e-09
        1211         1.1         1.1 5.72894e-09
        1212         1.1         1.1 5.72658e-09
        1213         1.1         1.1 5.72422e-09
        1214         1.1         1.1 5.75374e-09
        1215         1.1         1.1 5.75137e-09
        1216         1.1         1.1   5.749e-09
        1217         1.1         1.1 5.74664e-09
        1218         1.1         1.1 5.79169e-09
        1219         1.1         1.1 5.78931e-09
        1220         1.1         1.1 5.78694e-09
        1221         1.1         1.1 5.83154e-09
        1222         1.1         1.1 5.82915e-09
        1223         1.1         1.1 5.82677e-09
        1224         1.1         1.1 5.85545e-09
        1225         1.1         1.1 5.85306e-09
        1226         1.1         1.1 5.85067e-09
        1227         1.1         1.1 5.84829e-09
        1228         1.1         1.1 5.87676e-09
        1229         1.1         1.1 5.87436e-09
        1230         1.1         1.1 5.87198e-09
        1231         1.1         1.1 5.90024e-09
        1232         1.1         1.1 5.89785e-09
        1233         1.1         1.1 5.89545e-09
        1234         1.1         1.1 5.92352e-09
        1235         1.1         1.1 5.93628e-09
        1236         1.1         1.1 5.93388e-09
        1237         1.1         1.1 5.93148e-09
        1238         1.1         1.1 5.97429e-09
        1239         1.1         1.1 5.97188e-09
        1240         1.1         1.1 5.96947e-09
        1241         1.1         1.1 5.99698e-09
        1242         1.1         1.1 5.99456e-09
        1243         1.1         1.1 5.99215e-09
        1244         1.1         1.1 5.98974e-09
        1245         1.1         1.1 6.01705e-09
        1246         1.1         1.1 6.01463e-09
        1247         1.1         1.1 6.01222e-09
        1248         1.1         1.1 6.03934e-09
        1249         1.1         1.1 6.03693e-09
        1250         1.1         1.1 6.03451e-09
        1251         1.1         1.1  6.0321e-09
        1252         1.1         1.1 6.05903e-09
        1253         1.1         1.1 6.07122e-09
        1254         1.1         1.1  6.0688e-09
        1255         1.1         1.1 6.10998e-09
        1256         1.1         1.1 6.10754e-09
        1257         1.1         1.1 6.10511e-09
        1258         1.1         1.1 6.10269e-09
        1259         1.1         1.1  6.1291e-09
        1260         1.1         1.1 6.12667e-09
        1261         1.1         1.1 6.12424e-09
        1262         1.1         1.1 6.15049e-09
        1263         1.1         1.1 6.14805e-09
        1264         1.1         1.1 6.14562e-09
        1265         1.1         1.1 6.14319e-09
        1266         1.1         1.1 6.16926e-09
        1267         1.1         1.1 6.16683e-09
        1268         1.1         1.1 6.16439e-09
        1269         1.1         1.1  6.1903e-09
        1270         1.1         1.1 6.18786e-09
        1271         1.1         1.1 6.19953e-09
        1272         1.1         1.1 6.19709e-09
        1273         1.1         1.1 6.23675e-09
        1274         1.1         1.1  6.2343e-09
        1275         1.1         1.1 6.23186e-09
        1276         1.1         1.1 6.25729e-09
        1277         1.1         1.1 6.25484e-09
        1278         1.1         1.1 6.25239e-09
        1279         1.1         1.1 6.24994e-09
        1280         1.1         1.1 6.27521e-09
        1281         1.1         1.1 6.27276e-09
        1282         1.1         1.1 6.27031e-09
        1283         1.1         1.1 6.26787e-09
        1284         1.1         1.1 6.29297e-09
        1285         1.1         1.1 6.29052e-09
        1286         1.1         1.1 6.28807e-09
        1287         1.1         1.1 6.31302e-09
        1288         1.1         1.1 6.31056e-09
        1289         1.1         1.1 6.30812e-09
        1290         1.1         1.1  6.3193e-09
        1291         1.1         1.1 6.35757e-09
        1292         1.1         1.1 6.35511e-09
        1293         1.1         1.1 6.35265e-09
        1294         1.1         1.1 6.35019e-09
        1295         1.1         1.1 6.37469e-09
        1296         1.1         1.1 6.37224e-09
        1297         1.1         1.1 6.36978e-09
        1298         1.1         1.1 6.36732e-09
        1299         1.1         1.1 6.39167e-09
        1300         1.1         1.1 6.38921e-09
        1301         1.1         1.1 6.38676e-09
        1302         1.1         1.1 6.41096e-09
        1303         1.1         1.1  6.4085e-09
        1304         1.1         1.1 6.40604e-09
        1305         1.1         1.1 6.40359e-09
        1306         1.1         1.1 6.42764e-09
        1307         1.1         1.1 6.42518e-09
        1308         1.1         1.1 6.42273e-09
        1309         1.1         1.1 6.43347e-09
        1310         1.1         1.1 6.47043e-09
        1311         1.1         1.1 6.46796e-09
        1312         1.1         1.1 6.46549e-09
        1313         1.1         1.1 6.46303e-09
        1314         1.1         1.1 6.48667e-09
        1315         1.1         1.1 6.48421e-09
        1316         1.1         1.1 6.48174e-09
        1317         1.1         1.1 6.47928e-09
        1318         1.1         1.1 6.50278e-09
        1319         1.1         1.1 6.50032e-09
        1320         1.1         1.1 6.49785e-09
        1321         1.1         1.1 6.49539e-09
        1322         1.1         1.1 6.51875e-09
        1323         1.1         1.1 6.51629e-09
        1324         1.1         1.1 6.51383e-09
        1325         1.1         1.1 6.53706e-09
        1326         1.1         1.1 6.53459e-09
        1327         1.1         1.1 6.53213e-09
        1328         1.1         1.1 6.52967e-09
        1329         1.1         1.1 6.57821e-09
        1330         1.1         1.1 6.57573e-09
        1331         1.1         1.1 6.57326e-09
        1332         1.1         1.1 6.57079e-09
        1333         1.1         1.1 6.59364e-09
        1334         1.1         1.1 6.59117e-09
        1335         1.1         1.1  6.5887e-09
        1336         1.1         1.1 6.58623e-09
        1337         1.1         1.1 6.60895e-09
        1338         1.1         1.1 6.60648e-09
        1339         1.1         1.1 6.60401e-09
        1340         1.1         1.1 6.60154e-09
        1341         1.1         1.1 6.62413e-09
        1342         1.1         1.1 6.62166e-09
        1343         1.1         1.1 6.61919e-09
        1344         1.1         1.1 6.61673e-09
        1345         1.1         1.1 6.63918e-09
        1346         1.1         1.1 6.63672e-09
        1347         1.1         1.1 6.63425e-09
        1348         1.1         1.1 6.63179e-09
        1349         1.1         1.1 6.66647e-09
        1350         1.1         1.1 6.67633e-09
        1351         1.1         1.1 6.67386e-09
        1352         1.1         1.1 6.67139e-09
        1353         1.1         1.1 6.69349e-09
        1354         1.1         1.1 6.69102e-09
        1355         1.1         1.1 6.68855e-09
        1356         1.1         1.1 6.68608e-09
        1357         1.1         1.1 6.68362e-09
        1358         1.1         1.1 6.70558e-09
        1359         1.1         1.1 6.70312e-09
        1360         1.1         1.1 6.70065e-09
        1361         1.1         1.1 6.69819e-09
        1362         1.1         1.1 6.72003e-09
        1363         1.1         1.1 6.71757e-09
        1364         1.1         1.1 6.71511e-09
        1365         1.1         1.1 6.71264e-09
        1366         1.1         1.1 6.73437e-09
        1367         1.1         1.1  6.7319e-09
        1368         1.1         1.1 6.72944e-09
        1369         1.1         1.1 6.72699e-09
        1370         1.1         1.1 6.76059e-09
        1371         1.1         1.1 6.77009e-09
        1372         1.1         1.1 6.76762e-09
        1373         1.1         1.1 6.76516e-09
        1374         1.1         1.1 6.78655e-09
        1375         1.1         1.1 6.78408e-09
        1376         1.1         1.1 6.78162e-09
        1377         1.1         1.1 6.77916e-09
        1378         1.1         1.1 6.80043e-09
        1379         1.1         1.1 6.79797e-09
        1380         1.1         1.1  6.7955e-09
        1381         1.1         1.1 6.79304e-09
        1382         1.1         1.1 6.79058e-09
        1383         1.1         1.1 6.81174e-09
        1384         1.1         1.1 6.80928e-09
        1385         1.1         1.1 6.80682e-09
        1386         1.1         1.1 6.80436e-09
        1387         1.1         1.1  6.8254e-09
        1388         1.1         1.1 6.82295e-09
        1389         1.1         1.1 6.82049e-09
        1390         1.1         1.1 6.81803e-09
        1391         1.1         1.1 6.85063e-09
        1392         1.1         1.1 6.84816e-09
        1393         1.1         1.1 6.85734e-09
        1394         1.1         1.1 6.85488e-09
        1395         1.1         1.1 6.85242e-09
        1396         1.1         1.1 6.87315e-09
        1397         1.1         1.1 6.87069e-09
        1398         1.1         1.1 6.86823e-09
        1399         1.1         1.1 6.86577e-09
        1400         1.1         1.1 6.88639e-09
        1401         1.1         1.1 6.88393e-09
        1402         1.1         1.1 6.88148e-09
        1403         1.1         1.1 6.87902e-09
        1404         1.1         1.1 6.89953e-09
        1405         1.1         1.1 6.89708e-09
        1406         1.1         1.1 6.89463e-09
        1407         1.1         1.1 6.89218e-09
        1408         1.1         1.1 6.88973e-09
        1409         1.1         1.1 6.91013e-09
        1410         1.1         1.1 6.90767e-09
        1411         1.1         1.1 6.90523e-09
        1412         1.1         1.1 6.90278e-09
        1413         1.1         1.1 6.93441e-09
        1414         1.1         1.1 6.93196e-09
        1415         1.1         1.1 6.92951e-09
        1416         1.1         1.1 6.93837e-09
        1417         1.1         1.1 6.93592e-09
        1418         1.1         1.1 6.95603e-09
        1419         1.1         1.1 6.95358e-09
        1420         1.1         1.1 6.95113e-09
        1421         1.1         1.1 6.94868e-09
        1422         1.1         1.1 6.96868e-09
        1423         1.1         1.1 6.96623e-09
        1424         1.1         1.1 6.96378e-09
        1425         1.1         1.1 6.96134e-09
        1426         1.1         1.1  6.9589e-09
        1427         1.1         1.1 6.97879e-09
        1428         1.1         1.1 6.97635e-09
        1429         1.1         1.1 6.97391e-09
        1430         1.1         1.1 6.97147e-09
        1431         1.1         1.1 6.99126e-09
        1432         1.1         1.1 6.98882e-09
        1433         1.1         1.1 6.98638e-09
        1434         1.1         1.1 6.98395e-09
        1435         1.1         1.1 6.98151e-09
        1436         1.1         1.1 7.01223e-09
        1437         1.1         1.1 7.00979e-09
        1438         1.1         1.1 7.00736e-09
        1439         1.1         1.1 7.01593e-09
        1440         1.1         1.1 7.03544e-09
        1441         1.1         1.1   7.033e-09
        1442         1.1         1.1 7.03056e-09
        1443         1.1         1.1 7.02812e-09
        1444         1.1         1.1 7.02569e-09
        1445         1.1         1.1  7.0451e-09
        1446         1.1         1.1 7.04267e-09
        1447         1.1         1.1 7.04023e-09
        1448         1.1         1.1  7.0378e-09
        1449         1.1         1.1 7.03537e-09
        1450         1.1         1.1 7.05469e-09
        1451         1.1         1.1 7.05226e-09
        1452         1.1         1.1 7.04983e-09
        1453         1.1         1.1  7.0474e-09
        1454         1.1         1.1 7.06662e-09
        1455         1.1         1.1 7.06419e-09
        1456         1.1         1.1 7.06177e-09
        1457         1.1         1.1 7.05934e-09
        1458         1.1         1.1 7.05692e-09
        1459         1.1         1.1 7.08679e-09
        1460         1.1         1.1 7.08436e-09
        1461         1.1         1.1 7.08194e-09
        1462         1.1         1.1 7.07951e-09
        1463         1.1         1.1 7.08781e-09
        1464         1.1         1.1 7.10676e-09
        1465         1.1         1.1 7.10433e-09
        1466         1.1         1.1 7.10191e-09
        1467         1.1         1.1 7.09949e-09
        1468         1.1         1.1 7.09707e-09
        1469         1.1         1.1 7.11593e-09
        1470         1.1         1.1 7.11351e-09
        1471         1.1         1.1 7.11109e-09
        1472         1.1         1.1 7.10867e-09
        1473         1.1         1.1 7.12744e-09
        1474         1.1         1.1 7.12502e-09
        1475         1.1         1.1 7.12261e-09
        1476         1.1         1.1 7.12019e-09
        1477         1.1         1.1 7.11778e-09
        1478         1.1         1.1 7.13646e-09
        1479         1.1         1.1 7.13405e-09
        1480         1.1         1.1 7.13163e-09
        1481         1.1         1.1 7.12923e-09
        1482         1.1         1.1 7.12682e-09
        1483         1.1         1.1 7.15587e-09
        1484         1.1         1.1 7.15346e-09
        1485         1.1         1.1 7.15105e-09
        1486         1.1         1.1 7.14865e-09
        1487         1.1         1.1 7.14624e-09
        1488         1.1         1.1  7.1751e-09
        1489         1.1         1.1 7.17269e-09
        1490         1.1         1.1 7.17029e-09
        1491         1.1         1.1 7.16788e-09
        1492         1.1         1.1 7.16548e-09
        1493         1.1         1.1 7.18381e-09
        1494         1.1         1.1 7.18141e-09
        1495         1.1         1.1   7.179e-09
        1496         1.1         1.1 7.17661e-09
        1497         1.1         1.1 7.17421e-09
        1498         1.1         1.1 7.19245e-09
        1499         1.1         1.1 7.19005e-09
        1500         1.1         1.1 7.18765e-09
        1501         1.1         1.1 7.18526e-09
        1502         1.1         1.1 7.18287e-09
        1503         1.1         1.1 7.20102e-09
        1504         1.1         1.1 7.19863e-09
        1505         1.1         1.1 7.19624e-09
        1506         1.1         1.1 7.19385e-09
        1507         1.1         1.1 7.19146e-09
        1508         1.1         1.1 7.21973e-09
        1509         1.1         1.1 7.21734e-09
        1510         1.1         1.1 7.21495e-09
        1511         1.1         1.1 7.21256e-09
        1512         1.1         1.1 7.21018e-09
        1513         1.1         1.1 7.22812e-09
        1514         1.1         1.1 7.23588e-09
        1515         1.1         1.1 7.23349e-09
        1516         1.1         1.1  7.2311e-09
        1517         1.1         1.1 7.22872e-09
        1518         1.1         1.1 7.24655e-09
        1519         1.1         1.1 7.24417e-09
        1520         1.1         1.1 7.24178e-09
        1521         1.1         1.1  7.2394e-09
        1522         1.1         1.1 7.23702e-09
        1523         1.1         1.1 7.25477e-09
        1524         1.1         1.1 7.25239e-09
        1525         1.1         1.1 7.25001e-09
        1526         1.1         1.1 7.24764e-09
        1527         1.1         1.1 7.24526e-09
        1528         1.1         1.1 7.24289e-09
        1529         1.1         1.1 7.26055e-09
        1530         1.1         1.1 7.25818e-09
        1531         1.1         1.1 7.25581e-09
        1532         1.1         1.1 7.25344e-09
        1533         1.1         1.1 7.25107e-09
        1534         1.1         1.1  7.2786e-09
        1535         1.1         1.1 7.27623e-09
        1536         1.1         1.1 7.27386e-09
        1537         1.1         1.1  7.2715e-09
        1538         1.1         1.1 7.26913e-09
        1539         1.1         1.1  7.2866e-09
        1540         1.1         1.1 7.28423e-09
        1541         1.1         1.1 7.29175e-09
        1542         1.1         1.1 7.28939e-09
        1543         1.1         1.1 7.28703e-09
        1544         1.1         1.1 7.30438e-09
        1545         1.1         1.1 7.30202e-09
        1546         1.1         1.1 7.29965e-09
        1547         1.1         1.1  7.2973e-09
        1548         1.1         1.1 7.29494e-09
        1549         1.1         1.1 7.29258e-09
        1550         1.1         1.1 7.30985e-09
        1551         1.1         1.1  7.3075e-09
        1552         1.1         1.1 7.30514e-09
        1553         1.1         1.1 7.30279e-09
        1554         1.1         1.1 7.30044e-09
        1555         1.1         1.1 7.31763e-09
        1556         1.1         1.1 7.31528e-09
        1557         1.1         1.1 7.31293e-09
        1558         1.1         1.1 7.31058e-09
        1559         1.1         1.1 7.30824e-09
        1560         1.1         1.1  7.3059e-09
        1561         1.1         1.1 7.33271e-09
        1562         1.1         1.1 7.33036e-09
        1563         1.1         1.1 7.32802e-09
        1564         1.1         1.1 7.32567e-09
        1565         1.1         1.1 7.32333e-09
        1566         1.1         1.1 7.34034e-09
        1567         1.1         1.1   7.338e-09
        1568         1.1         1.1 7.33565e-09
        1569         1.1         1.1 7.34296e-09
        1570         1.1         1.1 7.34062e-09
        1571         1.1         1.1 7.35752e-09
        1572         1.1         1.1 7.35518e-09
        1573         1.1         1.1 7.35284e-09
        1574         1.1         1.1  7.3505e-09
        1575         1.1         1.1 7.34817e-09
        1576         1.1         1.1 7.34584e-09
        1577         1.1         1.1 7.36266e-09
        1578         1.1         1.1 7.36032e-09
        1579         1.1         1.1 7.35799e-09
        1580         1.1         1.1 7.35566e-09
        1581         1.1         1.1 7.35334e-09
        1582         1.1         1.1 7.35101e-09
        1583         1.1         1.1 7.36775e-09
        1584         1.1         1.1 7.36543e-09
        1585         1.1         1.1  7.3631e-09
        1586         1.1         1.1 7.36078e-09
        1587         1.1         1.1 7.35846e-09
        1588         1.1         1.1  7.3846e-09
        1589         1.1         1.1 7.38228e-09
        1590         1.1         1.1 7.37996e-09
        1591         1.1         1.1 7.37764e-09
        1592         1.1         1.1 7.37532e-09
        1593         1.1         1.1   7.373e-09
        1594         1.1         1.1 7.38957e-09
        1595         1.1         1.1 7.38725e-09
        1596         1.1         1.1 7.38494e-09
        1597         1.1         1.1 7.38262e-09
        1598         1.1         1.1 7.38972e-09
        1599         1.1         1.1 7.40618e-09
        1600         1.1         1.1 7.40387e-09
        1601         1.1         1.1 7.40156e-09
        1602         1.1         1.1 7.39924e-09
        1603         1.1         1.1 7.39694e-09
        1604         1.1         1.1 7.39463e-09
        1605         1.1         1.1 7.41102e-09
        1606         1.1         1.1 7.40871e-09
        1607         1.1         1.1  7.4064e-09
        1608         1.1         1.1  7.4041e-09
        1609         1.1         1.1  7.4018e-09
        1610         1.1         1.1  7.3995e-09
        1611         1.1         1.1 7.41581e-09
        1612         1.1         1.1 7.41351e-09
        1613         1.1         1.1 7.41121e-09
        1614         1.1         1.1 7.40892e-09
        1615         1.1         1.1 7.40662e-09
        1616         1.1         1.1 7.40433e-09
        1617         1.1         1.1 7.42982e-09
        1618         1.1         1.1 7.42752e-09
        1619         1.1         1.1 7.42523e-09
        1620         1.1         1.1 7.42293e-09
        1621         1.1         1.1 7.42064e-09
        1622         1.1         1.1 7.41836e-09
        1623         1.1         1.1  7.4345e-09
        1624         1.1         1.1 7.43221e-09
        1625         1.1         1.1 7.42992e-09
        1626         1.1         1.1 7.42763e-09
        1627         1.1         1.1 7.43454e-09
        1628         1.1         1.1 7.45058e-09
        1629         1.1         1.1 7.44829e-09
        1630         1.1         1.1 7.44601e-09
        1631         1.1         1.1 7.44373e-09
        1632         1.1         1.1 7.44144e-09
        1633         1.1         1.1 7.43917e-09
        1634         1.1         1.1 7.45514e-09
        1635         1.1         1.1 7.45286e-09
        1636         1.1         1.1 7.45058e-09
        1637         1.1         1.1  7.4483e-09
        1638         1.1         1.1 7.44603e-09
        1639         1.1         1.1 7.44376e-09
        1640         1.1         1.1 7.45966e-09
        1641         1.1         1.1 7.45739e-09
        1642         1.1         1.1 7.45512e-09
        1643         1.1         1.1 7.45285e-09
        1644         1.1         1.1 7.45058e-09
        1645         1.1         1.1 7.44832e-09
        1646         1.1         1.1 7.47318e-09
        1647         1.1         1.1 7.47091e-09
        1648         1.1         1.1 7.46864e-09
        1649         1.1         1.1 7.46638e-09
        1650         1.1         1.1 7.46411e-09
        1651         1.1         1.1 7.46185e-09
        1652         1.1         1.1 7.47759e-09
        1653         1.1         1.1 7.47533e-09
        1654         1.1         1.1 7.47307e-09
        1655         1.1         1.1 7.47081e-09
        1656         1.1         1.1 7.46856e-09
        1657         1.1         1.1  7.4663e-09
        1658         1.1         1.1 7.47302e-09
        1659         1.1         1.1 7.48866e-09
        1660         1.1         1.1  7.4864e-09
        1661         1.1         1.1 7.48415e-09
        1662         1.1         1.1  7.4819e-09
        1663         1.1         1.1 7.47965e-09
        1664         1.1         1.1  7.4774e-09
        1665         1.1         1.1 7.49297e-09
        1666         1.1         1.1 7.49072e-09
        1667         1.1         1.1 7.48847e-09
        1668         1.1         1.1 7.48623e-09
        1669         1.1         1.1 7.48399e-09
        1670         1.1         1.1 7.48175e-09
        1671         1.1         1.1 7.49725e-09
        1672         1.1         1.1 7.49501e-09
        1673         1.1         1.1 7.49277e-09
        1674         1.1         1.1 7.49053e-09
        1675         1.1         1.1 7.48829e-09
        1676         1.1         1.1 7.48606e-09
        1677         1.1         1.1 7.51032e-09
        1678         1.1         1.1 7.50808e-09
        1679         1.1         1.1 7.50584e-09
        1680         1.1         1.1 7.50361e-09
        1681         1.1         1.1 7.50138e-09
        1682         1.1         1.1 7.49915e-09
        1683         1.1         1.1  7.5145e-09
        1684         1.1         1.1 7.51227e-09
        1685         1.1         1.1 7.51004e-09
        1686         1.1         1.1 7.50781e-09
        1687         1.1         1.1 7.50558e-09
        1688         1.1         1.1 7.50336e-09
        1689         1.1         1.1 7.50114e-09
        1690         1.1         1.1 7.51642e-09
        1691         1.1         1.1 7.52293e-09
        1692         1.1         1.1 7.52071e-09
        1693         1.1         1.1 7.50976e-09
        1694         1.1         1.1 7.50754e-09
        1695         1.1         1.1 7.50532e-09
        1696         1.1         1.1 7.52054e-09
        1697         1.1         1.1 7.51832e-09
        1698         1.1         1.1 7.51611e-09
        1699         1.1         1.1  7.5139e-09
        1700         1.1         1.1 7.51169e-09
        1701         1.1         1.1 7.50948e-09
        1702         1.1         1.1 7.50727e-09
        1703         1.1         1.1 7.52242e-09
        1704         1.1         1.1 7.52021e-09
        1705         1.1         1.1 7.51801e-09
        1706         1.1         1.1  7.5158e-09
        1707         1.1         1.1  7.5136e-09
        1708         1.1         1.1  7.5114e-09
        1709         1.1         1.1 7.53511e-09
        1710         1.1         1.1 7.54152e-09
        1711         1.1         1.1 7.53932e-09
        1712         1.1         1.1 7.53712e-09
        1713         1.1         1.1 7.53492e-09
        1714         1.1         1.1 7.53272e-09
        1715         1.1         1.1 7.53052e-09
        1716         1.1         1.1  7.5455e-09
        1717         1.1         1.1  7.5433e-09
        1718         1.1         1.1  7.5411e-09
        1719         1.1         1.1 7.53891e-09
        1720         1.1         1.1 7.53672e-09
        1721         1.1         1.1 7.53453e-09
        1722         1.1         1.1 7.54944e-09
        1723         1.1         1.1 7.54725e-09
        1724         1.1         1.1 7.54506e-09
        1725         1.1         1.1 7.54287e-09
        1726         1.1         1.1 7.54069e-09
        1727         1.1         1.1  7.5385e-09
        1728         1.1         1.1 7.53632e-09
        1729         1.1         1.1 7.55117e-09
        1730         1.1         1.1 7.54898e-09
        1731         1.1         1.1  7.5468e-09
        1732         1.1         1.1 7.54462e-09
        1733         1.1         1.1 7.54245e-09
        1734         1.1         1.1 7.54027e-09
        1735         1.1         1.1  7.5381e-09
        1736         1.1         1.1 7.55288e-09
        1737         1.1         1.1 7.55071e-09
        1738         1.1         1.1 7.54853e-09
        1739         1.1         1.1 7.54636e-09
        1740         1.1         1.1  7.5442e-09
        1741         1.1         1.1 7.54203e-09
        1742         1.1         1.1 7.56518e-09
        1743         1.1         1.1 7.56301e-09
        1744         1.1         1.1 7.56925e-09
        1745         1.1         1.1 7.56709e-09
        1746         1.1         1.1 7.56492e-09
        1747         1.1         1.1 7.56275e-09
        1748         1.1         1.1 7.56059e-09
        1749         1.1         1.1 7.57521e-09
        1750         1.1         1.1 7.57304e-09
        1751         1.1         1.1 7.57088e-09
        1752         1.1         1.1 7.56872e-09
        1753         1.1         1.1 7.56656e-09
        1754         1.1         1.1  7.5644e-09
        1755         1.1         1.1 7.56225e-09
        1756         1.1         1.1  7.5768e-09
        1757         1.1         1.1 7.57464e-09
        1758         1.1         1.1 7.57249e-09
        1759         1.1         1.1 7.57034e-09
        1760         1.1         1.1 7.56818e-09
        1761         1.1         1.1 7.56604e-09
        1762         1.1         1.1 7.56389e-09
        1763         1.1         1.1 7.57838e-09
        1764         1.1         1.1 7.57623e-09
        1765         1.1         1.1 7.57409e-09
        1766         1.1         1.1 7.57194e-09
        1767         1.1         1.1  7.5698e-09
        1768         1.1         1.1 7.56766e-09
        1769         1.1         1.1 7.56552e-09
        1770         1.1         1.1 7.57995e-09
        1771         1.1         1.1 7.57781e-09
        1772         1.1         1.1 7.57567e-09
        1773         1.1         1.1 7.57353e-09
        1774         1.1         1.1  7.5714e-09
        1775         1.1         1.1 7.56926e-09
        1776         1.1         1.1 7.56713e-09
        1777         1.1         1.1 7.58974e-09
        1778         1.1         1.1  7.5876e-09
        1779         1.1         1.1 7.58547e-09
        1780         1.1         1.1 7.59156e-09
        1781         1.1         1.1 7.58943e-09
        1782         1.1         1.1  7.5873e-09
        1783         1.1         1.1 7.58517e-09
        1784         1.1         1.1 7.59944e-09
        1785         1.1         1.1 7.59731e-09
        1786         1.1         1.1 7.59519e-09
        1787         1.1         1.1 7.59306e-09
        1788         1.1         1.1 7.59094e-09
        1789         1.1         1.1 7.58881e-09
        1790         1.1         1.1 7.58669e-09
        1791         1.1         1.1  7.6009e-09
        1792         1.1         1.1 7.59878e-09
        1793         1.1         1.1 7.59666e-09
        1794         1.1         1.1 7.59455e-09
        1795         1.1         1.1 7.59243e-09
        1796         1.1         1.1 7.59032e-09
        1797         1.1         1.1  7.5882e-09
        1798         1.1         1.1 7.60236e-09
        1799         1.1         1.1 7.60024e-09
        1800         1.1         1.1 7.59813e-09
        1801         1.1         1.1 7.59602e-09
        1802         1.1         1.1 7.59391e-09
        1803         1.1         1.1 7.59181e-09
        1804         1.1         1.1  7.5897e-09
        1805         1.1         1.1  7.6038e-09
        1806         1.1         1.1 7.60169e-09
        1807         1.1         1.1 7.59959e-09
        1808         1.1         1.1 7.59748e-09
        1809         1.1         1.1 7.59538e-09
        1810         1.1         1.1 7.59329e-09
        1811         1.1         1.1 7.59119e-09
        1812         1.1         1.1 7.58909e-09
        1813         1.1         1.1 7.61118e-09
        1814         1.1         1.1 7.60908e-09
        1815         1.1         1.1 7.60698e-09
        1816         1.1         1.1 7.61292e-09
        1817         1.1         1.1 7.61083e-09
        1818         1.1         1.1 7.60873e-09
        1819         1.1         1.1 7.60664e-09
        1820         1.1         1.1 7.62058e-09
        1821         1.1         1.1 7.61848e-09
        1822         1.1         1.1 7.61639e-09
        1823         1.1         1.1  7.6143e-09
        1824         1.1         1.1 7.61222e-09
        1825         1.1         1.1 7.61013e-09
        1826         1.1         1.1 7.60805e-09
        1827         1.1         1.1 7.62193e-09
        1828         1.1         1.1 7.61984e-09
        1829         1.1         1.1 7.61776e-09
        1830         1.1         1.1 7.61568e-09
        1831         1.1         1.1  7.6136e-09
        1832         1.1         1.1 7.61152e-09
        1833         1.1         1.1 7.60944e-09
        1834         1.1         1.1 7.60737e-09
        1835         1.1         1.1 7.62119e-09
        1836         1.1         1.1 7.61911e-09
        1837         1.1         1.1 7.61704e-09
        1838         1.1         1.1 7.61497e-09
        1839         1.1         1.1  7.6129e-09
        1840         1.1         1.1 7.61083e-09
        1841         1.1         1.1 7.60876e-09
        1842         1.1         1.1 7.62252e-09
        1843         1.1         1.1 7.62046e-09
        1844         1.1         1.1 7.61839e-09
        1845         1.1         1.1 7.61632e-09
        1846         1.1         1.1 7.61426e-09
        1847         1.1         1.1  7.6122e-09
        1848         1.1         1.1 7.61014e-09
        1849         1.1         1.1 7.60808e-09
        1850         1.1         1.1 7.62966e-09
        1851         1.1         1.1  7.6276e-09
        1852         1.1         1.1 7.62554e-09
        1853         1.1         1.1 7.62348e-09
        1854         1.1         1.1 7.62928e-09
        1855         1.1         1.1 7.62722e-09
        1856         1.1         1.1 7.62517e-09
        1857         1.1         1.1 7.62311e-09
        1858         1.1         1.1 7.63673e-09
        1859         1.1         1.1 7.63467e-09
        1860         1.1         1.1 7.63262e-09
        1861         1.1         1.1 7.63057e-09
        1862         1.1         1.1 7.62852e-09
        1863         1.1         1.1 7.62647e-09
        1864         1.1         1.1 7.62442e-09
        1865         1.1         1.1 7.63798e-09
        1866         1.1         1.1 7.63594e-09
        1867         1.1         1.1 7.63389e-09
        1868         1.1         1.1 7.63185e-09
        1869         1.1         1.1 7.62981e-09
        1870         1.1         1.1 7.62777e-09
        1871         1.1         1.1 7.62573e-09
        1872         1.1         1.1 7.62369e-09
        1873         1.1         1.1 7.63719e-09
        1874         1.1         1.1 7.63516e-09
        1875         1.1         1.1 7.63312e-09
        1876         1.1         1.1 7.63108e-09
        1877         1.1         1.1 7.62905e-09
        1878         1.1         1.1 7.62702e-09
        1879         1.1         1.1 7.62499e-09
        1880         1.1         1.1 7.62296e-09
        1881         1.1         1.1 7.63641e-09
        1882         1.1         1.1 7.63438e-09
        1883         1.1         1.1 7.63235e-09
        1884         1.1         1.1 7.63033e-09
        1885         1.1         1.1  7.6283e-09
        1886         1.1         1.1 7.62628e-09
        1887         1.1         1.1 7.62426e-09
        1888         1.1         1.1 7.62224e-09
        1889         1.1         1.1 7.64333e-09
        1890         1.1         1.1  7.6413e-09
        1891         1.1         1.1 7.63928e-09
        1892         1.1         1.1 7.63726e-09
        1893         1.1         1.1 7.63525e-09
        1894         1.1         1.1  7.6409e-09
        1895         1.1         1.1 7.63889e-09
        1896         1.1         1.1 7.63687e-09
        1897         1.1         1.1 7.65018e-09
        1898         1.1         1.1 7.64816e-09
        1899         1.1         1.1 7.64615e-09
        1900         1.1         1.1 7.64413e-09
        1901         1.1         1.1 7.64212e-09
        1902         1.1         1.1 7.64011e-09
        1903         1.1         1.1 7.63811e-09
        1904         1.1         1.1  7.6361e-09
        1905         1.1         1.1 7.64935e-09
        1906         1.1         1.1 7.64734e-09
        1907         1.1         1.1 7.64534e-09
        1908         1.1         1.1 7.64333e-09
        1909         1.1         1.1 7.64133e-09
        1910         1.1         1.1 7.63933e-09
        1911         1.1         1.1 7.63733e-09
        1912         1.1         1.1 7.63533e-09
        1913         1.1         1.1 7.64853e-09
        1914         1.1         1.1 7.64653e-09
        1915         1.1         1.1 7.64453e-09
        1916         1.1         1.1 7.64254e-09
        1917         1.1         1.1 7.64054e-09
        1918         1.1         1.1 7.63855e-09
        1919         1.1         1.1 7.63656e-09
        1920         1.1         1.1 7.63457e-09
        1921         1.1         1.1 7.64771e-09
        1922         1.1         1.1 7.64573e-09
        1923         1.1         1.1 7.64374e-09
        1924         1.1         1.1 7.64175e-09
        1925         1.1         1.1 7.63977e-09
        1926         1.1         1.1 7.63778e-09
        1927         1.1         1.1  7.6358e-09
        1928         1.1         1.1 7.63382e-09
        1929         1.1         1.1 7.63184e-09
        1930         1.1         1.1 7.65245e-09
        1931         1.1         1.1 7.65047e-09
        1932         1.1         1.1 7.64849e-09
        1933         1.1         1.1 7.64651e-09
        1934         1.1         1.1 7.64453e-09
        1935         1.1         1.1 7.64255e-09
        1936         1.1         1.1 7.64808e-09
        1937         1.1         1.1 7.64611e-09
        1938         1.1         1.1 7.65911e-09
        1939         1.1         1.1 7.65713e-09
        1940         1.1         1.1 7.65516e-09
        1941         1.1         1.1 7.65319e-09
        1942         1.1         1.1 7.65122e-09
        1943         1.1         1.1 7.64925e-09
        1944         1.1         1.1 7.64728e-09
        1945         1.1         1.1 7.64531e-09
        1946         1.1         1.1 7.65826e-09
        1947         1.1         1.1  7.6563e-09
        1948         1.1         1.1 7.65433e-09
        1949         1.1         1.1 7.65237e-09
        1950         1.1         1.1  7.6504e-09
        1951         1.1         1.1 7.64844e-09
        1952         1.1         1.1 7.64648e-09
        1953         1.1         1.1 7.64453e-09
        1954         1.1         1.1 7.64257e-09
        1955         1.1         1.1 7.65547e-09
        1956         1.1         1.1 7.65351e-09
        1957         1.1         1.1 7.65155e-09
        1958         1.1         1.1  7.6496e-09
        1959         1.1         1.1 7.64765e-09
        1960         1.1         1.1 7.64569e-09
        1961         1.1         1.1 7.64374e-09
        1962         1.1         1.1  7.6418e-09
        1963         1.1         1.1 7.65464e-09
        1964         1.1         1.1 7.65269e-09
        1965         1.1         1.1 7.65074e-09
        1966         1.1         1.1  7.6488e-09
        1967         1.1         1.1 7.64685e-09
        1968         1.1         1.1 7.64491e-09
        1969         1.1         1.1 7.64297e-09
        1970         1.1         1.1 7.64103e-09
        1971         1.1         1.1 7.63909e-09
        1972         1.1         1.1 7.65924e-09
        1973         1.1         1.1  7.6573e-09
        1974         1.1         1.1 7.65536e-09
        1975         1.1         1.1 7.65342e-09
        1976         1.1         1.1 7.65148e-09
        1977         1.1         1.1 7.64955e-09
        1978         1.1         1.1 7.64761e-09
        1979         1.1         1.1 7.65301e-09
        1980         1.1         1.1 7.65108e-09
        1981         1.1         1.1 7.66379e-09
        1982         1.1         1.1 7.66186e-09
        1983         1.1         1.1 7.65992e-09
        1984         1.1         1.1 7.65799e-09
        1985         1.1         1.1 7.65606e-09
        1986         1.1         1.1 7.65414e-09
        1987         1.1         1.1 7.65221e-09
        1988         1.1         1.1 7.65028e-09
        1989         1.1         1.1 7.66294e-09
        1990         1.1         1.1 7.66102e-09
        1991         1.1         1.1 7.65909e-09
        1992         1.1         1.1 7.65717e-09
        1993         1.1         1.1 7.65525e-09
        1994         1.1         1.1 7.65333e-09
        1995         1.1         1.1 7.65141e-09
        1996         1.1         1.1 7.64949e-09
        1997         1.1         1.1 7.64758e-09
        1998         1.1         1.1 7.66019e-09
        1999         1.1         1.1 7.65827e-09
        2000         1.1         1.1 7.65636e-09
