           1    -6.60109    -6.60109           0
           2    -6.51199    -6.55654   0.0315015
           3    -6.39973    -6.50427   0.0475638
           4    -6.34524    -6.46451   0.0495782
           5    -6.33545     -6.4387    0.045893
           6     -6.2151    -6.40143    0.051185
           7    -6.13162    -6.36289   0.0565536
           8    -6.10646    -6.33083   0.0578592
           9    -6.10102     -6.3053   0.0567864
          10    -6.06785    -6.28155   0.0558519
          11    -6.03986    -6.25958   0.0549265
          12    -6.02669    -6.24017   0.0536686
          13    -5.94761    -6.21767   0.0540532
          14    -5.86649    -6.19259   0.0557094
          15    -5.83594    -6.16881   0.0568432
          16    -5.90741    -6.15247   0.0555888
          17    -5.95685    -6.14096   0.0534966
          18    -5.89315     -6.1272   0.0522661
          19    -5.87319    -6.11383   0.0511964
          20    -5.85976    -6.10112    0.050188
          21    -5.85851    -6.08957   0.0491098
          22    -5.87619    -6.07987   0.0478257
          23    -5.93595    -6.07361   0.0461539
          24    -5.92202     -6.0673    0.044661
          25    -5.85845    -6.05894   0.0436488
          26    -5.80517    -6.04918   0.0430475
          27    -5.84441     -6.0416    0.042116
          28    -5.76002    -6.03154   0.0417952
          29    -5.76317    -6.02229   0.0413658
          30    -5.66429    -6.01036   0.0416727
          31    -5.60702    -5.99734   0.0423108
          32    -5.69363    -5.98785   0.0420397
          33    -5.71893     -5.9797   0.0415481
          34    -5.73877    -5.97262   0.0409259
          35     -5.7183    -5.96535   0.0403965
          36    -5.72499    -5.95868   0.0398224
          37    -5.64573    -5.95022   0.0396341
          38    -5.67992     -5.9431   0.0392242
          39     -5.6698     -5.9361   0.0388394
          40     -5.6612    -5.92922   0.0384716
          41    -5.64067    -5.92219   0.0381716
          42    -5.55855    -5.91353   0.0382321
          43    -5.63801    -5.90712   0.0378761
          44    -5.62591    -5.90073   0.0375506
          45    -5.55899    -5.89314   0.0374762
          46     -5.5431    -5.88553   0.0374261
          47     -5.6529    -5.88058   0.0369556
          48    -5.70592    -5.87694   0.0363644
          49    -5.60084     -5.8713   0.0360561
          50    -5.62748    -5.86643   0.0356632
          51    -5.70466    -5.86325   0.0351047
          52    -5.71055    -5.86032   0.0345523
          53    -5.77973     -5.8588   0.0339338
          54    -5.77909    -5.85732   0.0333375
          55    -5.78903    -5.85608   0.0327544
          56    -5.76428    -5.85444   0.0322105
          57    -5.75541     -5.8527   0.0316923
          58    -5.78003    -5.85145   0.0311706
          59    -5.76713    -5.85002    0.030675
          60    -5.64965    -5.84668    0.030345
          61    -5.71513    -5.84452   0.0299241
          62    -5.72664    -5.84262   0.0295018
          63    -5.75028    -5.84116   0.0290699
          64    -5.69898    -5.83894   0.0287004
          65    -5.74119    -5.83743   0.0282983
          66    -5.74365    -5.83601   0.0279052
          67    -5.69357    -5.83389   0.0275695
          68    -5.76014     -5.8328   0.0271854
          69    -5.67402     -5.8305   0.0268886
          70    -5.63551    -5.82771   0.0266484
          71    -5.61777    -5.82476   0.0264366
          72    -5.55483    -5.82101   0.0263339
          73    -5.69321    -5.81926   0.0260313
          74    -5.68272    -5.81741   0.0257449
          75    -5.68346    -5.81563   0.0254635
          76     -5.6201    -5.81305   0.0252581
          77    -5.71039    -5.81172   0.0249652
          78    -5.69638    -5.81024   0.0246889
          79    -5.68505    -5.80866   0.0244272
          80    -5.66572    -5.80687   0.0241871
          81    -5.66551    -5.80512   0.0239514
          82    -5.65335    -5.80327   0.0237307
          83    -5.68091     -5.8018   0.0234905
          84    -5.64945    -5.79999   0.0232808
          85     -5.5533    -5.79708   0.0231871
          86    -5.58725    -5.79464   0.0230455
          87    -5.54139    -5.79173   0.0229637
          88    -5.72093    -5.79093   0.0227168
          89    -5.58772    -5.78865    0.022576
          90    -5.55097      -5.786   0.0224791
          91    -5.58146    -5.78376   0.0223442
          92    -5.57539    -5.78149   0.0222158
          93    -5.66312    -5.78022   0.0220134
          94    -5.58254    -5.77812   0.0218794
          95    -5.60485    -5.77629    0.021725
          96    -5.51006    -5.77352    0.021675
          97    -5.52967      -5.771   0.0215968
          98    -5.53677    -5.76861   0.0215083
          99    -5.53052    -5.76621   0.0214251
         100    -5.49517     -5.7635   0.0213816
         101     -5.4913     -5.7608    0.021339
         102    -5.42269    -5.75749   0.0213858
         103    -5.41722    -5.75419   0.0214318
         104    -5.46145    -5.75137   0.0214097
         105    -5.51032    -5.74908   0.0213285
         106    -5.52555    -5.74697   0.0212313
         107    -5.55454    -5.74517   0.0211089
         108    -5.57424    -5.74359   0.0209727
         109    -5.60078    -5.74228   0.0208212
         110     -5.5728    -5.74073   0.0206888
         111    -5.48758    -5.73845   0.0206278
         112    -5.51509    -5.73646   0.0205398
         113    -5.56448    -5.73494   0.0204143
         114    -5.51231    -5.73299   0.0203284
         115    -5.48284    -5.73081   0.0202677
         116     -5.4887    -5.72872   0.0202002
         117    -5.39456    -5.72587   0.0202284
         118    -5.45871     -5.7236   0.0201833
         119     -5.5189    -5.72188   0.0200869
         120    -5.59749    -5.72085   0.0199462
         121    -5.63641    -5.72015   0.0197936
         122    -5.53171     -5.7186   0.0196915
         123    -5.55802     -5.7173   0.0195746
         124    -5.65816    -5.71682   0.0194226
         125    -5.55437    -5.71552   0.0193106
         126    -5.53012    -5.71405   0.0192134
         127    -5.64601    -5.71351   0.0190695
         128    -5.69695    -5.71338    0.018921
         129    -5.60237    -5.71252   0.0187939
         130    -5.60922    -5.71173   0.0186661
         131    -5.66113    -5.71134   0.0185276
         132    -5.64452    -5.71084   0.0183942
         133    -5.68466    -5.71064   0.0182569
         134    -5.65008    -5.71019   0.0181263
         135    -5.67265    -5.70991   0.0179941
         136    -5.62752     -5.7093    0.017872
         137     -5.5615    -5.70823   0.0177741
         138    -5.71705    -5.70829   0.0176454
         139     -5.6862    -5.70813   0.0175192
         140    -5.69151    -5.70801   0.0173944
         141    -5.67195    -5.70776    0.017273
         142    -5.72584    -5.70788   0.0171518
         143    -5.63498    -5.70737   0.0170394
         144    -5.67266    -5.70713   0.0169228
         145    -5.60686    -5.70644   0.0168202
         146    -5.61211    -5.70579   0.0167174
         147    -5.58527    -5.70497   0.0166238
         148    -5.56672    -5.70404   0.0165377
         149    -5.55472    -5.70304    0.016457
         150    -5.53958    -5.70195   0.0163834
         151    -5.45026    -5.70028   0.0163594
         152    -5.48313    -5.69885   0.0163141
         153    -5.43249    -5.69711   0.0163001
         154    -5.51924    -5.69596   0.0162351
         155    -5.44546    -5.69434   0.0162106
         156     -5.5497    -5.69341   0.0161332
         157    -5.43299    -5.69176   0.0161154
         158    -5.57103    -5.69099   0.0160316
         159      -5.617    -5.69053   0.0159375
         160    -5.55575    -5.68968   0.0158601
         161    -5.61615    -5.68923   0.0157682
         162    -5.58042    -5.68856   0.0156851
         163    -5.61378     -5.6881   0.0155956
         164    -5.53425    -5.68716   0.0155287
         165    -5.55322    -5.68635   0.0154558
         166    -5.56114    -5.68559   0.0153811
         167    -5.65639    -5.68542     0.01529
         168    -5.65362    -5.68523   0.0152001
         169    -5.66166    -5.68509   0.0151108
         170    -5.58223    -5.68448   0.0150341
         171    -5.51871    -5.68351   0.0149774
         172    -5.41517    -5.68195   0.0149713
         173     -5.3395    -5.67997   0.0150151
         174    -5.35019    -5.67808   0.0150479
         175    -5.40968    -5.67655   0.0150399
         176    -5.44867    -5.67525   0.0150101
         177    -5.55838    -5.67459   0.0149398
         178    -5.58002    -5.67406   0.0148653
         179    -5.49592    -5.67306   0.0148155
         180    -5.56499    -5.67246   0.0147454
         181    -5.63126    -5.67224   0.0146657
         182    -5.64528    -5.67209   0.0145858
         183    -5.66285    -5.67204   0.0145062
         184    -5.74371    -5.67243   0.0144326
         185    -5.63227    -5.67221   0.0143562
         186     -5.5891    -5.67176    0.014286
         187    -5.62753    -5.67153   0.0142116
         188    -5.64417    -5.67138   0.0141367
         189    -5.61838     -5.6711   0.0140647
         190    -5.71239    -5.67132   0.0139923
         191    -5.58118    -5.67085    0.013927
         192    -5.62009    -5.67058    0.013857
         193    -5.52287    -5.66982   0.0138063
         194    -5.51514    -5.66902   0.0137582
         195    -5.41189     -5.6677   0.0137507
         196    -5.40322    -5.66635   0.0137466
         197    -5.37249    -5.66486   0.0137575
         198     -5.3639    -5.66334   0.0137717
         199    -5.41034    -5.66207   0.0137611
         200    -5.49411    -5.66123   0.0137179
         201    -5.50418    -5.66045   0.0136718
         202    -5.48445    -5.65958   0.0136319
         203    -5.54873    -5.65903   0.0135757
         204     -5.5307     -5.6584   0.0135237
         205    -5.46737    -5.65747   0.0134898
         206    -5.45473    -5.65648   0.0134602
         207     -5.3942    -5.65522   0.0134546
         208     -5.3666    -5.65383   0.0134613
         209    -5.38278    -5.65253   0.0134592
         210    -5.37208     -5.6512   0.0134612
         211    -5.44849    -5.65024   0.0134317
         212    -5.49287    -5.64949   0.0133888
         213    -5.52881    -5.64893   0.0133379
         214    -5.52812    -5.64836   0.0132875
         215    -5.62365    -5.64825   0.0132262
         216    -5.65065    -5.64826    0.013165
         217    -5.62295    -5.64814   0.0131049
         218     -5.6661    -5.64823    0.013045
         219    -5.74606    -5.64867   0.0129931
         220    -5.68673    -5.64884   0.0129352
         221    -5.58367    -5.64855     0.01288
         222    -5.56711    -5.64818   0.0128272
         223    -5.61299    -5.64803   0.0127707
         224    -5.63653    -5.64797   0.0127138
         225    -5.58428    -5.64769   0.0126604
         226    -5.47238    -5.64692   0.0126281
         227    -5.48375     -5.6462   0.0125929
         228    -5.36579    -5.64497   0.0125976
         229     -5.4025    -5.64391    0.012587
         230    -5.50931    -5.64332   0.0125459
         231    -5.61088    -5.64318   0.0124924
         232    -5.62118    -5.64309   0.0124389
         233    -5.63325    -5.64304   0.0123856
         234    -5.57709    -5.64276   0.0123358
         235    -5.52786    -5.64227    0.012293
         236    -5.58284    -5.64202   0.0122435
         237    -5.50886    -5.64146   0.0122048
         238    -5.43168    -5.64058   0.0121853
         239    -5.36936    -5.63944    0.012187
         240    -5.41923    -5.63853   0.0121707
         241      -5.485    -5.63789   0.0121369
         242    -5.48326    -5.63725   0.0121035
         243    -5.47937     -5.6366   0.0120711
         244    -5.40278    -5.63564   0.0120597
         245    -5.47515    -5.63499   0.0120282
         246    -5.44663    -5.63422   0.0120037
         247     -5.5463    -5.63387   0.0119603
         248    -5.43818    -5.63308   0.0119381
         249    -5.44524    -5.63232    0.011914
         250    -5.48488    -5.63173   0.0118809
         251    -5.40067    -5.63081   0.0118692
         252    -5.46565    -5.63016   0.0118402
         253    -5.52319    -5.62973   0.0118009
         254    -5.52645    -5.62933   0.0117615
         255    -5.47153    -5.62871   0.0117316
         256    -5.51129    -5.62825   0.0116947
         257    -5.48257    -5.62768    0.011663
         258    -5.43903    -5.62695   0.0116407
         259    -5.55049    -5.62666   0.0115995
         260    -5.55939     -5.6264   0.0115577
         261    -5.57721    -5.62621    0.011515
         262    -5.64929     -5.6263   0.0114714
         263    -5.56386    -5.62606   0.0114302
         264    -5.58781    -5.62592   0.0113878
         265      -5.494    -5.62542   0.0113557
         266    -5.49786    -5.62494   0.0113232
         267    -5.57302    -5.62474   0.0112824
         268    -5.52753    -5.62438   0.0112462
         269    -5.48526    -5.62386   0.0112162
         270    -5.40002    -5.62303   0.0112053
         271    -5.52041    -5.62266   0.0111703
         272    -5.46357    -5.62207   0.0111446
         273    -5.52236    -5.62171   0.0111097
         274     -5.5115     -5.6213   0.0110765
         275    -5.51661    -5.62092   0.0110427
         276    -5.51814    -5.62055    0.011009
         277    -5.45674    -5.61996   0.0109851
         278    -5.45438    -5.61936   0.0109617
         279    -5.46588    -5.61881   0.0109362
         280    -5.52503    -5.61848   0.0109023
         281    -5.54665    -5.61822   0.0108665
         282    -5.57415    -5.61807   0.0108291
         283    -5.38913    -5.61726    0.010821
         284     -5.4514    -5.61667   0.0107987
         285    -5.43827    -5.61605   0.0107789
         286    -5.55942    -5.61585    0.010743
         287    -5.61348    -5.61584   0.0107056
         288    -5.49905    -5.61544   0.0106761
         289    -5.40958    -5.61472   0.0106629
         290    -5.38554    -5.61393   0.0106554
         291     -5.4155    -5.61325   0.0106406
         292    -5.46028    -5.61273    0.010617
         293    -5.43313    -5.61211   0.0105984
         294    -5.44893    -5.61156   0.0105769
         295    -5.57006    -5.61142    0.010542
         296    -5.58438    -5.61133   0.0105068
         297    -5.61978    -5.61136   0.0104714
         298    -5.57855    -5.61125   0.0104369
         299    -5.49876    -5.61087   0.0104088
         300    -5.48003    -5.61043   0.0103832
         301    -5.48236    -5.61001   0.0103574
         302    -5.48711     -5.6096   0.0103311
         303    -5.49577    -5.60923   0.0103038
         304    -5.52299    -5.60894   0.0102738
         305    -5.48861    -5.60855   0.0102477
         306    -5.55405    -5.60837   0.0102158
         307    -5.43823    -5.60781   0.0101975
         308    -5.52991    -5.60756   0.0101676
         309    -5.64274    -5.60768   0.0101353
         310    -5.58057    -5.60759    0.010103
         311    -5.57604    -5.60749    0.010071
         312    -5.57376    -5.60738   0.0100393
         313    -5.56355    -5.60724   0.0100082
         314    -5.59925    -5.60721  0.00997637
         315    -5.63002    -5.60729  0.00994496
         316    -5.65464    -5.60744  0.00991462
         317    -5.47805    -5.60703  0.00989174
         318    -5.61314    -5.60705  0.00986065
         319    -5.67376    -5.60726  0.00983196
         320    -5.59452    -5.60722  0.00980131
         321     -5.5516    -5.60704  0.00977231
         322    -5.54755    -5.60686  0.00974371
         323    -5.50794    -5.60655  0.00971835
         324     -5.5751    -5.60645  0.00968884
         325    -5.71159    -5.60678  0.00966443
         326    -5.62072    -5.60682  0.00963488
         327    -5.65665    -5.60697  0.00960662
         328    -5.57815    -5.60689  0.00957773
         329    -5.54777    -5.60671  0.00955031
         330    -5.46502    -5.60628  0.00953101
         331    -5.57037    -5.60617  0.00950284
         332    -5.56954    -5.60606  0.00947485
         333    -5.63523    -5.60615  0.00944681
         334    -5.60253    -5.60613  0.00941853
         335    -5.63762    -5.60623  0.00939088
         336     -5.6611    -5.60639  0.00936435
         337    -5.62473    -5.60645  0.00933672
         338    -5.57936    -5.60637  0.00930944
         339    -5.45198    -5.60591  0.00929312
         340    -5.51367    -5.60564  0.00926974
         341     -5.6221    -5.60569  0.00924268
         342    -5.58521    -5.60563  0.00921585
         343    -5.50483    -5.60533  0.00919367
         344    -5.51066    -5.60506  0.00917106
         345    -5.53341    -5.60485  0.00914683
         346    -5.51102    -5.60458  0.00912441
         347    -5.53632    -5.60438  0.00910024
         348    -5.55345    -5.60424  0.00907526
         349    -5.57873    -5.60416  0.00904955
         350    -5.59794    -5.60415  0.00902372
         351    -5.56568    -5.60404  0.00899867
         352    -5.52129     -5.6038  0.00897618
         353    -5.51558    -5.60355  0.00895423
         354    -5.51093    -5.60329  0.00893276
         355    -5.54373    -5.60312  0.00890917
         356    -5.58453    -5.60307   0.0088843
         357    -5.58283    -5.60301  0.00885959
         358     -5.5159    -5.60277  0.00883818
         359    -5.46715    -5.60239  0.00882163
         360    -5.44686    -5.60196   0.0088077
         361    -5.46548    -5.60158  0.00879142
         362    -5.46873    -5.60121  0.00877479
         363    -5.54633    -5.60106  0.00875192
         364    -5.56547    -5.60097  0.00872842
         365    -5.60755    -5.60098  0.00870452
         366    -5.60401    -5.60099  0.00868074
         367    -5.51072    -5.60075  0.00866058
         368    -5.48999    -5.60044  0.00864227
         369    -5.50084    -5.60017  0.00862306
         370    -5.47426    -5.59983  0.00860647
         371    -5.48529    -5.59953  0.00858881
         372    -5.44219     -5.5991  0.00857613
         373    -5.45969    -5.59873  0.00856128
         374    -5.39031    -5.59817   0.0085565
         375    -5.42453    -5.59771  0.00854621
         376    -5.41837    -5.59723  0.00853678
         377    -5.48894    -5.59694  0.00851896
         378    -5.54241     -5.5968  0.00849765
         379    -5.49371    -5.59653  0.00847958
         380    -5.44994    -5.59614  0.00846603
         381    -5.37332    -5.59556  0.00846399
         382    -5.47341    -5.59524  0.00844787
         383    -5.44955    -5.59486  0.00843437
         384    -5.43108    -5.59443  0.00842319
         385     -5.5559    -5.59433   0.0084019
         386    -5.53893    -5.59419  0.00838136
         387    -5.56816    -5.59412  0.00835997
         388    -5.47466    -5.59381  0.00834409
         389    -5.44173    -5.59342   0.0083318
         390    -5.38954     -5.5929  0.00832682
         391    -5.43833     -5.5925   0.0083149
         392    -5.52028    -5.59232  0.00829573
         393    -5.48564    -5.59205  0.00827906
         394    -5.53002    -5.59189  0.00825955
         395    -5.60249    -5.59192  0.00823868
         396    -5.50675     -5.5917  0.00822068
         397    -5.57236    -5.59165  0.00820012
         398    -5.54362    -5.59153   0.0081804
         399    -5.40699    -5.59107  0.00817297
         400    -5.38157    -5.59055   0.0081693
         401    -5.38485    -5.59003  0.00816501
         402    -5.43763    -5.58965   0.0081535
         403    -5.49962    -5.58943  0.00813633
         404    -5.58013    -5.58941  0.00811622
         405    -5.57759    -5.58938  0.00809623
         406    -5.62693    -5.58947  0.00807682
         407    -5.53441    -5.58934  0.00805811
         408    -5.52366    -5.58917  0.00803997
         409    -5.61723    -5.58924   0.0080206
         410    -5.68486    -5.58948  0.00800443
         411    -5.62715    -5.58957  0.00798548
         412    -5.59675    -5.58959  0.00796611
         413    -5.58294    -5.58957  0.00794684
         414    -5.57194    -5.58953  0.00792776
         415     -5.4746    -5.58925  0.00791349
         416    -5.48243    -5.58899  0.00789864
         417    -5.55959    -5.58892  0.00788001
         418    -5.54795    -5.58882  0.00786177
         419    -5.57292    -5.58879   0.0078431
         420    -5.59549     -5.5888  0.00782444
         421    -5.56199    -5.58874  0.00780611
         422    -5.51005    -5.58855  0.00778984
         423    -5.51711    -5.58838  0.00777326
         424    -5.44952    -5.58806  0.00776182
         425    -5.33985    -5.58747   0.0077655
         426    -5.37085    -5.58696   0.0077639
         427    -5.41392    -5.58656  0.00775629
         428    -5.42686    -5.58619  0.00774713
         429     -5.5224    -5.58604   0.0077305
         430    -5.56235    -5.58598  0.00771272
         431    -5.47727    -5.58573  0.00769895
         432    -5.51023    -5.58555  0.00768311
         433    -5.54392    -5.58546  0.00766597
         434    -5.42213    -5.58508  0.00765754
         435    -5.32905    -5.58449  0.00766252
         436    -5.42429    -5.58413  0.00765375
         437    -5.32016    -5.58352  0.00766003
         438    -5.35875    -5.58301  0.00765972
         439    -5.37444    -5.58253  0.00765699
         440    -5.36794    -5.58205   0.0076551
         441    -5.34364    -5.58151  0.00765681
         442    -5.44893    -5.58121  0.00764536
         443    -5.51168    -5.58105  0.00762971
         444    -5.52739    -5.58093  0.00761349
         445    -5.52723    -5.58081  0.00759733
         446    -5.57171    -5.58079  0.00758033
         447    -5.65826    -5.58096  0.00756535
         448    -5.65444    -5.58112  0.00755024
         449    -5.68128    -5.58135  0.00753672
         450    -5.55104    -5.58128  0.00752027
         451    -5.56949    -5.58125  0.00750364
         452    -5.56198    -5.58121  0.00748716
         453    -5.42852    -5.58087  0.00747822
         454    -5.52223    -5.58074  0.00746286
         455    -5.49971    -5.58057  0.00744858
         456    -5.50186    -5.58039  0.00743425
         457    -5.42248    -5.58005  0.00742601
         458    -5.46298    -5.57979  0.00741419
         459    -5.48573    -5.57959  0.00740087
         460    -5.56503    -5.57956  0.00738485
         461    -5.57035    -5.57954  0.00736886
         462    -5.53293    -5.57944   0.0073536
         463    -5.51523     -5.5793  0.00733902
         464    -5.51955    -5.57917  0.00732433
         465    -5.44684    -5.57888  0.00731411
         466    -5.31383    -5.57831   0.0073205
         467    -5.40509    -5.57794  0.00731421
         468    -5.45894    -5.57769    0.007303
         469    -5.51007    -5.57755  0.00728886
         470    -5.44693    -5.57727  0.00727864
         471    -5.48415    -5.57707  0.00726587
         472     -5.4505     -5.5768  0.00725543
         473    -5.45079    -5.57653  0.00724498
         474    -5.45533    -5.57628   0.0072342
         475    -5.40725    -5.57592  0.00722772
         476    -5.36466    -5.57548  0.00722615
         477    -5.45274    -5.57522  0.00721558
         478    -5.41539    -5.57489  0.00720823
         479    -5.46224    -5.57465  0.00719702
         480    -5.47027    -5.57444  0.00718531
         481    -5.57998    -5.57445  0.00717038
         482    -5.55633    -5.57441   0.0071556
         483    -5.57816    -5.57442  0.00714079
         484    -5.38451    -5.57402  0.00713681
         485    -5.48941    -5.57385  0.00712423
         486    -5.58742    -5.57388  0.00710962
         487    -5.65662    -5.57405  0.00709705
         488    -5.59887     -5.5741  0.00708269
         489    -5.59256    -5.57414  0.00706831
         490    -5.60449     -5.5742  0.00705415
         491    -5.48996    -5.57403  0.00704187
         492    -5.58581    -5.57405   0.0070276
         493    -5.56924    -5.57404  0.00701335
         494    -5.56302    -5.57402  0.00699919
         495    -5.53052    -5.57393   0.0069856
         496    -5.47366    -5.57373  0.00697444
         497    -5.49586    -5.57357  0.00696217
         498    -5.45566    -5.57334  0.00695222
         499    -5.47594    -5.57314  0.00694102
         500    -5.43884    -5.57287  0.00693234
         501    -5.39171    -5.57251  0.00692792
         502    -5.44129    -5.57225  0.00691905
         503    -5.38604    -5.57188  0.00691519
         504    -5.35991    -5.57146  0.00691425
         505    -5.31308    -5.57095  0.00691946
         506    -5.41566    -5.57064  0.00691259
         507    -5.40381    -5.57031  0.00690678
         508    -5.52124    -5.57021  0.00689386
         509    -5.54712    -5.57017  0.00688047
         510    -5.53421     -5.5701  0.00686734
         511    -5.52936    -5.57002  0.00685436
         512    -5.55253    -5.56998  0.00684106
         513    -5.53664    -5.56992  0.00682803
         514    -5.59162    -5.56996  0.00681488
         515    -5.58681    -5.56999  0.00680172
         516    -5.61892    -5.57009   0.0067892
         517    -5.68991    -5.57032  0.00678003
         518    -5.55885     -5.5703  0.00676697
         519    -5.55546    -5.57027  0.00675399
         520    -5.53489     -5.5702  0.00674135
         521    -5.49648    -5.57006  0.00672989
         522     -5.4399    -5.56981  0.00672162
         523    -5.42644    -5.56954  0.00671436
         524    -5.39492     -5.5692  0.00670981
         525    -5.47767    -5.56903  0.00669929
         526    -5.44594    -5.56879  0.00669064
         527    -5.48495    -5.56864  0.00667984
         528    -5.49715     -5.5685  0.00666856
         529    -5.45928    -5.56829  0.00665915
         530    -5.43769    -5.56805  0.00665114
         531    -5.45106    -5.56783  0.00664226
         532    -5.43315    -5.56757   0.0066346
         533    -5.50416    -5.56746  0.00662322
         534    -5.55192    -5.56743  0.00661088
         535    -5.60376    -5.56749  0.00659887
         536    -5.46895    -5.56731  0.00658912
         537    -5.41717    -5.56703  0.00658278
         538    -5.44492     -5.5668  0.00657445
         539    -5.44744    -5.56658  0.00656599
         540    -5.42626    -5.56632  0.00655897
         541     -5.4268    -5.56606  0.00655191
         542    -5.29216    -5.56556  0.00655928
         543    -5.17688    -5.56484  0.00658614
         544    -5.21756     -5.5642   0.0066049
         545    -5.40188    -5.56391   0.0065995
         546     -5.3175    -5.56346  0.00660282
         547    -5.37794    -5.56312  0.00659946
         548    -5.45726    -5.56292  0.00659024
         549    -5.40074    -5.56263  0.00658485
         550    -5.44976    -5.56242  0.00657608
         551    -5.41905    -5.56216  0.00656929
         552    -5.39532    -5.56186  0.00656434
         553     -5.2946    -5.56138  0.00657023
         554    -5.47091    -5.56121   0.0065604
         555    -5.46957    -5.56105  0.00655066
         556    -5.56373    -5.56105  0.00653888
         557    -5.46398    -5.56088  0.00652946
         558     -5.3824    -5.56056  0.00652559
         559    -5.47173     -5.5604  0.00651585
         560    -5.51512    -5.56032  0.00650472
         561    -5.46557    -5.56015  0.00649531
         562    -5.46392    -5.55998  0.00648601
         563     -5.4506    -5.55979   0.0064774
         564      -5.426    -5.55955  0.00647026
         565    -5.46837    -5.55939  0.00646082
         566     -5.4492    -5.55919  0.00645234
         567    -5.42662    -5.55896  0.00644519
         568    -5.37793    -5.55864  0.00644172
         569    -5.44609    -5.55844  0.00643344
         570    -5.41854     -5.5582  0.00642683
         571    -5.32503    -5.55779  0.00642853
         572    -5.24623    -5.55724  0.00644033
         573     -5.2521    -5.55671  0.00645107
         574    -5.34036    -5.55633  0.00645083
         575    -5.39048    -5.55605  0.00644606
         576    -5.41087    -5.55579  0.00643979
         577    -5.45265    -5.55561  0.00643111
         578    -5.48572    -5.55549  0.00642112
         579     -5.4648    -5.55534  0.00641194
         580    -5.38324    -5.55504  0.00640775
         581      -5.355     -5.5547  0.00640596
         582    -5.32375     -5.5543  0.00640723
         583    -5.47135    -5.55416  0.00639782
         584    -5.47579    -5.55402  0.00638828
         585    -5.48613    -5.55391  0.00637841
         586    -5.51744    -5.55384  0.00636783
         587    -5.61182    -5.55394  0.00635775
         588    -5.64372     -5.5541  0.00634877
         589    -5.58044    -5.55414  0.00633815
         590    -5.56639    -5.55416  0.00632744
         591    -5.53394    -5.55413  0.00631682
         592    -5.60301    -5.55421  0.00630669
         593      -5.526    -5.55416  0.00629624
         594    -5.47132    -5.55402  0.00628718
         595    -5.54306      -5.554  0.00627664
         596    -5.53501    -5.55397  0.00626619
         597    -5.48805    -5.55386  0.00625667
         598    -5.43461    -5.55366  0.00624938
         599    -5.50605    -5.55358  0.00623945
         600    -5.50215     -5.5535  0.00622964
         601    -5.53353    -5.55346  0.00621937
         602    -5.53311    -5.55343  0.00620913
         603    -5.56742    -5.55345  0.00619887
         604    -5.53478    -5.55342  0.00618869
         605    -5.51236    -5.55335  0.00617883
         606     -5.4972    -5.55326  0.00616933
         607    -5.46824    -5.55312  0.00616076
         608    -5.53984     -5.5531  0.00615066
         609    -5.52783    -5.55306   0.0061407
         610    -5.47425    -5.55293    0.006132
         611    -5.63204    -5.55306  0.00612333
         612    -5.62703    -5.55318  0.00611451
         613    -5.53444    -5.55315  0.00610462
         614    -5.52518     -5.5531  0.00609484
         615     -5.5797    -5.55315  0.00608509
         616    -5.61017    -5.55324  0.00607591
         617    -5.61035    -5.55333  0.00606677
         618    -5.57899    -5.55337  0.00605709
         619     -5.6052    -5.55346  0.00604789
         620    -5.68752    -5.55367    0.006042
         621    -5.70199    -5.55391  0.00603699
         622     -5.5934    -5.55398  0.00602761
         623     -5.5832    -5.55402  0.00601812
         624    -5.55132    -5.55402  0.00600848
         625    -5.64024    -5.55416  0.00600045
         626    -5.56801    -5.55418   0.0059909
         627    -5.56467    -5.55419  0.00598137
         628    -5.59161    -5.55425  0.00597214
         629    -5.59873    -5.55433  0.00596307
         630    -5.58232    -5.55437  0.00595377
         631    -5.53443    -5.55434  0.00594442
         632    -5.56797    -5.55436  0.00593505
         633    -5.56564    -5.55438   0.0059257
         634     -5.5744    -5.55441  0.00591644
         635    -5.62469    -5.55452  0.00590816
         636    -5.65558    -5.55468    0.005901
         637    -5.65497    -5.55484  0.00589384
         638    -5.64416    -5.55498  0.00588627
         639    -5.64189    -5.55511  0.00587862
         640    -5.67539     -5.5553  0.00587244
         641    -5.69157    -5.55551  0.00586713
         642    -5.72588    -5.55578  0.00586399
         643    -5.77763    -5.55612  0.00586501
         644     -5.7318     -5.5564  0.00586224
         645    -5.75144     -5.5567  0.00586095
         646    -5.71357    -5.55694   0.0058569
         647    -5.64749    -5.55708  0.00584952
         648    -5.72024    -5.55733  0.00584591
         649    -5.70421    -5.55756  0.00584128
         650    -5.65264    -5.55771  0.00583413
         651    -5.53187    -5.55767   0.0058253
         652    -5.55573    -5.55766  0.00581637
         653    -5.52738    -5.55762  0.00580765
         654    -5.46094    -5.55747  0.00580065
         655    -5.45296    -5.55731  0.00579399
         656     -5.3863    -5.55705  0.00579101
         657    -5.36512    -5.55676  0.00578956
         658    -5.37562    -5.55648  0.00578731
         659    -5.39577    -5.55624  0.00578366
         660    -5.34784    -5.55592  0.00578351
         661    -5.37502    -5.55565  0.00578123
         662    -5.45022    -5.55549  0.00577469
         663    -5.41488    -5.55528  0.00576987
         664    -5.49019    -5.55518  0.00576202
         665    -5.47817    -5.55506  0.00575452
         666    -5.53635    -5.55503  0.00574594
         667     -5.5061    -5.55496   0.0057378
         668    -5.43142    -5.55478  0.00573219
         669    -5.45012    -5.55462  0.00572575
         670    -5.45561    -5.55447  0.00571912
         671    -5.56455    -5.55449  0.00571061
         672    -5.56523     -5.5545  0.00570214
         673    -5.51656    -5.55445  0.00569394
         674    -5.55331    -5.55444  0.00568549
         675    -5.54388    -5.55443  0.00567709
         676    -5.61763    -5.55452  0.00566946
         677    -5.51737    -5.55447  0.00566136
         678    -5.49104    -5.55437  0.00565378
         679    -5.53628    -5.55435  0.00564551
         680     -5.5076    -5.55428  0.00563763
         681    -5.50464    -5.55421  0.00562982
         682    -5.36275    -5.55393  0.00562856
         683    -5.42836    -5.55374  0.00562332
         684    -5.48803    -5.55365  0.00561592
         685    -5.55842    -5.55365  0.00560773
         686    -5.53235    -5.55362  0.00559964
         687    -5.47874    -5.55351  0.00559255
         688    -5.39499    -5.55328  0.00558917
         689    -5.50321    -5.55321  0.00558153
         690    -5.43153    -5.55303  0.00557622
         691    -5.44292    -5.55287  0.00557043
         692    -5.46649    -5.55275  0.00556378
         693    -5.53111    -5.55272  0.00555584
         694    -5.58131    -5.55276  0.00554799
         695     -5.5908    -5.55281  0.00554027
         696     -5.5605    -5.55282  0.00553232
         697    -5.54532    -5.55281   0.0055244
         698    -5.56783    -5.55284  0.00551652
         699    -5.47377    -5.55272  0.00550979
         700    -5.39447     -5.5525  0.00550656
         701    -5.44302    -5.55234  0.00550091
         702    -5.53302    -5.55231  0.00549315
         703    -5.41123    -5.55211    0.005489
         704    -5.35027    -5.55182  0.00548868
         705     -5.3927     -5.5516  0.00548554
         706    -5.52351    -5.55156  0.00547791
         707    -5.51778    -5.55151  0.00547037
         708    -5.57769    -5.55155  0.00546277
         709    -5.60847    -5.55163  0.00545566
         710    -5.55421    -5.55163  0.00544797
         711    -5.45099    -5.55149  0.00544215
         712    -5.42884    -5.55132  0.00543723
         713    -5.42272    -5.55114   0.0054326
         714    -5.37414    -5.55089  0.00543064
         715    -5.39862    -5.55068  0.00542722
         716    -5.40478    -5.55047  0.00542346
         717    -5.34392    -5.55019  0.00542355
         718    -5.38436    -5.54995  0.00542091
         719    -5.47596    -5.54985  0.00541434
         720    -5.34723    -5.54957  0.00541413
         721    -5.31583    -5.54925  0.00541632
         722    -5.44095     -5.5491   0.0054109
         723    -5.47096    -5.54899  0.00540449
         724    -5.45396    -5.54886  0.00539862
         725    -5.45933    -5.54873  0.00539258
         726    -5.48259    -5.54864  0.00538593
         727    -5.43277    -5.54848  0.00538088
         728    -5.46446    -5.54837  0.00537472
         729    -5.47111    -5.54826  0.00536839
         730    -5.50428     -5.5482  0.00536138
         731    -5.50312    -5.54814   0.0053544
         732    -5.47335    -5.54804  0.00534806
         733    -5.43169    -5.54788  0.00534312
         734    -5.40221    -5.54768  0.00533952
         735    -5.53284    -5.54766   0.0053323
         736    -5.52151    -5.54762  0.00532517
         737    -5.48464    -5.54754  0.00531863
         738     -5.4024    -5.54734  0.00531506
         739     -5.2739    -5.54697  0.00532073
         740    -5.32173    -5.54667  0.00532224
         741    -5.31705    -5.54636  0.00532407
         742    -5.25694    -5.54597  0.00533116
         743    -5.32819    -5.54567  0.00533204
         744    -5.40387    -5.54548  0.00532828
         745    -5.35927    -5.54523  0.00532699
         746    -5.39608    -5.54503   0.0053236
         747    -5.46794    -5.54493  0.00531747
         748    -5.48753    -5.54485  0.00531091
         749    -5.57377    -5.54489  0.00530396
         750     -5.4728     -5.5448  0.00529776
         751     -5.5507     -5.5448  0.00529071
         752    -5.55025    -5.54481  0.00528368
         753    -5.54987    -5.54482  0.00527667
         754    -5.52398    -5.54479  0.00526975
         755    -5.52961    -5.54477   0.0052628
         756    -5.59673    -5.54484  0.00525629
         757    -5.52802    -5.54482  0.00524939
         758    -5.59358    -5.54488  0.00524286
         759    -5.47149    -5.54479  0.00523685
         760    -5.46803    -5.54468  0.00523093
         761    -5.44456    -5.54455  0.00522571
         762    -5.39932    -5.54436  0.00522233
         763    -5.41277    -5.54419  0.00521833
         764    -5.38792    -5.54398  0.00521551
         765    -5.31069    -5.54368   0.0052176
         766    -5.42268    -5.54352  0.00521318
         767    -5.48808    -5.54345  0.00520688
         768    -5.47915    -5.54337  0.00520077
         769    -5.49049     -5.5433  0.00519447
         770    -5.57828    -5.54334  0.00518792
         771    -5.42353    -5.54319  0.00518352
         772    -5.40303    -5.54301  0.00517998
         773    -5.47576    -5.54292  0.00517401
         774    -5.50415    -5.54287  0.00516757
         775    -5.50666    -5.54282  0.00516111
         776    -5.51853    -5.54279  0.00515455
         777    -5.52141    -5.54276  0.00514799
         778    -5.48155    -5.54268  0.00514198
         779    -5.47083    -5.54259  0.00513621
         780    -5.37014    -5.54237  0.00513438
         781    -5.41272    -5.54221  0.00513049
         782    -5.36093    -5.54197  0.00512916
         783    -5.30007    -5.54166   0.0051319
         784      -5.291    -5.54134  0.00513531
         785    -5.35093     -5.5411  0.00513449
         786    -5.41813    -5.54095  0.00513034
         787    -5.42791     -5.5408  0.00512583
         788    -5.49444    -5.54074  0.00511967
         789    -5.48236    -5.54067  0.00511371
         790    -5.50567    -5.54062  0.00510743
         791     -5.5664    -5.54066  0.00510108
         792    -5.47694    -5.54058  0.00509527
         793    -5.50774    -5.54054  0.00508901
         794    -5.54071    -5.54054  0.00508261
         795    -5.60331    -5.54061  0.00507683
         796    -5.53818    -5.54061  0.00507045
         797    -5.52091    -5.54059  0.00506415
         798    -5.47437     -5.5405  0.00505848
         799    -5.41862    -5.54035  0.00505445
         800    -5.48572    -5.54028  0.00504859
         801    -5.42321    -5.54014   0.0050444
         802      -5.464    -5.54004  0.00503901
         803    -5.44633    -5.53993  0.00503408
         804    -5.48031    -5.53985  0.00502837
         805    -5.54909    -5.53986  0.00502214
         806    -5.52458    -5.53984  0.00501594
         807    -5.56794    -5.53988  0.00500985
         808    -5.56142    -5.53991  0.00500372
         809     -5.5854    -5.53996  0.00499785
         810     -5.5552    -5.53998  0.00499171
         811    -5.54991    -5.53999  0.00498557
         812    -5.49321    -5.53993  0.00497977
         813    -5.46767    -5.53985  0.00497443
         814    -5.50689    -5.53981  0.00496849
         815    -5.44181    -5.53969  0.00496385
         816    -5.47809    -5.53961  0.00495834
         817    -5.39289    -5.53943  0.00495552
         818    -5.44822    -5.53932  0.00495071
         819    -5.48672    -5.53925  0.00494509
         820    -5.49823     -5.5392  0.00493931
         821     -5.5415    -5.53921  0.00493329
         822     -5.4458    -5.53909   0.0049286
         823    -5.46448      -5.539  0.00492345
         824    -5.42987    -5.53887  0.00491925
         825    -5.39323    -5.53869  0.00491646
         826    -5.45438    -5.53859  0.00491156
         827    -5.42057    -5.53845   0.0049077
         828    -5.31386    -5.53818  0.00490926
         829    -5.46884    -5.53809  0.00490405
         830    -5.52198    -5.53807  0.00489818
         831    -5.56322    -5.53811  0.00489238
         832     -5.6203     -5.5382   0.0048875
         833    -5.60064    -5.53828   0.0048822
         834    -5.64157     -5.5384  0.00487792
         835    -5.56725    -5.53844   0.0048722
         836    -5.60798    -5.53852  0.00486708
         837    -5.58181    -5.53857  0.00486154
         838    -5.60163    -5.53865  0.00485632
         839    -5.68399    -5.53882  0.00485362
         840    -5.63505    -5.53894   0.0048492
         841    -5.68239    -5.53911  0.00484643
         842    -5.62908    -5.53921  0.00484185
         843    -5.64559    -5.53934  0.00483775
         844    -5.63115    -5.53945  0.00483324
         845    -5.58294     -5.5395   0.0048278
         846    -5.51928    -5.53948  0.00482215
         847    -5.45732    -5.53938  0.00481743
         848    -5.52249    -5.53936  0.00481179
         849    -5.48937     -5.5393  0.00480649
         850    -5.53587     -5.5393  0.00480083
         851    -5.58843    -5.53935  0.00479554
         852    -5.54541    -5.53936  0.00478992
         853    -5.55655    -5.53938  0.00478434
         854    -5.56393    -5.53941  0.00477883
         855    -5.53641    -5.53941  0.00477324
         856    -5.44661     -5.5393  0.00476889
         857    -5.54021     -5.5393  0.00476333
         858    -5.50517    -5.53926  0.00475794
         859    -5.53944    -5.53926   0.0047524
         860    -5.51174    -5.53923  0.00474699
         861    -5.57274    -5.53927  0.00474163
         862    -5.57655    -5.53931  0.00473633
         863    -5.45444    -5.53921  0.00473186
         864     -5.3951    -5.53904  0.00472932
         865    -5.41788     -5.5389  0.00472593
         866    -5.45299     -5.5388  0.00472151
         867    -5.51073    -5.53877  0.00471618
         868    -5.38411    -5.53859  0.00471411
         869    -5.37425     -5.5384  0.00471248
         870    -5.51777    -5.53838  0.00470712
         871    -5.54147    -5.53838  0.00470172
         872    -5.41551    -5.53824  0.00469844
         873    -5.40719    -5.53809  0.00469545
         874    -5.50171    -5.53805  0.00469027
         875    -5.47466    -5.53798  0.00468546
         876    -5.46754     -5.5379  0.00468081
         877    -5.45898    -5.53781  0.00467633
         878     -5.5566    -5.53783  0.00467106
         879    -5.55943    -5.53786  0.00466581
         880    -5.57282    -5.53789  0.00466067
         881    -5.50261    -5.53785  0.00465556
         882    -5.51166    -5.53783  0.00465037
         883    -5.56752    -5.53786  0.00464523
         884    -5.53055    -5.53785  0.00463998
         885    -5.51591    -5.53783   0.0046348
         886    -5.51799     -5.5378  0.00462963
         887    -5.49052    -5.53775  0.00462471
         888    -5.50036    -5.53771   0.0046197
         889    -5.51279    -5.53768  0.00461459
         890    -5.52236    -5.53766  0.00460943
         891     -5.4764    -5.53759  0.00460477
         892    -5.52208    -5.53758  0.00459964
         893    -5.48435    -5.53752  0.00459488
         894    -5.56921    -5.53755  0.00458987
         895    -5.59508    -5.53762   0.0045852
         896    -5.54329    -5.53762  0.00458008
         897    -5.54053    -5.53763  0.00457498
         898    -5.47458    -5.53756  0.00457042
         899    -5.50652    -5.53752  0.00456547
         900    -5.57285    -5.53756  0.00456057
         901    -5.48173     -5.5375  0.00455592
         902    -5.52124    -5.53748  0.00455091
         903    -5.50156    -5.53744  0.00454604
         904    -5.39414    -5.53728  0.00454378
         905    -5.37666     -5.5371  0.00454222
         906    -5.45531    -5.53701  0.00453811
         907    -5.40522    -5.53687  0.00453543
         908     -5.5269    -5.53686  0.00453045
         909    -5.61799    -5.53695  0.00452634
         910    -5.62606    -5.53705  0.00452243
         911    -5.57711    -5.53709  0.00451768
         912    -5.60287    -5.53716   0.0045133
         913    -5.49694    -5.53712  0.00450857
         914    -5.44198    -5.53701  0.00450484
         915    -5.53942    -5.53702  0.00449992
         916    -5.53904    -5.53702    0.004495
         917    -5.56494    -5.53705  0.00449021
         918    -5.62415    -5.53714  0.00448632
         919    -5.58082    -5.53719  0.00448169
         920    -5.67139    -5.53734  0.00447919
         921     -5.6199    -5.53743  0.00447522
         922    -5.50635    -5.53739  0.00447049
         923    -5.47208    -5.53732  0.00446621
         924    -5.59461    -5.53738  0.00446181
         925    -5.56597    -5.53742  0.00445709
         926    -5.51198    -5.53739  0.00445236
         927    -5.49892    -5.53735  0.00444775
         928    -5.49954    -5.53731  0.00444315
         929    -5.46082    -5.53722  0.00443913
         930    -5.44714    -5.53713  0.00443541
         931    -5.41285    -5.53699  0.00443265
         932    -5.39568    -5.53684  0.00443049
         933    -5.43209    -5.53673  0.00442717
         934     -5.4703    -5.53666    0.004423
         935    -5.40955    -5.53652  0.00442035
         936    -5.45588    -5.53644  0.00441647
         937    -5.45306    -5.53635  0.00441265
         938    -5.52538    -5.53633  0.00440797
         939    -5.53127    -5.53633  0.00440327
         940    -5.52036    -5.53631  0.00439862
         941    -5.45381    -5.53622  0.00439482
         942    -5.37599    -5.53605  0.00439345
         943    -5.39053     -5.5359   0.0043915
         944    -5.51064    -5.53587  0.00438693
         945    -5.46621     -5.5358   0.0043829
         946    -5.45903    -5.53572  0.00437902
         947    -5.44231    -5.53562  0.00437551
         948      -5.535    -5.53562  0.00437089
         949    -5.51456     -5.5356  0.00436634
         950    -5.46106    -5.53552  0.00436245
         951    -5.59732    -5.53558  0.00435835
         952    -5.61396    -5.53567  0.00435455
         953    -5.63971    -5.53578  0.00435135
         954    -5.59821    -5.53584  0.00434728
         955    -5.66051    -5.53597  0.00434469
         956    -5.65841     -5.5361  0.00434203
         957    -5.62711    -5.53619  0.00433853
         958    -5.59068    -5.53625  0.00433438
         959    -5.59105    -5.53631  0.00433023
         960    -5.50663    -5.53628  0.00432583
         961    -5.53628    -5.53628  0.00432133
         962    -5.46782    -5.53621  0.00431743
         963    -5.43568     -5.5361   0.0043142
         964    -5.45311    -5.53602  0.00431059
         965    -5.50342    -5.53598  0.00430625
         966    -5.39739    -5.53584  0.00430419
         967    -5.53108    -5.53583  0.00429974
         968    -5.48515    -5.53578  0.00429561
         969    -5.51221    -5.53576  0.00429125
         970    -5.45494    -5.53567  0.00428763
         971    -5.49919    -5.53564  0.00428338
         972    -5.51882    -5.53562  0.00427901
         973    -5.45347    -5.53553  0.00427545
         974    -5.47252    -5.53547  0.00427155
         975    -5.43939    -5.53537   0.0042683
         976    -5.30369    -5.53513  0.00427052
         977    -5.28853    -5.53488  0.00427361
         978    -5.26784    -5.53461  0.00427795
         979    -5.35504    -5.53443  0.00427751
         980    -5.26495    -5.53415  0.00428198
         981    -5.31569    -5.53393   0.0042834
         982    -5.23399    -5.53362  0.00428991
         983    -5.34986    -5.53343  0.00428962
         984    -5.32772    -5.53323  0.00429035
         985    -5.38824    -5.53308  0.00428852
         986    -5.38503    -5.53293   0.0042868
         987    -5.33227    -5.53273  0.00428727
         988    -5.40573     -5.5326  0.00428486
         989    -5.49056    -5.53255  0.00428074
         990    -5.45416    -5.53248  0.00427715
         991    -5.39777    -5.53234  0.00427499
         992    -5.45088    -5.53226  0.00427147
         993     -5.4775     -5.5322  0.00426752
         994    -5.47684    -5.53215  0.00426359
         995    -5.45946    -5.53207  0.00425993
         996    -5.42403    -5.53196  0.00425704
         997    -5.42945    -5.53186  0.00425401
         998    -5.50898    -5.53184  0.00424981
         999    -5.54437    -5.53185  0.00424557
        1000    -5.47853     -5.5318  0.00424166
        1001     -5.4226    -5.53169  0.00423883
        1002    -5.40895    -5.53157  0.00423637
        1003    -5.49875    -5.53153  0.00423227
        1004    -5.44966    -5.53145  0.00422884
        1005    -5.48523    -5.53141  0.00422488
        1006    -5.43934    -5.53131  0.00422167
        1007    -5.35938    -5.53114  0.00422093
        1008    -5.36134    -5.53098   0.0042201
        1009    -5.50597    -5.53095  0.00421599
        1010    -5.46098    -5.53088  0.00421239
        1011    -5.46419    -5.53082  0.00420874
        1012    -5.54173    -5.53083  0.00420459
        1013    -5.45909    -5.53076  0.00420104
        1014    -5.45828    -5.53068  0.00419751
        1015    -5.42734    -5.53058   0.0041946
        1016    -5.36255    -5.53042  0.00419374
        1017    -5.37665    -5.53027  0.00419234
        1018    -5.45301    -5.53019   0.0041889
        1019    -5.35304    -5.53002   0.0041884
        1020    -5.37008    -5.52986  0.00418723
        1021    -5.44805    -5.52978  0.00418389
        1022    -5.46579    -5.52972  0.00418027
        1023    -5.44124    -5.52963  0.00417708
        1024    -5.40075     -5.5295  0.00417489
        1025    -5.25241    -5.52923  0.00417956
        1026    -5.25922    -5.52897  0.00418377
        1027    -5.29319    -5.52874  0.00418599
        1028    -5.26342    -5.52848  0.00418986
        1029    -5.25751    -5.52822  0.00419406
        1030    -5.23624    -5.52794  0.00419956
        1031    -5.25878    -5.52767  0.00420359
        1032    -5.28695    -5.52744  0.00420598
        1033    -5.42568    -5.52734  0.00420307
        1034    -5.38127     -5.5272  0.00420137
        1035     -5.4065    -5.52709  0.00419893
        1036    -5.49514    -5.52705  0.00419499
        1037    -5.53375    -5.52706  0.00419095
        1038    -5.55741    -5.52709  0.00418702
        1039     -5.5649    -5.52713  0.00418315
        1040     -5.5432    -5.52714  0.00417915
        1041     -5.5823     -5.5272  0.00417547
        1042     -5.4729    -5.52714  0.00417179
        1043    -5.54032    -5.52716  0.00416781
        1044    -5.47658    -5.52711   0.0041641
        1045    -5.43713    -5.52702    0.004161
        1046    -5.40651    -5.52691  0.00415862
        1047    -5.34904    -5.52674  0.00415812
        1048    -5.41729    -5.52663  0.00415546
        1049    -5.42852    -5.52654  0.00415255
        1050    -5.33982    -5.52636   0.0041524
        1051    -5.43948    -5.52628  0.00414928
        1052    -5.38357    -5.52614  0.00414755
        1053    -5.38471    -5.52601  0.00414578
        1054     -5.4014    -5.52589  0.00414354
        1055    -5.41711    -5.52579  0.00414089
        1056    -5.43954     -5.5257  0.00413777
        1057    -5.49809    -5.52568  0.00413394
        1058    -5.45508    -5.52561  0.00413057
        1059    -5.29956     -5.5254  0.00413218
        1060    -5.40535    -5.52528  0.00412984
        1061    -5.36441    -5.52513  0.00412873
        1062    -5.39916    -5.52501  0.00412654
        1063    -5.39059    -5.52489   0.0041246
        1064    -5.38809    -5.52476  0.00412273
        1065    -5.38042    -5.52462  0.00412108
        1066     -5.2952    -5.52441  0.00412283
        1067    -5.26882    -5.52417  0.00412592
        1068    -5.26392    -5.52393  0.00412925
        1069    -5.16778    -5.52359   0.0041388
        1070    -5.14007    -5.52323  0.00415043
        1071    -5.17196    -5.52291  0.00415949
        1072    -5.31214    -5.52271  0.00416025
        1073    -5.39845    -5.52259  0.00415799
        1074    -5.49879    -5.52257  0.00415418
        1075      -5.516    -5.52257  0.00415032
        1076    -5.47885    -5.52252  0.00414666
        1077    -5.55319    -5.52255   0.0041429
        1078    -5.58679    -5.52261  0.00413949
        1079    -5.53079    -5.52262  0.00413566
        1080    -5.55704    -5.52265  0.00413195
        1081    -5.43135    -5.52257    0.004129
        1082     -5.4634    -5.52251  0.00412554
        1083    -5.48167    -5.52248   0.0041219
        1084    -5.39897    -5.52236  0.00411968
        1085    -5.39016    -5.52224  0.00411768
        1086    -5.40536    -5.52213   0.0041153
        1087    -5.49505    -5.52211  0.00411158
        1088    -5.48008    -5.52207  0.00410799
        1089    -5.48909    -5.52204  0.00410433
        1090    -5.53187    -5.52205  0.00410057
        1091    -5.49193    -5.52202  0.00409691
        1092    -5.51694    -5.52201  0.00409316
        1093    -5.52174    -5.52201  0.00408941
        1094     -5.5071      -5.522   0.0040857
        1095    -5.46467    -5.52195   0.0040823
        1096    -5.44094    -5.52187  0.00407924
        1097    -5.37863    -5.52174  0.00407762
        1098    -5.42634    -5.52166  0.00407483
        1099    -5.42467    -5.52157  0.00407208
        1100    -5.45714    -5.52151  0.00406879
        1101    -5.51607    -5.52151   0.0040651
        1102    -5.50007    -5.52149  0.00406146
        1103    -5.48342    -5.52145  0.00405792
        1104    -5.45015    -5.52139  0.00405476
        1105    -5.43293    -5.52131  0.00405188
        1106    -5.37951    -5.52118  0.00405025
        1107    -5.46169    -5.52113  0.00404694
        1108    -5.52769    -5.52113   0.0040433
        1109    -5.46279    -5.52108  0.00403999
        1110    -5.48243    -5.52104   0.0040365
        1111    -5.45458    -5.52098  0.00403331
        1112     -5.4611    -5.52093  0.00403005
        1113    -5.48156    -5.52089  0.00402658
        1114    -5.55384    -5.52092  0.00402307
        1115    -5.51427    -5.52092  0.00401947
        1116    -5.49366    -5.52089  0.00401594
        1117    -5.48594    -5.52086  0.00401247
        1118     -5.5049    -5.52085  0.00400891
        1119    -5.45136    -5.52079   0.0040058
        1120    -5.42859     -5.5207  0.00400307
        1121    -5.41614    -5.52061  0.00400059
        1122    -5.39474     -5.5205   0.0039986
        1123    -5.39457    -5.52039  0.00399661
        1124    -5.42936    -5.52031  0.00399387
        1125    -5.38884    -5.52019  0.00399203
        1126    -5.42581     -5.5201  0.00398937
        1127    -5.42811    -5.52002  0.00398666
        1128    -5.39313    -5.51991  0.00398471
        1129    -5.45701    -5.51985  0.00398157
        1130    -5.40127    -5.51975  0.00397943
        1131    -5.51245    -5.51974  0.00397592
        1132    -5.47504     -5.5197   0.0039726
        1133    -5.50576    -5.51969  0.00396912
        1134    -5.51385    -5.51969  0.00396562
        1135    -5.54199    -5.51971  0.00396217
        1136    -5.51988    -5.51971  0.00395869
        1137    -5.63569    -5.51981  0.00395652
        1138    -5.60037    -5.51988  0.00395368
        1139    -5.65158    -5.51999  0.00395189
        1140    -5.57748    -5.52004  0.00394875
        1141    -5.45949    -5.51999  0.00394565
        1142    -5.52384       -5.52  0.00394219
        1143    -5.53429    -5.52001  0.00393876
        1144    -5.60839    -5.52009  0.00393608
        1145    -5.57291    -5.52013  0.00393291
        1146    -5.64625    -5.52024  0.00393102
        1147    -5.58818     -5.5203  0.00392804
        1148    -5.57715    -5.52035  0.00392493
        1149    -5.52115    -5.52035  0.00392151
        1150    -5.54003    -5.52037  0.00391814
        1151    -5.57817    -5.52042  0.00391506
        1152    -5.61702     -5.5205  0.00391256
        1153    -5.62979     -5.5206  0.00391031
        1154    -5.59868    -5.52066  0.00390751
        1155    -5.51533    -5.52066  0.00390413
        1156    -5.49602    -5.52064  0.00390081
        1157    -5.59609     -5.5207  0.00389798
        1158    -5.50859    -5.52069  0.00389463
        1159    -5.54218    -5.52071  0.00389131
        1160     -5.5806    -5.52076   0.0038883
        1161    -5.63311    -5.52086  0.00388616
        1162    -5.61766    -5.52094   0.0038837
        1163    -5.60341    -5.52101  0.00388101
        1164    -5.55161    -5.52104  0.00387777
        1165    -5.55419    -5.52107  0.00387454
        1166    -5.51329    -5.52106  0.00387123
        1167    -5.63126    -5.52116  0.00386906
        1168    -5.55966    -5.52119  0.00386589
        1169    -5.52231    -5.52119  0.00386258
        1170    -5.53655     -5.5212   0.0038593
        1171    -5.54835    -5.52123  0.00385608
        1172    -5.45848    -5.52117  0.00385316
        1173    -5.47306    -5.52113  0.00385009
        1174    -5.63636    -5.52123  0.00384806
        1175    -5.65061    -5.52134  0.00384636
        1176    -5.72522    -5.52151    0.003847
        1177    -5.69067    -5.52166  0.00384641
        1178    -5.69472     -5.5218  0.00384595
        1179    -5.61419    -5.52188  0.00384349
        1180    -5.62301    -5.52197  0.00384118
        1181    -5.49345    -5.52194  0.00383801
        1182    -5.51829    -5.52194  0.00383476
        1183    -5.48396    -5.52191  0.00383166
        1184    -5.49318    -5.52189   0.0038285
        1185    -5.52855    -5.52189  0.00382527
        1186    -5.40416    -5.52179  0.00382333
        1187    -5.40067    -5.52169  0.00382147
        1188    -5.39555    -5.52158  0.00381973
        1189    -5.38173    -5.52147  0.00381833
        1190    -5.42069    -5.52138  0.00381606
        1191    -5.40483    -5.52128  0.00381411
        1192    -5.40411    -5.52118  0.00381218
        1193    -5.39743    -5.52108  0.00381039
        1194    -5.37007    -5.52095   0.0038093
        1195    -5.21073    -5.52069  0.00381495
        1196    -5.14459    -5.52038   0.0038247
        1197    -5.20338    -5.52012  0.00383066
        1198    -5.26869    -5.51991  0.00383321
        1199    -5.27584     -5.5197  0.00383541
        1200    -5.37546    -5.51958   0.0038341
        1201    -5.45953    -5.51953  0.00383123
        1202    -5.57342    -5.51958  0.00382831
        1203    -5.44845    -5.51952  0.00382558
        1204    -5.43641    -5.51945  0.00382302
        1205    -5.42499    -5.51937  0.00382066
        1206    -5.34384    -5.51922  0.00382026
        1207    -5.38457    -5.51911  0.00381872
        1208    -5.38597      -5.519  0.00381715
        1209    -5.49572    -5.51898  0.00381404
        1210    -5.47653    -5.51895  0.00381105
        1211    -5.48025    -5.51892  0.00380804
        1212    -5.44718    -5.51886  0.00380536
        1213    -5.44356     -5.5188  0.00380273
        1214    -5.42636    -5.51872  0.00380036
        1215    -5.44962    -5.51866  0.00379765
        1216    -5.49996    -5.51865  0.00379456
        1217    -5.42765    -5.51857  0.00379218
        1218    -5.36007    -5.51844   0.0037913
        1219    -5.32274    -5.51828  0.00379159
        1220    -5.40116    -5.51819  0.00378969
        1221    -5.43067    -5.51811  0.00378727
        1222     -5.4999     -5.5181   0.0037842
        1223    -5.44689    -5.51804  0.00378155
        1224    -5.38901    -5.51794  0.00377993
        1225     -5.4152    -5.51785  0.00377778
        1226    -5.34582    -5.51771   0.0037773
        1227    -5.37747     -5.5176  0.00377595
        1228    -5.38832    -5.51749  0.00377434
        1229     -5.4821    -5.51746  0.00377138
        1230    -5.47529    -5.51743  0.00376847
        1231    -5.43458    -5.51736  0.00376601
        1232     -5.5116    -5.51736  0.00376296
        1233    -5.59585    -5.51742  0.00376044
        1234    -5.54152    -5.51744  0.00375745
        1235      -5.535    -5.51745  0.00375443
        1236    -5.44496     -5.5174  0.00375185
        1237    -5.48412    -5.51737  0.00374891
        1238    -5.53561    -5.51738  0.00374592
        1239    -5.47139    -5.51735  0.00374308
        1240    -5.47215    -5.51731  0.00374023
        1241    -5.44671    -5.51725  0.00373765
        1242    -5.42857    -5.51718  0.00373533
        1243    -5.35428    -5.51705  0.00373462
        1244    -5.44164    -5.51699  0.00373211
        1245    -5.45408    -5.51694  0.00372945
        1246    -5.41139    -5.51685  0.00372742
        1247    -5.44513     -5.5168  0.00372488
        1248    -5.49568    -5.51678  0.00372193
        1249    -5.55937    -5.51681  0.00371911
        1250     -5.5624    -5.51685  0.00371631
        1251    -5.40424    -5.51676  0.00371443
        1252    -5.39406    -5.51666  0.00371276
        1253    -5.28877    -5.51648  0.00371424
        1254    -5.33414    -5.51634  0.00371413
        1255    -5.41662    -5.51626  0.00371202
        1256    -5.43432    -5.51619  0.00370964
        1257     -5.4248    -5.51612   0.0037074
        1258    -5.49033     -5.5161  0.00370451
        1259    -5.42044    -5.51602  0.00370234
        1260    -5.44083    -5.51596  0.00369989
        1261    -5.42788    -5.51589  0.00369761
        1262    -5.39162    -5.51579  0.00369599
        1263    -5.42854    -5.51572  0.00369371
        1264    -5.41618    -5.51565  0.00369163
        1265    -5.40205    -5.51556   0.0036898
        1266    -5.38724    -5.51545  0.00368828
        1267    -5.46744    -5.51542  0.00368556
        1268     -5.4804    -5.51539  0.00368276
        1269     -5.4349    -5.51533   0.0036804
        1270    -5.35357     -5.5152  0.00367971
        1271    -5.47366    -5.51517  0.00367696
        1272    -5.39959    -5.51507  0.00367519
        1273     -5.5252    -5.51508  0.00367231
        1274    -5.49848    -5.51507  0.00366945
        1275     -5.4634    -5.51503   0.0036668
        1276    -5.43765    -5.51497  0.00366443
        1277    -5.47763    -5.51494  0.00366167
        1278    -5.52223    -5.51494  0.00365881
        1279    -5.52676    -5.51495  0.00365596
        1280    -5.47336    -5.51492  0.00365325
        1281    -5.45974    -5.51488  0.00365066
        1282    -5.50809    -5.51487  0.00364781
        1283    -5.41619     -5.5148  0.00364578
        1284     -5.4505    -5.51475  0.00364328
        1285    -5.54445    -5.51477  0.00364052
        1286    -5.54573    -5.51479  0.00363777
        1287    -5.56723    -5.51483  0.00363517
        1288    -5.49576    -5.51482  0.00363238
        1289    -5.65003    -5.51492  0.00363108
        1290    -5.56306    -5.51496  0.00362845
        1291    -5.55182    -5.51499  0.00362575
        1292    -5.55585    -5.51502  0.00362309
        1293    -5.56735    -5.51506  0.00362051
        1294    -5.55629    -5.51509  0.00361785
        1295    -5.33653    -5.51496  0.00361769
        1296    -5.34333    -5.51482  0.00361732
        1297    -5.34297    -5.51469  0.00361695
        1298    -5.32021    -5.51454  0.00361727
        1299    -5.29826    -5.51437  0.00361831
        1300    -5.40617    -5.51429  0.00361649
        1301    -5.38861    -5.51419    0.003615
        1302    -5.35106    -5.51407  0.00361439
        1303    -5.28747     -5.5139   0.0036158
        1304    -5.31487    -5.51374  0.00361625
        1305    -5.34169    -5.51361  0.00361588
        1306    -5.44241    -5.51356  0.00361352
        1307    -5.45919    -5.51352    0.003611
        1308    -5.47925    -5.51349  0.00360833
        1309    -5.38545    -5.51339   0.0036069
        1310     -5.3332    -5.51325  0.00360677
        1311    -5.38458    -5.51316  0.00360535
        1312     -5.3251    -5.51301  0.00360545
        1313    -5.32484    -5.51287  0.00360555
        1314    -5.41384    -5.51279   0.0036036
        1315    -5.31839    -5.51265  0.00360389
        1316    -5.41035    -5.51257  0.00360199
        1317    -5.40789    -5.51249  0.00360013
        1318    -5.47255    -5.51246  0.00359752
        1319    -5.32781    -5.51232  0.00359752
        1320    -5.38429    -5.51222   0.0035961
        1321    -5.34304    -5.51209  0.00359566
        1322    -5.46082    -5.51205  0.00359315
        1323    -5.30396     -5.5119  0.00359387
        1324     -5.3482    -5.51177  0.00359329
        1325    -5.40092    -5.51169  0.00359155
        1326    -5.44178    -5.51164  0.00358923
        1327    -5.40636    -5.51156   0.0035874
        1328    -5.41353    -5.51148  0.00358546
        1329    -5.35745    -5.51137  0.00358463
        1330    -5.41382    -5.51129  0.00358269
        1331    -5.44849    -5.51125   0.0035803
        1332    -5.41192    -5.51117  0.00357839
        1333     -5.4291    -5.51111  0.00357624
        1334    -5.35562    -5.51099  0.00357546
        1335    -5.36455    -5.51088  0.00357446
        1336    -5.36567    -5.51078  0.00357344
        1337    -5.39357    -5.51069  0.00357184
        1338    -5.34474    -5.51056  0.00357132
        1339     -5.2449    -5.51037  0.00357416
        1340    -5.36153    -5.51026  0.00357322
        1341    -5.43885     -5.5102  0.00357095
        1342     -5.4894    -5.51019  0.00356833
        1343    -5.56867    -5.51023  0.00356593
        1344    -5.43871    -5.51018  0.00356368
        1345    -5.42127    -5.51011  0.00356164
        1346     -5.4598    -5.51007  0.00355919
        1347    -5.43084    -5.51001  0.00355704
        1348    -5.39943    -5.50993  0.00355534
        1349    -5.37164    -5.50983  0.00355418
        1350    -5.42316    -5.50977  0.00355213
        1351    -5.49621    -5.50976  0.00354952
        1352    -5.53799    -5.50978  0.00354695
        1353    -5.45639    -5.50974  0.00354455
        1354      -5.496    -5.50973  0.00354195
        1355    -5.51137    -5.50973  0.00353933
        1356     -5.5461    -5.50975  0.00353682
        1357    -5.59283    -5.50982  0.00353475
        1358    -5.50982    -5.50982  0.00353215
        1359    -5.53281    -5.50983  0.00352959
        1360    -5.57614    -5.50988  0.00352733
        1361    -5.48141    -5.50986   0.0035248
        1362    -5.61519    -5.50994  0.00352306
        1363    -5.54157    -5.50996  0.00352055
        1364    -5.58982    -5.51002  0.00351846
        1365    -5.47351    -5.50999  0.00351598
        1366    -5.40743    -5.50992  0.00351421
        1367    -5.46443    -5.50988  0.00351179
        1368    -5.53854    -5.50991  0.00350929
        1369    -5.44341    -5.50986  0.00350706
        1370    -5.42323    -5.50979  0.00350507
        1371    -5.45264    -5.50975  0.00350276
        1372    -5.41006    -5.50968  0.00350097
        1373    -5.40297     -5.5096  0.00349928
        1374    -5.39436    -5.50952  0.00349774
        1375     -5.4004    -5.50944  0.00349609
        1376      -5.386    -5.50935   0.0034947
        1377    -5.45283    -5.50931  0.00349241
        1378    -5.37615    -5.50921  0.00349121
        1379    -5.43172    -5.50916  0.00348913
        1380    -5.43984     -5.5091  0.00348696
        1381    -5.49184    -5.50909  0.00348446
        1382    -5.57071    -5.50914  0.00348222
        1383    -5.51051    -5.50914  0.00347971
        1384    -5.58055    -5.50919  0.00347757
        1385    -5.56886    -5.50923  0.00347533
        1386    -5.56542    -5.50927  0.00347306
        1387    -5.59279    -5.50933  0.00347108
        1388    -5.48809    -5.50932  0.00346861
        1389     -5.4202    -5.50925  0.00346671
        1390    -5.44969    -5.50921  0.00346448
        1391    -5.39023    -5.50913  0.00346304
        1392    -5.45909    -5.50909  0.00346074
        1393    -5.43615    -5.50904  0.00345865
        1394    -5.42007    -5.50897  0.00345676
        1395    -5.41923    -5.50891  0.00345488
        1396    -5.34893    -5.50879  0.00345431
        1397    -5.28053    -5.50863  0.00345569
        1398    -5.35094    -5.50852  0.00345506
        1399    -5.36958    -5.50842  0.00345402
        1400    -5.50268    -5.50841  0.00345156
        1401    -5.55902    -5.50845  0.00344928
        1402    -5.59861    -5.50852  0.00344742
        1403    -5.61254    -5.50859  0.00344576
        1404    -5.55836    -5.50862  0.00344349
        1405    -5.55329    -5.50866  0.00344118
        1406    -5.51129    -5.50866  0.00343874
        1407    -5.50724    -5.50866  0.00343629
        1408    -5.37727    -5.50856  0.00343512
        1409    -5.41025    -5.50849  0.00343339
        1410    -5.50154    -5.50849  0.00343096
        1411    -5.49453    -5.50848  0.00342854
        1412    -5.47637    -5.50846  0.00342619
        1413    -5.42497     -5.5084  0.00342427
        1414    -5.39043    -5.50831  0.00342287
        1415    -5.43061    -5.50826  0.00342089
        1416    -5.52801    -5.50827   0.0034185
        1417    -5.52443    -5.50828  0.00341611
        1418    -5.52061    -5.50829  0.00341371
        1419    -5.64016    -5.50839  0.00341257
        1420    -5.54288    -5.50841  0.00341025
        1421    -5.54358    -5.50844  0.00340794
        1422    -5.50906    -5.50844  0.00340555
        1423    -5.50785    -5.50844  0.00340315
        1424    -5.54349    -5.50846  0.00340085
        1425    -5.37684    -5.50837  0.00339972
        1426    -5.38619    -5.50828  0.00339842
        1427    -5.31142    -5.50814  0.00339883
        1428    -5.36946    -5.50805  0.00339784
        1429    -5.42805    -5.50799  0.00339592
        1430    -5.50272    -5.50799  0.00339355
        1431    -5.48277    -5.50797  0.00339122
        1432    -5.49901    -5.50796  0.00338886
        1433    -5.44922    -5.50792  0.00338675
        1434    -5.56373    -5.50796  0.00338461
        1435    -5.51131    -5.50796  0.00338225
        1436    -5.53096    -5.50798  0.00337993
        1437    -5.48422    -5.50796  0.00337762
        1438    -5.42171     -5.5079   0.0033758
        1439    -5.48436    -5.50789   0.0033735
        1440    -5.51032    -5.50789  0.00337116
        1441    -5.51084    -5.50789  0.00336882
        1442    -5.55853    -5.50793  0.00336666
        1443    -5.55717    -5.50796   0.0033645
        1444    -5.51141    -5.50796  0.00336217
        1445    -5.32624    -5.50784   0.0033622
        1446    -5.46045     -5.5078  0.00336003
        1447     -5.3592     -5.5077  0.00335928
        1448    -5.32476    -5.50757  0.00335934
        1449    -5.34331    -5.50746  0.00335893
        1450    -5.40705    -5.50739  0.00335733
        1451    -5.31922    -5.50726  0.00335752
        1452      -5.373    -5.50717  0.00335648
        1453    -5.35339    -5.50706  0.00335584
        1454    -5.37705    -5.50697  0.00335472
        1455    -5.43601    -5.50693  0.00335277
        1456    -5.45945    -5.50689  0.00335062
        1457    -5.44331    -5.50685  0.00334861
        1458    -5.60862    -5.50692  0.00334704
        1459    -5.58512    -5.50697  0.00334517
        1460    -5.54024      -5.507  0.00334296
        1461    -5.53507    -5.50701  0.00334073
        1462    -5.58769    -5.50707   0.0033389
        1463     -5.4257    -5.50701  0.00333708
        1464     -5.3932    -5.50694   0.0033357
        1465      -5.385    -5.50685  0.00333447
        1466    -5.46572    -5.50683  0.00333231
        1467    -5.50279    -5.50682  0.00333004
        1468    -5.42523    -5.50677  0.00332823
        1469    -5.51565    -5.50677  0.00332597
        1470    -5.50314    -5.50677  0.00332371
        1471    -5.47243    -5.50675  0.00332154
        1472    -5.41219    -5.50668   0.0033199
        1473     -5.4775    -5.50666  0.00331771
        1474    -5.49502    -5.50666  0.00331546
        1475    -5.41537    -5.50659  0.00331379
        1476    -5.43533    -5.50655   0.0033119
        1477    -5.39648    -5.50647   0.0033105
        1478    -5.39703     -5.5064  0.00330908
        1479    -5.43283    -5.50635  0.00330722
        1480    -5.34127    -5.50624  0.00330687
        1481    -5.34882    -5.50613  0.00330634
        1482    -5.40023    -5.50606  0.00330488
        1483    -5.46573    -5.50603  0.00330277
        1484    -5.46043      -5.506  0.00330068
        1485    -5.61333    -5.50607  0.00329925
        1486    -5.58448    -5.50612  0.00329745
        1487    -5.54681    -5.50615  0.00329535
        1488    -5.49496    -5.50614  0.00329314
        1489    -5.38284    -5.50606  0.00329197
        1490    -5.48688    -5.50605  0.00328979
        1491    -5.52508    -5.50606  0.00328761
        1492    -5.60143    -5.50613  0.00328602
        1493    -5.50092    -5.50612  0.00328383
        1494     -5.5638    -5.50616  0.00328185
        1495    -5.59573    -5.50622  0.00328021
        1496    -5.57502    -5.50627  0.00327834
        1497    -5.51659    -5.50627  0.00327615
        1498    -5.59071    -5.50633  0.00327445
        1499    -5.51321    -5.50633  0.00327227
        1500     -5.5051    -5.50633  0.00327009
        1501    -5.49826    -5.50633  0.00326791
        1502    -5.45408    -5.50629  0.00326592
        1503    -5.41316    -5.50623  0.00326434
        1504    -5.39121    -5.50616  0.00326306
        1505    -5.38102    -5.50607  0.00326195
        1506    -5.32275    -5.50595  0.00326206
        1507    -5.40354    -5.50588   0.0032606
        1508    -5.33404    -5.50577  0.00326043
        1509    -5.37947    -5.50568  0.00325934
        1510    -5.38031     -5.5056  0.00325824
        1511    -5.35231     -5.5055  0.00325767
        1512    -5.38256    -5.50542  0.00325653
        1513     -5.4069    -5.50535  0.00325502
        1514    -5.42912     -5.5053  0.00325326
        1515    -5.36679    -5.50521   0.0032524
        1516     -5.3909    -5.50514  0.00325113
        1517    -5.40951    -5.50507   0.0032496
        1518    -5.32669    -5.50496  0.00324958
        1519    -5.40774    -5.50489  0.00324807
        1520     -5.4018    -5.50482  0.00324664
        1521    -5.44567    -5.50479  0.00324474
        1522    -5.35343    -5.50469  0.00324413
        1523     -5.3807     -5.5046  0.00324302
        1524    -5.37478    -5.50452  0.00324201
        1525    -5.37563    -5.50443  0.00324099
        1526    -5.35415    -5.50434  0.00324036
        1527    -5.45574     -5.5043   0.0032384
        1528    -5.40556    -5.50424  0.00323692
        1529    -5.43149    -5.50419  0.00323515
        1530    -5.41158    -5.50413  0.00323361
        1531    -5.43578    -5.50409   0.0032318
        1532    -5.52563     -5.5041  0.00322972
        1533    -5.45974    -5.50407  0.00322775
        1534    -5.39642      -5.504   0.0032264
        1535    -5.27506    -5.50385  0.00322775
        1536    -5.36939    -5.50377  0.00322683
        1537    -5.33864    -5.50366  0.00322652
        1538    -5.39264    -5.50359  0.00322523
        1539    -5.38419    -5.50351  0.00322407
        1540    -5.37412    -5.50342  0.00322307
        1541    -5.32444    -5.50331  0.00322307
        1542    -5.34837    -5.50321  0.00322255
        1543    -5.34657    -5.50311  0.00322206
        1544    -5.32613    -5.50299  0.00322201
        1545    -5.46824    -5.50297     0.00322
        1546    -5.43294    -5.50292  0.00321824
        1547    -5.43799    -5.50288  0.00321643
        1548    -5.40864    -5.50282  0.00321493
        1549    -5.38622    -5.50275  0.00321373
        1550    -5.39295    -5.50267  0.00321244
        1551    -5.33926    -5.50257   0.0032121
        1552    -5.33568    -5.50246  0.00321183
        1553    -5.34119    -5.50236  0.00321144
        1554    -5.42637    -5.50231  0.00320974
        1555    -5.46831    -5.50229  0.00320775
        1556    -5.50063    -5.50229  0.00320569
        1557    -5.43599    -5.50224  0.00320392
        1558    -5.52281    -5.50226  0.00320189
        1559    -5.53385    -5.50228   0.0031999
        1560    -5.53194     -5.5023   0.0031979
        1561    -5.51876    -5.50231  0.00319587
        1562    -5.54531    -5.50233  0.00319394
        1563     -5.4874    -5.50232  0.00319191
        1564    -5.54166    -5.50235  0.00318997
        1565    -5.51576    -5.50236  0.00318795
        1566    -5.51402    -5.50237  0.00318592
        1567    -5.49365    -5.50236  0.00318389
        1568    -5.51621    -5.50237  0.00318187
        1569    -5.50254    -5.50237  0.00317984
        1570    -5.55263     -5.5024  0.00317798
        1571    -5.47112    -5.50238  0.00317602
        1572    -5.47599    -5.50236  0.00317404
        1573    -5.42204    -5.50231  0.00317244
        1574    -5.38799    -5.50224  0.00317125
        1575    -5.36758    -5.50216  0.00317039
        1576    -5.36789    -5.50207  0.00316952
        1577    -5.27971    -5.50193  0.00317065
        1578     -5.2369    -5.50176  0.00317308
        1579    -5.26707    -5.50161  0.00317455
        1580    -5.29764    -5.50148  0.00317517
        1581    -5.50321    -5.50148  0.00317316
        1582    -5.49076    -5.50148  0.00317116
        1583    -5.42007    -5.50143  0.00316958
        1584    -5.44915    -5.50139  0.00316775
        1585    -5.40289    -5.50133  0.00316636
        1586    -5.44503     -5.5013  0.00316456
        1587    -5.53386    -5.50132  0.00316263
        1588    -5.54901    -5.50135  0.00316078
        1589    -5.53549    -5.50137  0.00315887
        1590    -5.53829    -5.50139  0.00315697
        1591    -5.61853    -5.50146  0.00315584
        1592    -5.61441    -5.50154  0.00315465
        1593    -5.64945    -5.50163  0.00315404
        1594    -5.56664    -5.50167  0.00315233
        1595    -5.57597    -5.50172  0.00315069
        1596    -5.55869    -5.50175  0.00314892
        1597    -5.60687    -5.50182  0.00314764
        1598    -5.59876    -5.50188  0.00314625
        1599     -5.4721    -5.50186  0.00314434
        1600    -5.43042    -5.50181  0.00314269
        1601    -5.51197    -5.50182  0.00314074
        1602    -5.53152    -5.50184  0.00313883
        1603    -5.46049    -5.50181  0.00313698
        1604    -5.53198    -5.50183  0.00313508
        1605    -5.47958    -5.50182  0.00313316
        1606     -5.4318    -5.50177  0.00313151
        1607    -5.40725    -5.50172  0.00313011
        1608    -5.44801    -5.50168  0.00312834
        1609    -5.47907    -5.50167  0.00312643
        1610    -5.56309    -5.50171  0.00312472
        1611    -5.52486    -5.50172  0.00312281
        1612    -5.55062    -5.50175  0.00312102
        1613    -5.48357    -5.50174  0.00311911
        1614    -5.41935    -5.50169   0.0031176
        1615    -5.52019     -5.5017  0.00311569
        1616    -5.43775    -5.50166  0.00311401
        1617    -5.48577    -5.50165   0.0031121
        1618     -5.5423    -5.50168  0.00311028
        1619    -5.55252    -5.50171  0.00310851
        1620    -5.52666    -5.50172  0.00310663
        1621    -5.47232    -5.50171  0.00310477
        1622    -5.46566    -5.50168  0.00310294
        1623    -5.53098     -5.5017  0.00310108
        1624    -5.55671    -5.50173  0.00309935
        1625     -5.5085    -5.50174  0.00309745
        1626    -5.47225    -5.50172   0.0030956
        1627    -5.42921    -5.50168  0.00309401
        1628    -5.52429    -5.50169  0.00309214
        1629    -5.43921    -5.50165  0.00309048
        1630    -5.47585    -5.50164  0.00308863
        1631    -5.48988    -5.50163  0.00308674
        1632    -5.53247    -5.50165  0.00308491
        1633    -5.53396    -5.50167  0.00308308
        1634    -5.48482    -5.50166  0.00308121
        1635    -5.38653    -5.50159  0.00308013
        1636    -5.46334    -5.50156  0.00307834
        1637    -5.32852    -5.50146  0.00307827
        1638    -5.28822    -5.50133  0.00307915
        1639    -5.17739    -5.50113   0.0030836
        1640    -5.24778    -5.50098  0.00308559
        1641    -5.30868    -5.50086  0.00308594
        1642    -5.25764    -5.50071  0.00308761
        1643    -5.43211    -5.50067  0.00308601
        1644    -5.45789    -5.50064  0.00308424
        1645    -5.42947     -5.5006  0.00308267
        1646    -5.33259     -5.5005  0.00308249
        1647    -5.27882    -5.50036  0.00308355
        1648    -5.31233    -5.50025  0.00308379
        1649    -5.28448    -5.50012   0.0030847
        1650    -5.33021    -5.50001  0.00308455
        1651    -5.42011    -5.49997  0.00308306
        1652    -5.32143    -5.49986  0.00308309
        1653    -5.39645     -5.4998  0.00308186
        1654    -5.36544    -5.49971  0.00308106
        1655    -5.44243    -5.49968   0.0030794
        1656    -5.42484    -5.49963  0.00307787
        1657    -5.36973    -5.49956  0.00307701
        1658    -5.35976    -5.49947  0.00307631
        1659     -5.3837     -5.4994  0.00307524
        1660    -5.36989    -5.49932  0.00307438
        1661    -5.41452    -5.49927  0.00307295
        1662    -5.38187     -5.4992  0.00307192
        1663    -5.38551    -5.49913  0.00307083
        1664    -5.39901    -5.49907  0.00306957
        1665    -5.33536    -5.49898  0.00306931
        1666    -5.39404    -5.49891  0.00306811
        1667    -5.38425    -5.49884  0.00306704
        1668    -5.33108    -5.49874  0.00306685
        1669     -5.3804    -5.49867  0.00306583
        1670    -5.47124    -5.49866  0.00306404
        1671    -5.42576    -5.49861  0.00306252
        1672    -5.40483    -5.49856   0.0030612
        1673    -5.38586    -5.49849  0.00306011
        1674     -5.4493    -5.49846  0.00305842
        1675    -5.42535    -5.49842  0.00305691
        1676    -5.43314    -5.49838  0.00305533
        1677    -5.39878    -5.49832  0.00305409
        1678    -5.44612    -5.49829  0.00305243
        1679    -5.47117    -5.49827  0.00305065
        1680    -5.41332    -5.49822  0.00304925
        1681    -5.33955    -5.49812   0.0030489
        1682    -5.39406    -5.49806  0.00304772
        1683    -5.36053    -5.49798    0.003047
        1684    -5.33137    -5.49788   0.0030468
        1685    -5.45945    -5.49786  0.00304507
        1686    -5.40696    -5.49781  0.00304374
        1687    -5.40104    -5.49775  0.00304248
        1688    -5.37427    -5.49768  0.00304156
        1689    -5.27079    -5.49754  0.00304272
        1690    -5.29452    -5.49742  0.00304329
        1691    -5.26932    -5.49729  0.00304448
        1692    -5.23418    -5.49713  0.00304665
        1693     -5.2386    -5.49698  0.00304867
        1694    -5.20967    -5.49681  0.00305159
        1695    -5.23233    -5.49665  0.00305378
        1696     -5.2324     -5.4965  0.00305595
        1697    -5.29889    -5.49638  0.00305636
        1698    -5.26023    -5.49624  0.00305773
        1699    -5.28386    -5.49612  0.00305848
        1700    -5.36696    -5.49604  0.00305763
        1701    -5.32445    -5.49594  0.00305749
        1702    -5.34816    -5.49585  0.00305693
        1703    -5.39618    -5.49579  0.00305569
        1704    -5.45813    -5.49577  0.00305398
        1705    -5.51576    -5.49578  0.00305221
        1706    -5.48683    -5.49578  0.00305043
        1707    -5.45138    -5.49575  0.00304875
        1708    -5.48453    -5.49575  0.00304697
        1709    -5.54046    -5.49577   0.0030453
        1710    -5.44583    -5.49574  0.00304366
        1711    -5.41707     -5.4957  0.00304223
        1712    -5.45065    -5.49567  0.00304057
        1713    -5.41759    -5.49562  0.00303913
        1714    -5.30365    -5.49551  0.00303942
        1715     -5.2991     -5.4954  0.00303981
        1716    -5.39947    -5.49534  0.00303855
        1717    -5.31839    -5.49524  0.00303853
        1718    -5.29711    -5.49512  0.00303895
        1719    -5.32434    -5.49502   0.0030388
        1720    -5.38354    -5.49496  0.00303773
        1721    -5.44073    -5.49493  0.00303612
        1722    -5.48729    -5.49492  0.00303436
        1723    -5.45433     -5.4949   0.0030327
        1724    -5.36684    -5.49483  0.00303185
        1725    -5.42145    -5.49478  0.00303039
        1726    -5.44477    -5.49475  0.00302877
        1727    -5.37829    -5.49469  0.00302777
        1728    -5.35397    -5.49461  0.00302711
        1729    -5.45134    -5.49458  0.00302546
        1730    -5.51344    -5.49459  0.00302373
        1731    -5.46917    -5.49458  0.00302202
        1732    -5.45902    -5.49456  0.00302035
        1733      -5.422    -5.49451  0.00301889
        1734    -5.41639    -5.49447  0.00301749
        1735    -5.48942    -5.49447  0.00301575
        1736    -5.45309    -5.49444  0.00301411
        1737    -5.45357    -5.49442  0.00301246
        1738    -5.53053    -5.49444   0.0030108
        1739    -5.48543    -5.49443  0.00300908
        1740    -5.46019    -5.49441  0.00300741
        1741    -5.43491    -5.49438  0.00300588
        1742     -5.4997    -5.49438  0.00300415
        1743    -5.45835    -5.49436   0.0030025
        1744    -5.41159    -5.49432  0.00300115
        1745     -5.4028    -5.49426  0.00299989
        1746    -5.54292    -5.49429   0.0029983
        1747    -5.45306    -5.49427  0.00299668
        1748    -5.51957    -5.49428    0.002995
        1749    -5.53558    -5.49431  0.00299338
        1750    -5.48512     -5.4943  0.00299168
        1751     -5.4129    -5.49425  0.00299033
        1752    -5.44253    -5.49422  0.00298877
        1753    -5.46015     -5.4942  0.00298713
        1754    -5.49744    -5.49421  0.00298542
        1755    -5.54723    -5.49424  0.00298388
        1756    -5.56344    -5.49428  0.00298244
        1757    -5.54487     -5.4943  0.00298088
        1758    -5.60438    -5.49437  0.00297984
        1759    -5.50992    -5.49438  0.00297816
        1760    -5.54595    -5.49441  0.00297661
        1761     -5.4853     -5.4944  0.00297493
        1762    -5.55611    -5.49444  0.00297344
        1763    -5.50644    -5.49444  0.00297176
        1764    -5.55108    -5.49447  0.00297025
        1765    -5.56632    -5.49451  0.00296885
        1766    -5.53037    -5.49454  0.00296724
        1767    -5.45382    -5.49451  0.00296565
        1768    -5.39465    -5.49446  0.00296451
        1769    -5.45647    -5.49443  0.00296291
        1770    -5.45893    -5.49441   0.0029613
        1771    -5.53826    -5.49444  0.00295974
        1772    -5.38824    -5.49438  0.00295867
        1773    -5.49592    -5.49438    0.002957
        1774    -5.50961    -5.49439  0.00295535
        1775    -5.39578    -5.49433  0.00295421
        1776    -5.41803    -5.49429  0.00295286
        1777    -5.50156    -5.49429   0.0029512
        1778    -5.52618    -5.49431  0.00294959
        1779    -5.44725    -5.49429  0.00294805
        1780    -5.49465    -5.49429   0.0029464
        1781    -5.38439    -5.49422  0.00294539
        1782    -5.49005    -5.49422  0.00294374
        1783    -5.45342     -5.4942  0.00294217
        1784    -5.43105    -5.49416  0.00294074
        1785    -5.42382    -5.49412  0.00293935
        1786    -5.45943     -5.4941  0.00293777
        1787    -5.49249     -5.4941  0.00293613
        1788    -5.52542    -5.49412  0.00293454
        1789    -5.44863     -5.4941  0.00293301
        1790    -5.50583     -5.4941  0.00293138
        1791    -5.57261    -5.49415  0.00293007
        1792    -5.54711    -5.49418  0.00292858
        1793    -5.42766    -5.49414  0.00292718
        1794    -5.42954     -5.4941  0.00292577
        1795    -5.36655    -5.49403  0.00292501
        1796    -5.32181    -5.49394  0.00292495
        1797    -5.40514    -5.49389  0.00292374
        1798     -5.3342     -5.4938  0.00292346
        1799    -5.26654    -5.49367  0.00292456
        1800    -5.48859    -5.49367  0.00292294
        1801    -5.52686    -5.49369  0.00292138
        1802    -5.56022    -5.49372  0.00291999
        1803    -5.50674    -5.49373  0.00291838
        1804    -5.43862     -5.4937  0.00291692
        1805    -5.34335    -5.49362  0.00291649
        1806    -5.32906    -5.49353   0.0029163
        1807    -5.32953    -5.49344   0.0029161
        1808    -5.44332    -5.49341  0.00291462
        1809    -5.42077    -5.49337  0.00291328
        1810    -5.33699    -5.49328  0.00291295
        1811     -5.3873    -5.49322  0.00291193
        1812    -5.41821    -5.49318  0.00291062
        1813    -5.41028    -5.49314  0.00290937
        1814    -5.44472    -5.49311  0.00290789
        1815    -5.50264    -5.49311   0.0029063
        1816    -5.46199     -5.4931  0.00290475
        1817    -5.35403    -5.49302  0.00290416
        1818     -5.3297    -5.49293  0.00290395
        1819    -5.39796    -5.49288  0.00290282
        1820    -5.56197    -5.49292  0.00290147
        1821    -5.51928    -5.49293  0.00289992
        1822    -5.55739    -5.49297  0.00289854
        1823    -5.45808    -5.49295  0.00289701
        1824    -5.51184    -5.49296  0.00289544
        1825    -5.45688    -5.49294  0.00289392
        1826    -5.44949    -5.49291  0.00289244
        1827    -5.49837    -5.49292  0.00289086
        1828    -5.49013    -5.49291  0.00288927
        1829    -5.54997    -5.49295  0.00288786
        1830    -5.57467    -5.49299  0.00288663
        1831    -5.46601    -5.49298  0.00288509
        1832     -5.3662    -5.49291  0.00288435
        1833    -5.38057    -5.49285  0.00288342
        1834    -5.36845    -5.49278  0.00288265
        1835    -5.43128    -5.49274  0.00288127
        1836    -5.42052     -5.4927  0.00287997
        1837    -5.40218    -5.49266  0.00287883
        1838    -5.40688    -5.49261  0.00287764
        1839    -5.35115    -5.49253   0.0028771
        1840    -5.38743    -5.49247   0.0028761
        1841    -5.34432    -5.49239  0.00287567
        1842     -5.4001    -5.49234  0.00287454
        1843    -5.56895    -5.49239  0.00287328
        1844    -5.54184    -5.49241  0.00287185
        1845    -5.55888    -5.49245  0.00287052
        1846    -5.56218    -5.49249  0.00286921
        1847    -5.52103     -5.4925   0.0028677
        1848    -5.52873    -5.49252  0.00286622
        1849    -5.53831    -5.49255  0.00286477
        1850    -5.51082    -5.49256  0.00286324
        1851    -5.53127    -5.49258  0.00286177
        1852    -5.48446    -5.49257  0.00286023
        1853    -5.55862    -5.49261  0.00285891
        1854    -5.57522    -5.49265  0.00285771
        1855    -5.46942    -5.49264   0.0028562
        1856    -5.41195     -5.4926  0.00285499
        1857    -5.42718    -5.49256  0.00285367
        1858    -5.42004    -5.49252   0.0028524
        1859     -5.4807    -5.49252  0.00285088
        1860    -5.47627    -5.49251  0.00284936
        1861    -5.53203    -5.49253  0.00284791
        1862    -5.45528    -5.49251  0.00284645
        1863    -5.34329    -5.49243  0.00284604
        1864    -5.37602    -5.49237   0.0028452
        1865    -5.40746    -5.49232  0.00284404
        1866    -5.44067    -5.49229  0.00284265
        1867    -5.52121    -5.49231  0.00284117
        1868    -5.52515    -5.49233  0.00283971
        1869    -5.48268    -5.49232  0.00283819
        1870    -5.55906    -5.49236   0.0028369
        1871    -5.62939    -5.49243  0.00283633
        1872    -5.65045    -5.49251  0.00283607
        1873    -5.67278    -5.49261  0.00283619
        1874    -5.59098    -5.49266  0.00283516
        1875    -5.61637    -5.49273  0.00283441
        1876    -5.52551    -5.49275  0.00283296
        1877    -5.56239    -5.49278  0.00283169
        1878    -5.52581     -5.4928  0.00283024
        1879    -5.52288    -5.49282  0.00282878
        1880    -5.50132    -5.49282  0.00282727
        1881    -5.46294    -5.49281  0.00282582
        1882    -5.37681    -5.49274  0.00282499
        1883     -5.4793    -5.49274   0.0028235
        1884    -5.43237    -5.49271  0.00282218
        1885    -5.54288    -5.49273  0.00282081
        1886    -5.58449    -5.49278  0.00281973
        1887    -5.63971    -5.49286  0.00281931
        1888    -5.62628    -5.49293   0.0028187
        1889    -5.58259    -5.49298  0.00281761
        1890    -5.56208    -5.49301  0.00281636
        1891    -5.52012    -5.49303   0.0028149
        1892    -5.55197    -5.49306  0.00281359
        1893    -5.57096     -5.4931   0.0028124
        1894    -5.57051    -5.49314  0.00281122
        1895    -5.56837    -5.49318  0.00281001
        1896    -5.63859    -5.49326  0.00280958
        1897    -5.63735    -5.49333  0.00280912
        1898    -5.62098     -5.4934  0.00280845
        1899    -5.62868    -5.49347  0.00280787
        1900    -5.55251     -5.4935  0.00280657
        1901    -5.53378    -5.49352  0.00280517
        1902    -5.51493    -5.49353  0.00280372
        1903     -5.5041    -5.49354  0.00280225
        1904    -5.51535    -5.49355   0.0028008
        1905     -5.4743    -5.49354  0.00279935
        1906    -5.47648    -5.49353  0.00279789
        1907    -5.51375    -5.49354  0.00279645
        1908    -5.56908    -5.49358  0.00279526
        1909    -5.60275    -5.49364  0.00279438
        1910    -5.52045    -5.49365  0.00279296
        1911     -5.5339    -5.49368  0.00279157
        1912    -5.51828    -5.49369  0.00279014
        1913    -5.51721     -5.4937  0.00278871
        1914    -5.39262    -5.49365  0.00278775
        1915      -5.533    -5.49367  0.00278637
        1916    -5.47051    -5.49366  0.00278495
        1917    -5.48446    -5.49365   0.0027835
        1918    -5.46118    -5.49363   0.0027821
        1919    -5.38128    -5.49358  0.00278126
        1920    -5.41471    -5.49353  0.00278012
        1921    -5.40224    -5.49349  0.00277908
        1922    -5.57569    -5.49353  0.00277796
        1923    -5.61332    -5.49359  0.00277721
        1924     -5.5098     -5.4936  0.00277578
        1925    -5.51419    -5.49361  0.00277436
        1926    -5.54744    -5.49364  0.00277306
        1927    -5.57284    -5.49368  0.00277193
        1928    -5.44209    -5.49365  0.00277062
        1929     -5.4273    -5.49362   0.0027694
        1930    -5.35508    -5.49355  0.00276889
        1931    -5.39205    -5.49349  0.00276796
        1932    -5.36473    -5.49343  0.00276733
        1933     -5.4457     -5.4934  0.00276601
        1934     -5.5316    -5.49342  0.00276465
        1935    -5.43643    -5.49339  0.00276337
        1936    -5.48242    -5.49339  0.00276195
        1937    -5.50496    -5.49339  0.00276053
        1938     -5.4852    -5.49339  0.00275911
        1939    -5.57449    -5.49343  0.00275801
        1940    -5.61505    -5.49349   0.0027573
        1941    -5.56713    -5.49353  0.00275614
        1942    -5.63641    -5.49361   0.0027557
        1943    -5.57969    -5.49365  0.00275464
        1944    -5.44027    -5.49362  0.00275336
        1945    -5.53348    -5.49364  0.00275202
        1946    -5.45506    -5.49362  0.00275067
        1947     -5.3988    -5.49357  0.00274969
        1948    -5.54121     -5.4936  0.00274839
        1949    -5.53179    -5.49362  0.00274705
        1950    -5.57212    -5.49366  0.00274594
        1951    -5.64506    -5.49374  0.00274563
        1952    -5.60468    -5.49379  0.00274481
        1953     -5.4937    -5.49379   0.0027434
        1954    -5.52983    -5.49381  0.00274206
        1955    -5.55883    -5.49385  0.00274086
        1956    -5.42873    -5.49381  0.00273966
        1957    -5.51493    -5.49382  0.00273828
        1958     -5.4648    -5.49381  0.00273692
        1959    -5.56571    -5.49384  0.00273577
        1960    -5.52818    -5.49386  0.00273443
        1961    -5.47157    -5.49385  0.00273306
        1962    -5.49167    -5.49385  0.00273167
        1963    -5.50235    -5.49385  0.00273028
        1964    -5.49065    -5.49385  0.00272889
        1965    -5.37781    -5.49379  0.00272814
        1966    -5.51128     -5.4938  0.00272677
        1967    -5.50228    -5.49381  0.00272538
        1968    -5.51107    -5.49382  0.00272401
        1969    -5.46082     -5.4938  0.00272268
        1970    -5.51356    -5.49381  0.00272132
        1971    -5.46096    -5.49379  0.00271999
        1972    -5.56854    -5.49383  0.00271887
        1973    -5.52186    -5.49384  0.00271753
        1974    -5.52392    -5.49386   0.0027162
        1975    -5.55278    -5.49389  0.00271499
        1976    -5.49773    -5.49389  0.00271361
        1977    -5.48027    -5.49388  0.00271225
        1978    -5.46325    -5.49387  0.00271092
        1979    -5.42508    -5.49383  0.00270978
        1980    -5.52642    -5.49385  0.00270846
        1981    -5.51272    -5.49386  0.00270711
        1982    -5.53979    -5.49388  0.00270584
        1983    -5.53565     -5.4939  0.00270456
        1984    -5.52545    -5.49392  0.00270324
        1985     -5.5713    -5.49396  0.00270216
        1986    -5.47128    -5.49395  0.00270082
        1987    -5.45213    -5.49393  0.00269955
        1988    -5.44718     -5.4939  0.00269829
        1989    -5.46573    -5.49389  0.00269697
        1990    -5.45457    -5.49387  0.00269569
        1991     -5.4598    -5.49385  0.00269439
        1992    -5.32747    -5.49377  0.00269433
        1993    -5.52183    -5.49378  0.00269302
        1994    -5.53478     -5.4938  0.00269174
        1995    -5.44767    -5.49378  0.00269049
        1996    -5.41396    -5.49374  0.00268944
        1997    -5.46752    -5.49373  0.00268813
        1998    -5.54014    -5.49375  0.00268688
        1999    -5.46816    -5.49374  0.00268557
        2000    -5.56525    -5.49377  0.00268446
