  0.00230664           0           0
  0.00691993           0           0           0
  0.00691993           0           0
   0.0115332           0           0           0
   0.0115332           0           0
   0.0161465           0           0           0
   0.0161465           0           0
   0.0207598           0           0           0
   0.0207598           0           0
   0.0253731           0           0           0
   0.0253731           0           0
   0.0299864           0           0           0
   0.0299864           0           0
   0.0345996           0           0           0
   0.0345996           0           0
   0.0392129           0           0           0
   0.0392129           0           0
   0.0438262           0           0           0
   0.0438262           0           0
   0.0484395           0           0           0
   0.0484395           0           0
   0.0530528           0           0           0
   0.0530528           0           0
   0.0576661           0           0           0
   0.0576661           0           0
   0.0622794           0           0           0
   0.0622794           0           0
   0.0668926           0           0           0
   0.0668926           0           0
   0.0715059           0           0           0
   0.0715059           0           0
   0.0761192           0           0           0
   0.0761192           0           0
   0.0807325           0           0           0
   0.0807325           0           0
   0.0853458           0           0           0
   0.0853458           0           0
   0.0899591           0           0           0
   0.0899591           0           0
   0.0945724           0           0           0
   0.0945724           0           0
   0.0991856           0           0           0
   0.0991856           0           0
    0.103799           0           0           0
    0.103799           0           0
    0.108412           0           0           0
    0.108412           0           0
    0.113026           0           0           0
    0.113026           0           0
    0.117639           0           0           0
    0.117639           0           0
    0.122252           0           0           0
    0.122252           0           0
    0.126865           0           0           0
    0.126865           0           0
    0.131479           0           0           0
    0.131479           0           0
    0.136092           0           0           0
    0.136092           0           0
    0.140705           0           0           0
    0.140705           0           0
    0.145319           0           0           0
    0.145319           0           0
    0.149932           0           0           0
    0.149932           0           0
    0.154545           0           0           0
    0.154545           0           0
    0.159158           0           0           0
    0.159158           0           0
    0.163772           0           0           0
    0.163772           0           0
    0.168385           0           0           0
    0.168385           0           0
    0.172998           0           0           0
    0.172998           0           0
    0.177612           0           0           0
    0.177612           0           0
    0.182225           0           0           0
    0.182225           0           0
    0.186838           0           0           0
    0.186838           0           0
    0.191451           0           0           0
    0.191451           0           0
    0.196065           0           0           0
    0.196065           0           0
    0.200678           0           0           0
    0.200678           0           0
    0.205291           0           0           0
    0.205291           0           0
    0.209905           0           0           0
    0.209905           0           0
    0.214518           0           0           0
    0.214518           0           0
    0.219131           0           0           0
    0.219131           0           0
    0.223744           0           0           0
    0.223744           0           0
    0.228358           0           0           0
    0.228358           0           0
    0.232971           0           0           0
    0.232971           0           0
    0.237584           0           0           0
    0.237584           0           0
    0.242198           0           0           0
    0.242198           0           0
    0.246811           0           0           0
    0.246811           0           0
    0.251424           0           0           0
    0.251424           0           0
    0.256037           0           0           0
    0.256037           0           0
    0.260651           0           0           0
    0.260651           0           0
    0.265264           0           0           0
    0.265264           0           0
    0.269877           0           0           0
    0.269877           0           0
    0.274491           0           0           0
    0.274491           0           0
    0.279104           0           0           0
    0.279104           0           0
    0.283717           0           0           0
    0.283717           0           0
     0.28833           0           0           0
     0.28833           0           0
    0.292944           0           0           0
    0.292944           0           0
    0.297557           0           0           0
    0.297557           0           0
     0.30217           0           0           0
     0.30217           0           0
    0.306784           0           0           0
    0.306784           0           0
    0.311397           0           0           0
    0.311397           0           0
     0.31601           0           0           0
     0.31601           0           0
    0.320623           0           0           0
    0.320623           0           0
    0.325237           0           0           0
    0.325237           0           0
     0.32985           0           0           0
     0.32985           0           0
    0.334463           0           0           0
    0.334463           0           0
    0.339077           0           0           0
    0.339077           0           0
     0.34369           0           0           0
     0.34369           0           0
    0.348303           0           0           0
    0.348303           0           0
    0.352916           0           0           0
    0.352916           0           0
     0.35753           0           0           0
     0.35753           0           0
    0.362143           0           0           0
    0.362143           0           0
    0.366756           0           0           0
    0.366756           0           0
     0.37137           0           0           0
     0.37137           0           0
    0.375983           0           0           0
    0.375983           0           0
    0.380596           0           0           0
    0.380596           0           0
    0.385209           0           0           0
    0.385209           0           0
    0.389823           0           0           0
    0.389823           0           0
    0.394436           0           0           0
    0.394436           0           0
    0.399049           0           0           0
    0.399049           0           0
    0.403663           0           0           0
    0.403663           0           0
    0.408276           0           0           0
    0.408276           0           0
    0.412889           0           0           0
    0.412889           0           0
    0.417502           0           0           0
    0.417502           0           0
    0.422116           0           0           0
    0.422116           0           0
    0.426729           0           0           0
    0.426729           0           0
    0.431342           0           0           0
    0.431342           0           0
    0.435956           0           0           0
    0.435956           0           0
    0.440569           0           0           0
    0.440569           0           0
    0.445182           0           0           0
    0.445182           0           0
    0.449795           0           0           0
    0.449795           0           0
    0.454409           0           0           0
    0.454409           0           0
    0.459022           0           0           0
    0.459022           0           0
    0.463635           0           0           0
    0.463635           0           0
    0.468249           0           0           0
    0.468249           0           0
    0.472862           0           0           0
    0.472862           0           0
    0.477475           0           0           0
    0.477475           0           0
    0.482088           0           0           0
    0.482088           0           0
    0.486702           0           0           0
    0.486702           0           0
    0.491315           0           0           0
    0.491315           0           0
    0.495928           0           0           0
    0.495928           0           0
    0.500542           0           0           0
    0.500542           0           0
    0.505155           0           0           0
    0.505155           0           0
    0.509768           0           0           0
    0.509768           0           0
    0.514381           0           0           0
    0.514381           0           0
    0.518995           0           0           0
    0.518995           0           0
    0.523608           0           0           0
    0.523608           0           0
    0.528221           0           0           0
    0.528221           0           0
    0.532835           0           0           0
    0.532835           0           0
    0.537448           0           0           0
    0.537448           0           0
    0.542061           0           0           0
    0.542061           0           0
    0.546674           0           0           0
    0.546674           0           0
    0.551288           0           0           0
    0.551288           0           0
    0.555901           0           0           0
    0.555901           0           0
    0.560514           0           0           0
    0.560514           0           0
    0.565128           0           0           0
    0.565128           0           0
    0.569741           0           0           0
    0.569741           0           0
    0.574354           0           0           0
    0.574354           0           0
    0.578967           0           0           0
    0.578967           0           0
    0.583581           0           0           0
    0.583581           0           0
    0.588194           0           0           0
    0.588194           0           0
    0.592807           0           0           0
    0.592807           0           0
    0.597421           0           0           0
    0.597421           0           0
    0.602034           0           0           0
    0.602034           0           0
    0.606647           0           0           0
    0.606647           0           0
     0.61126           0           0           0
     0.61126           0           0
    0.615874           0           0           0
    0.615874           0           0
    0.620487           0           0           0
    0.620487           0           0
      0.6251           0           0           0
      0.6251           0           0
    0.629714           0           0           0
    0.629714           0           0
    0.634327           0           0           0
    0.634327           0           0
     0.63894           0           0           0
     0.63894           0           0
    0.643553           0           0           0
    0.643553           0           0
    0.648167           0           0           0
    0.648167           0           0
     0.65278           0           0           0
     0.65278           0           0
    0.657393           0           0           0
    0.657393           0           0
    0.662007           0           0           0
    0.662007           0           0
     0.66662           0           0           0
     0.66662           0           0
    0.671233           0           0           0
    0.671233           0           0
    0.675846           0           0           0
    0.675846           0           0
     0.68046           0           0           0
     0.68046           0           0
    0.685073           0           0           0
    0.685073           0           0
    0.689686           0           0           0
    0.689686           0           0
      0.6943           0           0           0
      0.6943           0           0
    0.698913           0           0           0
    0.698913           0           0
    0.703526           0           0           0
    0.703526           0           0
    0.708139           0           0           0
    0.708139           0           0
    0.712753           0           0           0
    0.712753           0           0
    0.717366           0           0           0
    0.717366           0           0
    0.721979           0           0           0
    0.721979           0           0
    0.726593           0           0           0
    0.726593           0           0
    0.731206           0           0           0
    0.731206           0           0
    0.735819           0           0           0
    0.735819           0           0
    0.740432           0           0           0
    0.740432           0           0
    0.745046           0           0           0
    0.745046           0           0
    0.749659           0           0           0
    0.749659           0           0
    0.754272           0           0           0
    0.754272           0           0
    0.758886           0           0           0
    0.758886           0           0
    0.763499           0           0           0
    0.763499           0           0
    0.768112           0           0           0
    0.768112           0           0
    0.772725           0           0           0
    0.772725           0           0
    0.777339           0           0           0
    0.777339           0           0
    0.781952           0           0           0
    0.781952           0           0
    0.786565           0           0           0
    0.786565           0           0
    0.791179           0           0           0
    0.791179           0           0
    0.795792           0           0           0
    0.795792           0           0
    0.800405           0           0           0
    0.800405           0           0
    0.805018           0           0           0
    0.805018           0           0
    0.809632           0           0           0
    0.809632           0           0
    0.814245           0           0           0
    0.814245           0           0
    0.818858           0           0           0
    0.818858           0           0
    0.823472           0           0           0
    0.823472           0           0
    0.828085           0           0           0
    0.828085           0           0
    0.832698           0           0           0
    0.832698           0           0
    0.837311           0           0           0
    0.837311           0           0
    0.841925           0           0           0
    0.841925           0           0
    0.846538           0           0           0
    0.846538           0           0
    0.851151           0           0           0
    0.851151           0           0
    0.855765           0           0           0
    0.855765           0           0
    0.860378           0           0           0
    0.860378           0           0
    0.864991           0           0           0
    0.864991           0           0
    0.869604           0           0           0
    0.869604           0           0
    0.874218           0           0           0
    0.874218           0           0
    0.878831           0 1.50398e-05 8.96099e-06
    0.878831 1.50398e-05 8.96099e-06
    0.883444           0 1.11623e-05 8.16879e-06
    0.883444 1.11623e-05 8.16879e-06
    0.888058           0 2.94578e-05 1.20561e-05
    0.888058 2.94578e-05 1.20561e-05
    0.892671           0 4.37312e-05 1.10054e-05
    0.892671 4.37312e-05 1.10054e-05
    0.897284           0 0.000216413 4.73039e-05
    0.897284 0.000216413 4.73039e-05
    0.901897 0.000178504 0.000503382 5.83771e-05
    0.901897 0.000503382 5.83771e-05
    0.906511  0.00159023  0.00106369  0.00010076
    0.906511  0.00106369  0.00010076
    0.911124  0.00139926  0.00219683 0.000127398
    0.911124  0.00219683 0.000127398
    0.915737  0.00467503  0.00478238 0.000188336
    0.915737  0.00478238 0.000188336
    0.920351  0.00737097  0.00835833 0.000255387
    0.920351  0.00835833 0.000255387
    0.924964   0.0156135   0.0144798 0.000370842
    0.924964   0.0144798 0.000370842
    0.929577   0.0231884   0.0237362 0.000445555
    0.929577   0.0237362 0.000445555
     0.93419   0.0346063   0.0396109   0.0006573
     0.93419   0.0396109   0.0006573
    0.938804   0.0658981   0.0638058 0.000741555
    0.938804   0.0638058 0.000741555
    0.943417    0.091031   0.0950279 0.000780519
    0.943417   0.0950279 0.000780519
     0.94803    0.136513    0.137098  0.00125063
     0.94803    0.137098  0.00125063
    0.952644    0.202711    0.196507    0.001292
    0.952644    0.196507    0.001292
    0.957257    0.300747    0.270397  0.00149865
    0.957257    0.270397  0.00149865
     0.96187    0.389051    0.368043  0.00188708
     0.96187    0.368043  0.00188708
    0.966483    0.480166    0.482234  0.00207411
    0.966483    0.482234  0.00207411
    0.971097    0.641903    0.627307  0.00224443
    0.971097    0.627307  0.00224443
     0.97571    0.789128    0.789586  0.00266855
     0.97571    0.789586  0.00266855
    0.980323    0.980245    0.981931  0.00307312
    0.980323    0.981931  0.00307312
    0.984937      1.1932     1.19064  0.00340319
    0.984937     1.19064  0.00340319
     0.98955     1.47258     1.43053  0.00351214
     0.98955     1.43053  0.00351214
    0.994163     1.70179     1.67408  0.00375292
    0.994163     1.67408  0.00375292
    0.998776     1.97867     1.94843  0.00435689
    0.998776     1.94843  0.00435689
     1.00339     2.29756     2.22979  0.00413474
     1.00339     2.22979  0.00413474
       1.008     2.48393     2.51878  0.00499825
       1.008     2.51878  0.00499825
     1.01262     2.82937     2.80749  0.00509964
     1.01262     2.80749  0.00509964
     1.01723     3.08806     3.09839  0.00499342
     1.01723     3.09839  0.00499342
     1.02184     3.36422     3.36907  0.00455655
     1.02184     3.36907  0.00455655
     1.02646     3.64233      3.6351  0.00508524
     1.02646      3.6351  0.00508524
     1.03107      3.8842     3.89161  0.00467123
     1.03107     3.89161  0.00467123
     1.03568     4.12216     4.11651  0.00439176
     1.03568     4.11651  0.00439176
      1.0403      4.2982      4.3244  0.00499458
      1.0403      4.3244  0.00499458
     1.04491     4.45011     4.50142  0.00466006
     1.04491     4.50142  0.00466006
     1.04952     4.62884     4.63451  0.00502812
     1.04952     4.63451  0.00502812
     1.05414     4.73868     4.76058  0.00576941
     1.05414     4.76058  0.00576941
     1.05875      4.8577     4.84271  0.00479948
     1.05875     4.84271  0.00479948
     1.06336     4.87292     4.90511  0.00566519
     1.06336     4.90511  0.00566519
     1.06798     4.89367      4.9289  0.00682866
     1.06798      4.9289  0.00682866
     1.07259     4.90858     4.92747  0.00633537
     1.07259     4.92747  0.00633537
      1.0772     4.83385     4.88888  0.00599982
      1.0772     4.88888  0.00599982
     1.08182     4.84134     4.83429  0.00550359
     1.08182     4.83429  0.00550359
     1.08643     4.69944     4.74549   0.0058581
     1.08643     4.74549   0.0058581
     1.09104     4.64746     4.64115  0.00538397
     1.09104     4.64115  0.00538397
     1.09566       4.505     4.50724  0.00488648
     1.09566     4.50724  0.00488648
     1.10027     4.36091     4.36736  0.00499411
     1.10027     4.36736  0.00499411
     1.10488     4.26236     4.20895  0.00512081
     1.10488     4.20895  0.00512081
      1.1095     4.01066     4.03776  0.00384924
      1.1095     4.03776  0.00384924
     1.11411     3.81316     3.85112  0.00541827
     1.11411     3.85112  0.00541827
     1.11872     3.65497     3.66987  0.00440075
     1.11872     3.66987  0.00440075
     1.12334     3.44873     3.47676  0.00427854
     1.12334     3.47676  0.00427854
     1.12795     3.33362     3.27845  0.00475886
     1.12795     3.27845  0.00475886
     1.13256     3.06654     3.07661   0.0047837
     1.13256     3.07661   0.0047837
     1.13717     2.83589     2.88653  0.00418488
     1.13717     2.88653  0.00418488
     1.14179     2.69229     2.69304  0.00425388
     1.14179     2.69304  0.00425388
      1.1464     2.49699     2.50308  0.00355243
      1.1464     2.50308  0.00355243
     1.15101     2.32226     2.32072    0.003281
     1.15101     2.32072    0.003281
     1.15563     2.16079     2.14726  0.00274044
     1.15563     2.14726  0.00274044
     1.16024     2.00471      1.9731  0.00318646
     1.16024      1.9731  0.00318646
     1.16485     1.76778     1.81485  0.00291387
     1.16485     1.81485  0.00291387
     1.16947       1.658     1.65513  0.00259218
     1.16947     1.65513  0.00259218
     1.17408     1.51427     1.51009  0.00294806
     1.17408     1.51009  0.00294806
     1.17869      1.3648     1.37211  0.00265736
     1.17869     1.37211  0.00265736
     1.18331     1.25505     1.24277  0.00281581
     1.18331     1.24277  0.00281581
     1.18792     1.13502     1.11782  0.00213076
     1.18792     1.11782  0.00213076
     1.19253     1.02977     1.01632  0.00210855
     1.19253     1.01632  0.00210855
     1.19715     0.92479     0.90833  0.00210905
     1.19715     0.90833  0.00210905
     1.20176    0.823902     0.81684  0.00229461
     1.20176     0.81684  0.00229461
     1.20637     0.72772    0.728323  0.00166567
     1.20637    0.728323  0.00166567
     1.21099    0.640997    0.646869  0.00170926
     1.21099    0.646869  0.00170926
      1.2156     0.58986    0.576693  0.00176128
      1.2156    0.576693  0.00176128
     1.22021    0.502322    0.510847  0.00161227
     1.22021    0.510847  0.00161227
     1.22483    0.461283    0.451933   0.0017785
     1.22483    0.451933   0.0017785
     1.22944    0.402592    0.394581  0.00130491
     1.22944    0.394581  0.00130491
     1.23405    0.354013    0.346969  0.00140782
     1.23405    0.346969  0.00140782
     1.23867    0.311256    0.306286  0.00139398
     1.23867    0.306286  0.00139398
     1.24328    0.259165    0.268703  0.00123618
     1.24328    0.268703  0.00123618
     1.24789    0.234968    0.233776  0.00130808
     1.24789    0.233776  0.00130808
     1.25251     0.19557    0.203785  0.00105738
     1.25251    0.203785  0.00105738
     1.25712    0.174935    0.176094  0.00112243
     1.25712    0.176094  0.00112243
     1.26173    0.157605    0.153155   0.0011394
     1.26173    0.153155   0.0011394
     1.26635    0.137083    0.131974 0.000986574
     1.26635    0.131974 0.000986574
     1.27096    0.114157    0.115228 0.000884309
     1.27096    0.115228 0.000884309
     1.27557     0.10075    0.101025 0.000626308
     1.27557    0.101025 0.000626308
     1.28019   0.0924061   0.0874252 0.000757177
     1.28019   0.0874252 0.000757177
      1.2848    0.081892   0.0763293 0.000719231
      1.2848   0.0763293 0.000719231
     1.28941   0.0685564   0.0666997 0.000745699
     1.28941   0.0666997 0.000745699
     1.29403   0.0632126   0.0589066 0.000676663
     1.29403   0.0589066 0.000676663
     1.29864    0.058029   0.0532868 0.000563957
     1.29864   0.0532868 0.000563957
     1.30325   0.0536865   0.0486974 0.000583546
     1.30325   0.0486974 0.000583546
     1.30787   0.0505072   0.0447044 0.000641508
     1.30787   0.0447044 0.000641508
     1.31248   0.0499842   0.0425228 0.000608444
     1.31248   0.0425228 0.000608444
     1.31709   0.0477095    0.041288 0.000615278
     1.31709    0.041288 0.000615278
     1.32171   0.0452991   0.0405597 0.000550073
     1.32171   0.0405597 0.000550073
     1.32632   0.0395368   0.0414336 0.000595864
     1.32632   0.0414336 0.000595864
     1.33093   0.0423781   0.0431191 0.000540698
     1.33093   0.0431191 0.000540698
     1.33555   0.0490865   0.0462521 0.000583032
     1.33555   0.0462521 0.000583032
     1.34016   0.0521446   0.0493668 0.000589208
     1.34016   0.0493668 0.000589208
     1.34477   0.0570867   0.0541384 0.000608745
     1.34477   0.0541384 0.000608745
     1.34939   0.0629967   0.0599218 0.000706475
     1.34939   0.0599218 0.000706475
       1.354   0.0647065   0.0659373 0.000656932
       1.354   0.0659373 0.000656932
     1.35861   0.0728421   0.0731662 0.000712324
     1.35861   0.0731662 0.000712324
     1.36323   0.0888357   0.0827368 0.000696193
     1.36323   0.0827368 0.000696193
     1.36784    0.100111   0.0944879 0.000745803
     1.36784   0.0944879 0.000745803
     1.37245    0.109537    0.104001  0.00092383
     1.37245    0.104001  0.00092383
     1.37707    0.116308    0.117059 0.000843882
     1.37707    0.117059 0.000843882
     1.38168    0.134396    0.131744 0.000769972
     1.38168    0.131744 0.000769972
     1.38629     0.15496    0.147027 0.000924718
     1.38629    0.147027 0.000924718
     1.39091    0.170971    0.164917 0.000971647
     1.39091    0.164917 0.000971647
     1.39552    0.186916    0.181628  0.00105896
     1.39552    0.181628  0.00105896
     1.40013    0.209165    0.203049 0.000908027
     1.40013    0.203049 0.000908027
     1.40475    0.240758    0.224046  0.00109806
     1.40475    0.224046  0.00109806
     1.40936     0.25417    0.247559 0.000963671
     1.40936    0.247559 0.000963671
     1.41397    0.268419    0.271519 0.000947397
     1.41397    0.271519 0.000947397
     1.41859    0.302897    0.298836  0.00120204
     1.41859    0.298836  0.00120204
      1.4232    0.327388    0.327802  0.00113308
      1.4232    0.327802  0.00113308
     1.42781    0.348067    0.355633  0.00103988
     1.42781    0.355633  0.00103988
     1.43243    0.393029    0.385589  0.00105876
     1.43243    0.385589  0.00105876
     1.43704    0.422642    0.420373  0.00111273
     1.43704    0.420373  0.00111273
     1.44165    0.456829     0.45371  0.00133916
     1.44165     0.45371  0.00133916
     1.44627    0.498901    0.485187  0.00130602
     1.44627    0.485187  0.00130602
     1.45088     0.53105    0.521657  0.00114373
     1.45088    0.521657  0.00114373
     1.45549    0.570184    0.556422  0.00149832
     1.45549    0.556422  0.00149832
      1.4601    0.595736    0.592778  0.00137492
      1.4601    0.592778  0.00137492
     1.46472    0.628875    0.628413  0.00153372
     1.46472    0.628413  0.00153372
     1.46933    0.656945    0.663572  0.00166129
     1.46933    0.663572  0.00166129
     1.47394    0.697886    0.702587  0.00127129
     1.47394    0.702587  0.00127129
     1.47856    0.731064    0.732696  0.00153177
     1.47856    0.732696  0.00153177
     1.48317    0.763948    0.766201  0.00129788
     1.48317    0.766201  0.00129788
     1.48778    0.798379    0.795831  0.00137421
     1.48778    0.795831  0.00137421
      1.4924    0.840715     0.82594  0.00181577
      1.4924     0.82594  0.00181577
     1.49701    0.845713    0.856655  0.00152024
     1.49701    0.856655  0.00152024
     1.50162    0.871369    0.881295  0.00173885
     1.50162    0.881295  0.00173885
     1.50624    0.913399    0.904875  0.00153618
     1.50624    0.904875  0.00153618
     1.51085    0.903186    0.923959  0.00191345
     1.51085    0.923959  0.00191345
     1.51546    0.929181    0.940615  0.00182647
     1.51546    0.940615  0.00182647
     1.52008    0.950947    0.954101  0.00216746
     1.52008    0.954101  0.00216746
     1.52469     0.95582    0.961927  0.00218536
     1.52469    0.961927  0.00218536
      1.5293    0.960057    0.968543  0.00177434
      1.5293    0.968543  0.00177434
     1.53392    0.933803    0.972206  0.00251794
     1.53392    0.972206  0.00251794
     1.53853    0.968083    0.974313  0.00181178
     1.53853    0.974313  0.00181178
     1.54314    0.945109    0.968078  0.00178622
     1.54314    0.968078  0.00178622
     1.54776    0.958212    0.960318  0.00208844
     1.54776    0.960318  0.00208844
     1.55237    0.936077    0.948763  0.00190527
     1.55237    0.948763  0.00190527
     1.55698    0.906699    0.932485  0.00183506
     1.55698    0.932485  0.00183506
      1.5616    0.897777    0.916431  0.00197793
      1.5616    0.916431  0.00197793
     1.56621    0.885749    0.890805  0.00162845
     1.56621    0.890805  0.00162845
     1.57082    0.861547      0.8682  0.00182641
     1.57082      0.8682  0.00182641
     1.57544    0.825152    0.841585  0.00189278
     1.57544    0.841585  0.00189278
     1.58005    0.805801     0.81073  0.00179355
     1.58005     0.81073  0.00179355
     1.58466    0.775617    0.778685  0.00158122
     1.58466    0.778685  0.00158122
     1.58928    0.745941    0.746162    0.001196
     1.58928    0.746162    0.001196
     1.59389    0.718311    0.712334  0.00147167
     1.59389    0.712334  0.00147167
      1.5985    0.681724    0.677904 0.000935086
      1.5985    0.677904 0.000935086
     1.60312    0.631647     0.64079  0.00131045
     1.60312     0.64079  0.00131045
     1.60773    0.611681    0.606087  0.00117258
     1.60773    0.606087  0.00117258
     1.61234    0.572495    0.567225  0.00110513
     1.61234    0.567225  0.00110513
     1.61696    0.543187    0.534731  0.00130142
     1.61696    0.534731  0.00130142
     1.62157    0.501282    0.499012  0.00124124
     1.62157    0.499012  0.00124124
     1.62618    0.465553    0.466321  0.00100903
     1.62618    0.466321  0.00100903
      1.6308    0.438955    0.431883  0.00123754
      1.6308    0.431883  0.00123754
     1.63541    0.405971    0.400946  0.00109229
     1.63541    0.400946  0.00109229
     1.64002    0.374863    0.369326  0.00125875
     1.64002    0.369326  0.00125875
     1.64464    0.349465    0.340654  0.00106895
     1.64464    0.340654  0.00106895
     1.64925    0.315538    0.315068 0.000994227
     1.64925    0.315068 0.000994227
     1.65386    0.301836    0.291505   0.0010966
     1.65386    0.291505   0.0010966
     1.65848    0.272339    0.266507  0.00110138
     1.65848    0.266507  0.00110138
     1.66309    0.256446    0.247951 0.000881257
     1.66309    0.247951 0.000881257
      1.6677    0.237279    0.231792  0.00107747
      1.6677    0.231792  0.00107747
     1.67232    0.223823    0.217168 0.000876232
     1.67232    0.217168 0.000876232
     1.67693    0.208032    0.204919  0.00102763
     1.67693    0.204919  0.00102763
     1.68154    0.194825    0.196364 0.000992997
     1.68154    0.196364 0.000992997
     1.68616     0.19805    0.189929  0.00102081
     1.68616    0.189929  0.00102081
     1.69077    0.194533    0.187942 0.000871388
     1.69077    0.187942 0.000871388
     1.69538    0.195648    0.188283  0.00100482
     1.69538    0.188283  0.00100482
         1.7     0.19509    0.192714  0.00118593
         1.7    0.192714  0.00118593
     1.70461    0.207327    0.202098  0.00116481
     1.70461    0.202098  0.00116481
     1.70922    0.211727    0.212951  0.00118833
     1.70922    0.212951  0.00118833
     1.71384    0.226605    0.229993 0.000977101
     1.71384    0.229993 0.000977101
     1.71845    0.259316    0.251764  0.00123268
     1.71845    0.251764  0.00123268
     1.72306     0.26776    0.274224  0.00149481
     1.72306    0.274224  0.00149481
     1.72768    0.310988    0.305449  0.00137117
     1.72768    0.305449  0.00137117
     1.73229    0.344559     0.34217  0.00132761
     1.73229     0.34217  0.00132761
      1.7369    0.392641    0.382355  0.00162032
      1.7369    0.382355  0.00162032
     1.74152    0.438678    0.429099  0.00160379
     1.74152    0.429099  0.00160379
     1.74613     0.48951    0.479742  0.00145988
     1.74613    0.479742  0.00145988
     1.75074    0.552306    0.537561  0.00146497
     1.75074    0.537561  0.00146497
     1.75536     0.62306    0.601174  0.00166257
     1.75536    0.601174  0.00166257
     1.75997    0.672159    0.668406  0.00197771
     1.75997    0.668406  0.00197771
     1.76458    0.737897    0.742641  0.00200738
     1.76458    0.742641  0.00200738
      1.7692    0.826738    0.822926  0.00154322
      1.7692    0.822926  0.00154322
     1.77381    0.925122    0.909428  0.00181968
     1.77381    0.909428  0.00181968
     1.77842     1.00554    0.997668  0.00193286
     1.77842    0.997668  0.00193286
     1.78303      1.0862     1.09626  0.00158966
     1.78303     1.09626  0.00158966
     1.78765     1.20655     1.19338  0.00173724
     1.78765     1.19338  0.00173724
     1.79226     1.30051     1.29772  0.00164053
     1.79226     1.29772  0.00164053
     1.79687     1.39265     1.40155  0.00158451
     1.79687     1.40155  0.00158451
     1.80149     1.51437     1.51058  0.00169781
     1.80149     1.51058  0.00169781
      1.8061     1.61557     1.61666  0.00196604
      1.8061     1.61666  0.00196604
     1.81071     1.73635     1.72478  0.00194602
     1.81071     1.72478  0.00194602
     1.81533     1.84086      1.8349  0.00197471
     1.81533      1.8349  0.00197471
     1.81994     1.96319     1.94357  0.00195704
     1.81994     1.94357  0.00195704
     1.82455     2.05717     2.04635  0.00203203
     1.82455     2.04635  0.00203203
     1.82917     2.14774     2.14479   0.0026193
     1.82917     2.14479   0.0026193
     1.83378     2.25111     2.24153  0.00246663
     1.83378     2.24153  0.00246663
     1.83839     2.33155     2.33004  0.00211449
     1.83839     2.33004  0.00211449
     1.84301     2.40924     2.40941  0.00205907
     1.84301     2.40941  0.00205907
     1.84762     2.43886     2.48251  0.00293981
     1.84762     2.48251  0.00293981
     1.85223     2.52314     2.54854  0.00267809
     1.85223     2.54854  0.00267809
     1.85685     2.59017     2.60727  0.00294961
     1.85685     2.60727  0.00294961
     1.86146     2.63723      2.6534  0.00309897
     1.86146      2.6534  0.00309897
     1.86607      2.6812     2.68315  0.00353501
     1.86607     2.68315  0.00353501
     1.87069     2.68928     2.71532  0.00304862
     1.87069     2.71532  0.00304862
      1.8753     2.72945     2.72453  0.00362407
      1.8753     2.72453  0.00362407
     1.87991     2.69746     2.72774  0.00334204
     1.87991     2.72774  0.00334204
     1.88453     2.67061     2.71337  0.00330657
     1.88453     2.71337  0.00330657
     1.88914      2.6894     2.69046  0.00339089
     1.88914     2.69046  0.00339089
     1.89375      2.6566     2.66123  0.00293244
     1.89375     2.66123  0.00293244
     1.89837     2.59451     2.62112  0.00318929
     1.89837     2.62112  0.00318929
     1.90298     2.55568     2.57056  0.00323941
     1.90298     2.57056  0.00323941
     1.90759     2.47806     2.50422  0.00280088
     1.90759     2.50422  0.00280088
     1.91221     2.41409     2.43907  0.00268985
     1.91221     2.43907  0.00268985
     1.91682     2.35597     2.35541  0.00244086
     1.91682     2.35541  0.00244086
     1.92143      2.2788     2.27389  0.00283441
     1.92143     2.27389  0.00283441
     1.92605     2.16268     2.18213  0.00227216
     1.92605     2.18213  0.00227216
     1.93066      2.0796     2.09118  0.00239457
     1.93066     2.09118  0.00239457
     1.93527     1.98595     1.99673  0.00225283
     1.93527     1.99673  0.00225283
     1.93989     1.88145     1.89505  0.00185613
     1.93989     1.89505  0.00185613
      1.9445     1.79143     1.79414  0.00200089
      1.9445     1.79414  0.00200089
     1.94911     1.67644     1.68889  0.00184469
     1.94911     1.68889  0.00184469
     1.95373     1.60546      1.5872  0.00197562
     1.95373      1.5872  0.00197562
     1.95834     1.48114     1.48651  0.00159643
     1.95834     1.48651  0.00159643
     1.96295     1.41616     1.38633  0.00184983
     1.96295     1.38633  0.00184983
     1.96757     1.29198     1.29329  0.00157243
     1.96757     1.29329  0.00157243
     1.97218      1.2108     1.19757  0.00152008
     1.97218     1.19757  0.00152008
     1.97679     1.09977     1.10713  0.00149131
     1.97679     1.10713  0.00149131
     1.98141     1.04258     1.02093  0.00146611
     1.98141     1.02093  0.00146611
     1.98602    0.963164    0.943795  0.00141821
     1.98602    0.943795  0.00141821
     1.99063    0.871607     0.86847  0.00166563
     1.99063     0.86847  0.00166563
     1.99525    0.807036    0.798225  0.00149499
     1.99525    0.798225  0.00149499
     1.99986    0.747915     0.73231  0.00160484
     1.99986     0.73231  0.00160484
     2.00447    0.701762    0.674762  0.00162875
     2.00447    0.674762  0.00162875
     2.00909    0.623433    0.621639  0.00145029
     2.00909    0.621639  0.00145029
      2.0137    0.566582    0.575976  0.00151408
      2.0137    0.575976  0.00151408
     2.01831    0.544605    0.535403  0.00158501
     2.01831    0.535403  0.00158501
     2.02293    0.503058    0.503637  0.00170947
     2.02293    0.503637  0.00170947
     2.02754    0.493813    0.475755  0.00168577
     2.02754    0.475755  0.00168577
     2.03215    0.458945    0.452967  0.00131207
     2.03215    0.452967  0.00131207
     2.03677    0.448013    0.438791  0.00152496
     2.03677    0.438791  0.00152496
     2.04138    0.430381    0.428316  0.00137769
     2.04138    0.428316  0.00137769
     2.04599    0.432674    0.424276  0.00157654
     2.04599    0.424276  0.00157654
     2.05061    0.433526     0.42637   0.0014259
     2.05061     0.42637   0.0014259
     2.05522    0.436842    0.430546  0.00135235
     2.05522    0.430546  0.00135235
     2.05983    0.453675     0.44241  0.00162449
     2.05983     0.44241  0.00162449
     2.06445    0.467219    0.457281  0.00136096
     2.06445    0.457281  0.00136096
     2.06906    0.477857    0.475518  0.00112524
     2.06906    0.475518  0.00112524
     2.07367     0.49552    0.498935   0.0013225
     2.07367    0.498935   0.0013225
     2.07829    0.534402    0.524919  0.00123425
     2.07829    0.524919  0.00123425
      2.0829    0.557306    0.554223  0.00118434
      2.0829    0.554223  0.00118434
     2.08751    0.586532    0.585013  0.00117275
     2.08751    0.585013  0.00117275
     2.09213    0.604051    0.617018 0.000955572
     2.09213    0.617018 0.000955572
     2.09674    0.654372    0.650487 0.000917845
     2.09674    0.650487 0.000917845
     2.10135    0.677348    0.686504  0.00111652
     2.10135    0.686504  0.00111652
     2.10596    0.719006    0.723942 0.000935516
     2.10596    0.723942 0.000935516
     2.11058    0.758045    0.759255  0.00106195
     2.11058    0.759255  0.00106195
     2.11519    0.790085    0.794442  0.00105649
     2.11519    0.794442  0.00105649
      2.1198    0.827913    0.826736  0.00109573
      2.1198    0.826736  0.00109573
     2.12442    0.862799    0.859162  0.00116336
     2.12442    0.859162  0.00116336
     2.12903    0.886196     0.89129  0.00104207
     2.12903     0.89129  0.00104207
     2.13364    0.925171    0.920478  0.00141722
     2.13364    0.920478  0.00141722
     2.13826    0.973392    0.948722  0.00114278
     2.13826    0.948722  0.00114278
     2.14287    0.970723    0.970221  0.00126659
     2.14287    0.970221  0.00126659
     2.14748    0.968162    0.988438  0.00148314
     2.14748    0.988438  0.00148314
      2.1521     1.00919     1.00527  0.00152497
      2.1521     1.00527  0.00152497
     2.15671     1.03457     1.01937  0.00142895
     2.15671     1.01937  0.00142895
     2.16132     1.02987     1.02672   0.0014242
     2.16132     1.02672   0.0014242
     2.16594     1.00831      1.0332  0.00166143
     2.16594      1.0332  0.00166143
     2.17055      1.0159     1.03339  0.00159475
     2.17055     1.03339  0.00159475
     2.17516     1.03504     1.03433  0.00133213
     2.17516     1.03433  0.00133213
     2.17978     1.01257     1.02606  0.00146958
     2.17978     1.02606  0.00146958
     2.18439     1.01262     1.01634  0.00151543
     2.18439     1.01634  0.00151543
       2.189     1.00048     1.00424  0.00134047
       2.189     1.00424  0.00134047
     2.19362    0.969872    0.986677   0.0012153
     2.19362    0.986677   0.0012153
     2.19823    0.965505     0.96407  0.00132418
     2.19823     0.96407  0.00132418
     2.20284    0.912033    0.906221  0.00113312
     2.20284    0.906221  0.00113312
     2.20746    0.886682    0.883587  0.00119984
     2.20746    0.883587  0.00119984
     2.21207    0.863907    0.860789 0.000970575
     2.21207    0.860789 0.000970575
     2.21668    0.827899    0.836016  0.00100465
     2.21668    0.836016  0.00100465
      2.2213    0.809044     0.80832  0.00110751
      2.2213     0.80832  0.00110751
     2.22591    0.785356    0.780895 0.000864727
     2.22591    0.780895 0.000864727
     2.23052    0.764542    0.752694 0.000888069
     2.23052    0.752694 0.000888069
     2.23514    0.723286    0.726548 0.000958694
     2.23514    0.726548 0.000958694
     2.23975    0.706706    0.699307 0.000878384
     2.23975    0.699307 0.000878384
     2.24436    0.671086    0.676538 0.000914624
     2.24436    0.676538 0.000914624
     2.24898     0.64537    0.652104  0.00114671
     2.24898    0.652104  0.00114671
     2.25359    0.628664    0.630449  0.00100646
     2.25359    0.630449  0.00100646
      2.2582    0.616873     0.61041  0.00128267
      2.2582     0.61041  0.00128267
     2.26282    0.598792     0.59459   0.0012153
     2.26282     0.59459   0.0012153
     2.26743    0.587264    0.579123  0.00135725
     2.26743    0.579123  0.00135725
     2.27204    0.578103    0.568672   0.0013369
     2.27204    0.568672   0.0013369
     2.27666    0.569403    0.561821  0.00121479
     2.27666    0.561821  0.00121479
     2.28127    0.570004    0.556307  0.00148557
     2.28127    0.556307  0.00148557
     2.28588    0.564927    0.557174  0.00163935
     2.28588    0.557174  0.00163935
      2.2905    0.564093    0.561648  0.00162778
      2.2905    0.561648  0.00162778
     2.29511    0.588152    0.569063  0.00150208
     2.29511    0.569063  0.00150208
     2.29972      0.5962    0.580771  0.00177952
     2.29972    0.580771  0.00177952
     2.30434     0.60921    0.597328  0.00152463
     2.30434    0.597328  0.00152463
